{
 "cells": [
  {
   "cell_type": "code",
   "execution_count": 1,
   "metadata": {},
   "outputs": [],
   "source": [
    "from eval import *\n",
    "# 5 instances"
   ]
  },
  {
   "cell_type": "code",
   "execution_count": 2,
   "metadata": {},
   "outputs": [],
   "source": [
    "np.random.seed(0)"
   ]
  },
  {
   "cell_type": "code",
   "execution_count": 4,
   "metadata": {},
   "outputs": [
    {
     "name": "stdout",
     "output_type": "stream",
     "text": [
      "test different gamma\n",
      "density 0.5 type_number 30 dist_type poisson dist_hyperpara 30 gamma 1 testnum 3 save 0 algo_list ['OFF', 'SAM', 'SAMC', 'GRD']\n",
      "[[0.23955944 0.         0.         0.80190934 0.         0.\n",
      "  0.         0.         0.03924479 0.06631664 0.40420123 0.\n",
      "  0.         0.215905   0.36481933 0.         0.39453859 0.54817247\n",
      "  0.         0.14841874 0.02966113 0.         0.         0.\n",
      "  0.20447229 0.         0.         0.09625885 0.         0.        ]\n",
      " [0.         0.27320425 0.         0.23093189 0.6484606  0.\n",
      "  0.11122329 0.         0.         0.         0.         0.6989693\n",
      "  0.15063154 0.07657875 0.         0.         0.         0.\n",
      "  0.04767814 0.55765627 0.         0.35622879 0.13501758 0.19895286\n",
      "  0.         0.80774428 0.54651403 0.80882042 0.         0.67243146]\n",
      " [0.         0.         0.         0.00844166 0.         0.\n",
      "  0.55977166 0.         0.84016396 0.         0.42610875 0.\n",
      "  0.         0.03038403 0.3669806  0.         0.         0.41726379\n",
      "  0.         0.         0.         0.         0.         0.\n",
      "  0.         0.57707825 0.         0.4665739  0.60468337 0.34396437]\n",
      " [0.80190934 0.23093189 0.00844166 0.         0.08874815 0.\n",
      "  0.         0.89915218 0.24083496 0.         0.         0.\n",
      "  0.0972349  0.         0.55018088 0.         0.         0.69846712\n",
      "  0.         0.18191341 0.         0.         0.         0.15931093\n",
      "  0.         0.53765733 0.52756298 0.         0.         0.        ]\n",
      " [0.         0.6484606  0.         0.08874815 0.05732897 0.\n",
      "  0.70656953 0.         0.         0.19068651 0.         0.07481139\n",
      "  0.         0.46643184 0.27514727 0.0966494  0.7095944  0.02964875\n",
      "  0.79243705 0.24383595 0.         0.74535731 0.         0.01182533\n",
      "  0.44502621 0.20291549 0.18210188 0.95290779 0.36612384 0.        ]\n",
      " [0.         0.         0.         0.         0.         0.\n",
      "  0.         0.         0.         0.         0.         0.\n",
      "  0.         0.02431736 0.64991066 0.69646838 0.0759149  0.99318159\n",
      "  0.43495655 0.         0.00143393 0.         0.22703384 0.19244139\n",
      "  0.55121859 0.         0.07430804 0.         0.         0.07040748]\n",
      " [0.         0.11122329 0.55977166 0.         0.70656953 0.\n",
      "  0.         0.         0.24076754 0.01701936 0.15780155 0.\n",
      "  0.8770876  0.         0.07146105 0.57471341 0.         0.\n",
      "  0.07117977 0.         0.302658   0.81097916 0.         0.\n",
      "  0.         0.94926967 0.26909958 0.         0.09296584 0.81462779]\n",
      " [0.         0.         0.         0.89915218 0.         0.\n",
      "  0.         0.29346799 0.         0.         0.47546287 0.71789397\n",
      "  0.78919433 0.         0.         0.         0.49255062 0.\n",
      "  0.         0.         0.         0.75047085 0.47859879 0.\n",
      "  0.64849248 0.         0.02846124 0.63906794 0.         0.35323669]\n",
      " [0.03924479 0.         0.84016396 0.24083496 0.         0.\n",
      "  0.24076754 0.         0.         0.         0.40517415 0.94467795\n",
      "  0.08143113 0.16740904 0.         0.1393615  0.12721033 0.\n",
      "  0.         0.         0.         0.         0.27787925 0.\n",
      "  0.         0.         0.         0.10364482 0.42042505 0.36071848]\n",
      " [0.06631664 0.         0.         0.         0.19068651 0.\n",
      "  0.01701936 0.         0.         0.25067718 0.39506448 0.\n",
      "  0.43070133 0.         0.         0.51666989 0.17759933 0.32079081\n",
      "  0.8759011  0.71026499 0.         0.46567193 0.         0.\n",
      "  0.35296771 0.57150687 0.20618769 0.3898546  0.         0.01479657]\n",
      " [0.40420123 0.         0.42610875 0.         0.         0.\n",
      "  0.15780155 0.47546287 0.40517415 0.39506448 0.         0.\n",
      "  0.09582426 0.         0.         0.         0.         0.68733682\n",
      "  0.         0.         0.48547043 0.         0.06889784 0.20174471\n",
      "  0.         0.50121954 0.45030068 0.         0.59445231 0.0370876 ]\n",
      " [0.         0.6989693  0.         0.         0.07481139 0.\n",
      "  0.         0.71789397 0.94467795 0.         0.         0.\n",
      "  0.         0.52324106 0.90320902 0.98082838 0.02567372 0.\n",
      "  0.         0.71683414 0.04489662 0.         0.20925116 0.94523765\n",
      "  0.         0.27729276 0.37299444 0.         0.         0.        ]\n",
      " [0.         0.15063154 0.         0.0972349  0.         0.\n",
      "  0.8770876  0.78919433 0.08143113 0.43070133 0.09582426 0.\n",
      "  0.52583894 0.51699796 0.1156976  0.         0.         0.20287525\n",
      "  0.         0.         0.41333462 0.         0.         0.\n",
      "  0.51180998 0.59229667 0.         0.38544036 0.88006828 0.        ]\n",
      " [0.215905   0.07657875 0.03038403 0.         0.46643184 0.02431736\n",
      "  0.         0.         0.16740904 0.         0.         0.52324106\n",
      "  0.51699796 0.48495218 0.60084897 0.025372   0.         0.05767094\n",
      "  0.15046516 0.         0.02089405 0.30929044 0.38279571 0.23719952\n",
      "  0.         0.         0.         0.2183234  0.9011353  0.44713684]\n",
      " [0.36481933 0.         0.3669806  0.55018088 0.27514727 0.64991066\n",
      "  0.07146105 0.         0.         0.         0.         0.90320902\n",
      "  0.1156976  0.60084897 0.74891553 0.21521772 0.         0.\n",
      "  0.         0.79042908 0.         0.         0.38049909 0.\n",
      "  0.4706854  0.         0.         0.         0.         0.        ]\n",
      " [0.         0.         0.         0.         0.0966494  0.69646838\n",
      "  0.57471341 0.         0.1393615  0.51666989 0.         0.98082838\n",
      "  0.         0.025372   0.21521772 0.         0.03418055 0.\n",
      "  0.         0.         0.         0.         0.99327826 0.85217117\n",
      "  0.         0.         0.         0.         0.         0.32167323]\n",
      " [0.39453859 0.         0.         0.         0.7095944  0.0759149\n",
      "  0.         0.49255062 0.12721033 0.17759933 0.         0.02567372\n",
      "  0.         0.         0.         0.03418055 0.74495493 0.34340075\n",
      "  0.         0.         0.19523167 0.         0.53160399 0.62107351\n",
      "  0.3386388  0.79804955 0.         0.37210116 0.83864189 0.        ]\n",
      " [0.54817247 0.         0.41726379 0.69846712 0.02964875 0.99318159\n",
      "  0.         0.         0.         0.32079081 0.68733682 0.\n",
      "  0.20287525 0.05767094 0.         0.         0.34340075 0.77314251\n",
      "  0.         0.59433181 0.219588   0.         0.68438652 0.\n",
      "  0.30809734 0.22073683 0.         0.09629669 0.66785852 0.        ]\n",
      " [0.         0.04767814 0.         0.         0.79243705 0.43495655\n",
      "  0.07117977 0.         0.         0.8759011  0.         0.\n",
      "  0.         0.15046516 0.         0.         0.         0.\n",
      "  0.         0.         0.49157881 0.37598676 0.25822618 0.\n",
      "  0.         0.24755065 0.94760615 0.         0.         0.        ]\n",
      " [0.14841874 0.55765627 0.         0.18191341 0.24383595 0.\n",
      "  0.         0.         0.         0.71026499 0.         0.71683414\n",
      "  0.         0.         0.79042908 0.         0.         0.59433181\n",
      "  0.         0.         0.         0.         0.15180907 0.\n",
      "  0.49162127 0.3915864  0.42256378 0.         0.         0.        ]\n",
      " [0.02966113 0.         0.         0.         0.         0.00143393\n",
      "  0.302658   0.         0.         0.         0.48547043 0.04489662\n",
      "  0.41333462 0.02089405 0.         0.         0.19523167 0.219588\n",
      "  0.49157881 0.         0.59754349 0.         0.61800145 0.\n",
      "  0.47557326 0.39558625 0.59599649 0.10304524 0.29738127 0.07221393]\n",
      " [0.         0.35622879 0.         0.         0.74535731 0.\n",
      "  0.81097916 0.75047085 0.         0.46567193 0.         0.\n",
      "  0.         0.30929044 0.         0.         0.         0.\n",
      "  0.37598676 0.         0.         0.73064754 0.         0.\n",
      "  0.56112273 0.62978681 0.         0.         0.09493288 0.        ]\n",
      " [0.         0.13501758 0.         0.         0.         0.22703384\n",
      "  0.         0.47859879 0.27787925 0.         0.06889784 0.20925116\n",
      "  0.         0.38279571 0.38049909 0.99327826 0.53160399 0.68438652\n",
      "  0.25822618 0.15180907 0.61800145 0.         0.         0.\n",
      "  0.4205667  0.         0.63580951 0.69027054 0.         0.        ]\n",
      " [0.         0.19895286 0.         0.15931093 0.01182533 0.19244139\n",
      "  0.         0.         0.         0.         0.20174471 0.94523765\n",
      "  0.         0.23719952 0.         0.85217117 0.62107351 0.\n",
      "  0.         0.         0.         0.         0.         0.04122047\n",
      "  0.         0.88915569 0.51177642 0.         0.38826255 0.        ]\n",
      " [0.20447229 0.         0.         0.         0.44502621 0.55121859\n",
      "  0.         0.64849248 0.         0.35296771 0.         0.\n",
      "  0.51180998 0.         0.4706854  0.         0.3386388  0.30809734\n",
      "  0.         0.49162127 0.47557326 0.56112273 0.4205667  0.\n",
      "  0.         0.         0.         0.         0.54494372 0.        ]\n",
      " [0.         0.80774428 0.57707825 0.53765733 0.20291549 0.\n",
      "  0.94926967 0.         0.         0.57150687 0.50121954 0.27729276\n",
      "  0.59229667 0.         0.         0.         0.79804955 0.22073683\n",
      "  0.24755065 0.3915864  0.39558625 0.62978681 0.         0.88915569\n",
      "  0.         0.         0.         0.         0.         0.45657198]\n",
      " [0.         0.54651403 0.         0.52756298 0.18210188 0.07430804\n",
      "  0.26909958 0.02846124 0.         0.20618769 0.45030068 0.37299444\n",
      "  0.         0.         0.         0.         0.         0.\n",
      "  0.94760615 0.42256378 0.59599649 0.         0.63580951 0.51177642\n",
      "  0.         0.         0.59419022 0.54285097 0.76761191 0.4221409 ]\n",
      " [0.09625885 0.80882042 0.4665739  0.         0.95290779 0.\n",
      "  0.         0.63906794 0.10364482 0.3898546  0.         0.\n",
      "  0.38544036 0.2183234  0.         0.         0.37210116 0.09629669\n",
      "  0.         0.         0.10304524 0.         0.69027054 0.\n",
      "  0.         0.         0.54285097 0.         0.09026038 0.65574668]\n",
      " [0.         0.         0.60468337 0.         0.36612384 0.\n",
      "  0.09296584 0.         0.42042505 0.         0.59445231 0.\n",
      "  0.88006828 0.9011353  0.         0.         0.83864189 0.66785852\n",
      "  0.         0.         0.29738127 0.09493288 0.         0.38826255\n",
      "  0.54494372 0.         0.76761191 0.09026038 0.         0.        ]\n",
      " [0.         0.67243146 0.34396437 0.         0.         0.07040748\n",
      "  0.81462779 0.35323669 0.36071848 0.01479657 0.0370876  0.\n",
      "  0.         0.44713684 0.         0.32167323 0.         0.\n",
      "  0.         0.         0.07221393 0.         0.         0.\n",
      "  0.         0.45657198 0.4221409  0.65574668 0.         0.        ]]\n",
      "rmin 0\n",
      "[[0.23955944 0.         0.         0.80190934 0.         0.\n",
      "  0.         0.         0.03924479 0.06631664 0.40420123 0.\n",
      "  0.         0.215905   0.36481933 0.         0.39453859 0.54817247\n",
      "  0.         0.14841874 0.02966113 0.         0.         0.\n",
      "  0.20447229 0.         0.         0.09625885 0.         0.        ]\n",
      " [0.         0.27320425 0.         0.23093189 0.6484606  0.\n",
      "  0.11122329 0.         0.         0.         0.         0.6989693\n",
      "  0.15063154 0.07657875 0.         0.         0.         0.\n",
      "  0.04767814 0.55765627 0.         0.35622879 0.13501758 0.19895286\n",
      "  0.         0.80774428 0.54651403 0.80882042 0.         0.67243146]\n",
      " [0.         0.         0.         0.00844166 0.         0.\n",
      "  0.55977166 0.         0.84016396 0.         0.42610875 0.\n",
      "  0.         0.03038403 0.3669806  0.         0.         0.41726379\n",
      "  0.         0.         0.         0.         0.         0.\n",
      "  0.         0.57707825 0.         0.4665739  0.60468337 0.34396437]\n",
      " [0.80190934 0.23093189 0.00844166 0.         0.08874815 0.\n",
      "  0.         0.89915218 0.24083496 0.         0.         0.\n",
      "  0.0972349  0.         0.55018088 0.         0.         0.69846712\n",
      "  0.         0.18191341 0.         0.         0.         0.15931093\n",
      "  0.         0.53765733 0.52756298 0.         0.         0.        ]\n",
      " [0.         0.6484606  0.         0.08874815 0.05732897 0.\n",
      "  0.70656953 0.         0.         0.19068651 0.         0.07481139\n",
      "  0.         0.46643184 0.27514727 0.0966494  0.7095944  0.02964875\n",
      "  0.79243705 0.24383595 0.         0.74535731 0.         0.01182533\n",
      "  0.44502621 0.20291549 0.18210188 0.95290779 0.36612384 0.        ]\n",
      " [0.         0.         0.         0.         0.         0.\n",
      "  0.         0.         0.         0.         0.         0.\n",
      "  0.         0.02431736 0.64991066 0.69646838 0.0759149  0.99318159\n",
      "  0.43495655 0.         0.00143393 0.         0.22703384 0.19244139\n",
      "  0.55121859 0.         0.07430804 0.         0.         0.07040748]\n",
      " [0.         0.11122329 0.55977166 0.         0.70656953 0.\n",
      "  0.         0.         0.24076754 0.01701936 0.15780155 0.\n",
      "  0.8770876  0.         0.07146105 0.57471341 0.         0.\n",
      "  0.07117977 0.         0.302658   0.81097916 0.         0.\n",
      "  0.         0.94926967 0.26909958 0.         0.09296584 0.81462779]\n",
      " [0.         0.         0.         0.89915218 0.         0.\n",
      "  0.         0.29346799 0.         0.         0.47546287 0.71789397\n",
      "  0.78919433 0.         0.         0.         0.49255062 0.\n",
      "  0.         0.         0.         0.75047085 0.47859879 0.\n",
      "  0.64849248 0.         0.02846124 0.63906794 0.         0.35323669]\n",
      " [0.03924479 0.         0.84016396 0.24083496 0.         0.\n",
      "  0.24076754 0.         0.         0.         0.40517415 0.94467795\n",
      "  0.08143113 0.16740904 0.         0.1393615  0.12721033 0.\n",
      "  0.         0.         0.         0.         0.27787925 0.\n",
      "  0.         0.         0.         0.10364482 0.42042505 0.36071848]\n",
      " [0.06631664 0.         0.         0.         0.19068651 0.\n",
      "  0.01701936 0.         0.         0.25067718 0.39506448 0.\n",
      "  0.43070133 0.         0.         0.51666989 0.17759933 0.32079081\n",
      "  0.8759011  0.71026499 0.         0.46567193 0.         0.\n",
      "  0.35296771 0.57150687 0.20618769 0.3898546  0.         0.01479657]\n",
      " [0.40420123 0.         0.42610875 0.         0.         0.\n",
      "  0.15780155 0.47546287 0.40517415 0.39506448 0.         0.\n",
      "  0.09582426 0.         0.         0.         0.         0.68733682\n",
      "  0.         0.         0.48547043 0.         0.06889784 0.20174471\n",
      "  0.         0.50121954 0.45030068 0.         0.59445231 0.0370876 ]\n",
      " [0.         0.6989693  0.         0.         0.07481139 0.\n",
      "  0.         0.71789397 0.94467795 0.         0.         0.\n",
      "  0.         0.52324106 0.90320902 0.98082838 0.02567372 0.\n",
      "  0.         0.71683414 0.04489662 0.         0.20925116 0.94523765\n",
      "  0.         0.27729276 0.37299444 0.         0.         0.        ]\n",
      " [0.         0.15063154 0.         0.0972349  0.         0.\n",
      "  0.8770876  0.78919433 0.08143113 0.43070133 0.09582426 0.\n",
      "  0.52583894 0.51699796 0.1156976  0.         0.         0.20287525\n",
      "  0.         0.         0.41333462 0.         0.         0.\n",
      "  0.51180998 0.59229667 0.         0.38544036 0.88006828 0.        ]\n",
      " [0.215905   0.07657875 0.03038403 0.         0.46643184 0.02431736\n",
      "  0.         0.         0.16740904 0.         0.         0.52324106\n",
      "  0.51699796 0.48495218 0.60084897 0.025372   0.         0.05767094\n",
      "  0.15046516 0.         0.02089405 0.30929044 0.38279571 0.23719952\n",
      "  0.         0.         0.         0.2183234  0.9011353  0.44713684]\n",
      " [0.36481933 0.         0.3669806  0.55018088 0.27514727 0.64991066\n",
      "  0.07146105 0.         0.         0.         0.         0.90320902\n",
      "  0.1156976  0.60084897 0.74891553 0.21521772 0.         0.\n",
      "  0.         0.79042908 0.         0.         0.38049909 0.\n",
      "  0.4706854  0.         0.         0.         0.         0.        ]\n",
      " [0.         0.         0.         0.         0.0966494  0.69646838\n",
      "  0.57471341 0.         0.1393615  0.51666989 0.         0.98082838\n",
      "  0.         0.025372   0.21521772 0.         0.03418055 0.\n",
      "  0.         0.         0.         0.         0.99327826 0.85217117\n",
      "  0.         0.         0.         0.         0.         0.32167323]\n",
      " [0.39453859 0.         0.         0.         0.7095944  0.0759149\n",
      "  0.         0.49255062 0.12721033 0.17759933 0.         0.02567372\n",
      "  0.         0.         0.         0.03418055 0.74495493 0.34340075\n",
      "  0.         0.         0.19523167 0.         0.53160399 0.62107351\n",
      "  0.3386388  0.79804955 0.         0.37210116 0.83864189 0.        ]\n",
      " [0.54817247 0.         0.41726379 0.69846712 0.02964875 0.99318159\n",
      "  0.         0.         0.         0.32079081 0.68733682 0.\n",
      "  0.20287525 0.05767094 0.         0.         0.34340075 0.77314251\n",
      "  0.         0.59433181 0.219588   0.         0.68438652 0.\n",
      "  0.30809734 0.22073683 0.         0.09629669 0.66785852 0.        ]\n",
      " [0.         0.04767814 0.         0.         0.79243705 0.43495655\n",
      "  0.07117977 0.         0.         0.8759011  0.         0.\n",
      "  0.         0.15046516 0.         0.         0.         0.\n",
      "  0.         0.         0.49157881 0.37598676 0.25822618 0.\n",
      "  0.         0.24755065 0.94760615 0.         0.         0.        ]\n",
      " [0.14841874 0.55765627 0.         0.18191341 0.24383595 0.\n",
      "  0.         0.         0.         0.71026499 0.         0.71683414\n",
      "  0.         0.         0.79042908 0.         0.         0.59433181\n",
      "  0.         0.         0.         0.         0.15180907 0.\n",
      "  0.49162127 0.3915864  0.42256378 0.         0.         0.        ]\n",
      " [0.02966113 0.         0.         0.         0.         0.00143393\n",
      "  0.302658   0.         0.         0.         0.48547043 0.04489662\n",
      "  0.41333462 0.02089405 0.         0.         0.19523167 0.219588\n",
      "  0.49157881 0.         0.59754349 0.         0.61800145 0.\n",
      "  0.47557326 0.39558625 0.59599649 0.10304524 0.29738127 0.07221393]\n",
      " [0.         0.35622879 0.         0.         0.74535731 0.\n",
      "  0.81097916 0.75047085 0.         0.46567193 0.         0.\n",
      "  0.         0.30929044 0.         0.         0.         0.\n",
      "  0.37598676 0.         0.         0.73064754 0.         0.\n",
      "  0.56112273 0.62978681 0.         0.         0.09493288 0.        ]\n",
      " [0.         0.13501758 0.         0.         0.         0.22703384\n",
      "  0.         0.47859879 0.27787925 0.         0.06889784 0.20925116\n",
      "  0.         0.38279571 0.38049909 0.99327826 0.53160399 0.68438652\n",
      "  0.25822618 0.15180907 0.61800145 0.         0.         0.\n",
      "  0.4205667  0.         0.63580951 0.69027054 0.         0.        ]\n",
      " [0.         0.19895286 0.         0.15931093 0.01182533 0.19244139\n",
      "  0.         0.         0.         0.         0.20174471 0.94523765\n",
      "  0.         0.23719952 0.         0.85217117 0.62107351 0.\n",
      "  0.         0.         0.         0.         0.         0.04122047\n",
      "  0.         0.88915569 0.51177642 0.         0.38826255 0.        ]\n",
      " [0.20447229 0.         0.         0.         0.44502621 0.55121859\n",
      "  0.         0.64849248 0.         0.35296771 0.         0.\n",
      "  0.51180998 0.         0.4706854  0.         0.3386388  0.30809734\n",
      "  0.         0.49162127 0.47557326 0.56112273 0.4205667  0.\n",
      "  0.         0.         0.         0.         0.54494372 0.        ]\n",
      " [0.         0.80774428 0.57707825 0.53765733 0.20291549 0.\n",
      "  0.94926967 0.         0.         0.57150687 0.50121954 0.27729276\n",
      "  0.59229667 0.         0.         0.         0.79804955 0.22073683\n",
      "  0.24755065 0.3915864  0.39558625 0.62978681 0.         0.88915569\n",
      "  0.         0.         0.         0.         0.         0.45657198]\n",
      " [0.         0.54651403 0.         0.52756298 0.18210188 0.07430804\n",
      "  0.26909958 0.02846124 0.         0.20618769 0.45030068 0.37299444\n",
      "  0.         0.         0.         0.         0.         0.\n",
      "  0.94760615 0.42256378 0.59599649 0.         0.63580951 0.51177642\n",
      "  0.         0.         0.59419022 0.54285097 0.76761191 0.4221409 ]\n",
      " [0.09625885 0.80882042 0.4665739  0.         0.95290779 0.\n",
      "  0.         0.63906794 0.10364482 0.3898546  0.         0.\n",
      "  0.38544036 0.2183234  0.         0.         0.37210116 0.09629669\n",
      "  0.         0.         0.10304524 0.         0.69027054 0.\n",
      "  0.         0.         0.54285097 0.         0.09026038 0.65574668]\n",
      " [0.         0.         0.60468337 0.         0.36612384 0.\n",
      "  0.09296584 0.         0.42042505 0.         0.59445231 0.\n",
      "  0.88006828 0.9011353  0.         0.         0.83864189 0.66785852\n",
      "  0.         0.         0.29738127 0.09493288 0.         0.38826255\n",
      "  0.54494372 0.         0.76761191 0.09026038 0.         0.        ]\n",
      " [0.         0.67243146 0.34396437 0.         0.         0.07040748\n",
      "  0.81462779 0.35323669 0.36071848 0.01479657 0.0370876  0.\n",
      "  0.         0.44713684 0.         0.32167323 0.         0.\n",
      "  0.         0.         0.07221393 0.         0.         0.\n",
      "  0.         0.45657198 0.4221409  0.65574668 0.         0.        ]]\n",
      "rmin 0\n",
      "[[0.23955944 0.         0.         0.80190934 0.         0.\n",
      "  0.         0.         0.03924479 0.06631664 0.40420123 0.\n",
      "  0.         0.215905   0.36481933 0.         0.39453859 0.54817247\n",
      "  0.         0.14841874 0.02966113 0.         0.         0.\n",
      "  0.20447229 0.         0.         0.09625885 0.         0.        ]\n",
      " [0.         0.27320425 0.         0.23093189 0.6484606  0.\n",
      "  0.11122329 0.         0.         0.         0.         0.6989693\n",
      "  0.15063154 0.07657875 0.         0.         0.         0.\n",
      "  0.04767814 0.55765627 0.         0.35622879 0.13501758 0.19895286\n",
      "  0.         0.80774428 0.54651403 0.80882042 0.         0.67243146]\n",
      " [0.         0.         0.         0.00844166 0.         0.\n",
      "  0.55977166 0.         0.84016396 0.         0.42610875 0.\n",
      "  0.         0.03038403 0.3669806  0.         0.         0.41726379\n",
      "  0.         0.         0.         0.         0.         0.\n",
      "  0.         0.57707825 0.         0.4665739  0.60468337 0.34396437]\n",
      " [0.80190934 0.23093189 0.00844166 0.         0.08874815 0.\n",
      "  0.         0.89915218 0.24083496 0.         0.         0.\n",
      "  0.0972349  0.         0.55018088 0.         0.         0.69846712\n",
      "  0.         0.18191341 0.         0.         0.         0.15931093\n",
      "  0.         0.53765733 0.52756298 0.         0.         0.        ]\n",
      " [0.         0.6484606  0.         0.08874815 0.05732897 0.\n",
      "  0.70656953 0.         0.         0.19068651 0.         0.07481139\n",
      "  0.         0.46643184 0.27514727 0.0966494  0.7095944  0.02964875\n",
      "  0.79243705 0.24383595 0.         0.74535731 0.         0.01182533\n",
      "  0.44502621 0.20291549 0.18210188 0.95290779 0.36612384 0.        ]\n",
      " [0.         0.         0.         0.         0.         0.\n",
      "  0.         0.         0.         0.         0.         0.\n",
      "  0.         0.02431736 0.64991066 0.69646838 0.0759149  0.99318159\n",
      "  0.43495655 0.         0.00143393 0.         0.22703384 0.19244139\n",
      "  0.55121859 0.         0.07430804 0.         0.         0.07040748]\n",
      " [0.         0.11122329 0.55977166 0.         0.70656953 0.\n",
      "  0.         0.         0.24076754 0.01701936 0.15780155 0.\n",
      "  0.8770876  0.         0.07146105 0.57471341 0.         0.\n",
      "  0.07117977 0.         0.302658   0.81097916 0.         0.\n",
      "  0.         0.94926967 0.26909958 0.         0.09296584 0.81462779]\n",
      " [0.         0.         0.         0.89915218 0.         0.\n",
      "  0.         0.29346799 0.         0.         0.47546287 0.71789397\n",
      "  0.78919433 0.         0.         0.         0.49255062 0.\n",
      "  0.         0.         0.         0.75047085 0.47859879 0.\n",
      "  0.64849248 0.         0.02846124 0.63906794 0.         0.35323669]\n",
      " [0.03924479 0.         0.84016396 0.24083496 0.         0.\n",
      "  0.24076754 0.         0.         0.         0.40517415 0.94467795\n",
      "  0.08143113 0.16740904 0.         0.1393615  0.12721033 0.\n",
      "  0.         0.         0.         0.         0.27787925 0.\n",
      "  0.         0.         0.         0.10364482 0.42042505 0.36071848]\n",
      " [0.06631664 0.         0.         0.         0.19068651 0.\n",
      "  0.01701936 0.         0.         0.25067718 0.39506448 0.\n",
      "  0.43070133 0.         0.         0.51666989 0.17759933 0.32079081\n",
      "  0.8759011  0.71026499 0.         0.46567193 0.         0.\n",
      "  0.35296771 0.57150687 0.20618769 0.3898546  0.         0.01479657]\n",
      " [0.40420123 0.         0.42610875 0.         0.         0.\n",
      "  0.15780155 0.47546287 0.40517415 0.39506448 0.         0.\n",
      "  0.09582426 0.         0.         0.         0.         0.68733682\n",
      "  0.         0.         0.48547043 0.         0.06889784 0.20174471\n",
      "  0.         0.50121954 0.45030068 0.         0.59445231 0.0370876 ]\n",
      " [0.         0.6989693  0.         0.         0.07481139 0.\n",
      "  0.         0.71789397 0.94467795 0.         0.         0.\n",
      "  0.         0.52324106 0.90320902 0.98082838 0.02567372 0.\n",
      "  0.         0.71683414 0.04489662 0.         0.20925116 0.94523765\n",
      "  0.         0.27729276 0.37299444 0.         0.         0.        ]\n",
      " [0.         0.15063154 0.         0.0972349  0.         0.\n",
      "  0.8770876  0.78919433 0.08143113 0.43070133 0.09582426 0.\n",
      "  0.52583894 0.51699796 0.1156976  0.         0.         0.20287525\n",
      "  0.         0.         0.41333462 0.         0.         0.\n",
      "  0.51180998 0.59229667 0.         0.38544036 0.88006828 0.        ]\n",
      " [0.215905   0.07657875 0.03038403 0.         0.46643184 0.02431736\n",
      "  0.         0.         0.16740904 0.         0.         0.52324106\n",
      "  0.51699796 0.48495218 0.60084897 0.025372   0.         0.05767094\n",
      "  0.15046516 0.         0.02089405 0.30929044 0.38279571 0.23719952\n",
      "  0.         0.         0.         0.2183234  0.9011353  0.44713684]\n",
      " [0.36481933 0.         0.3669806  0.55018088 0.27514727 0.64991066\n",
      "  0.07146105 0.         0.         0.         0.         0.90320902\n",
      "  0.1156976  0.60084897 0.74891553 0.21521772 0.         0.\n",
      "  0.         0.79042908 0.         0.         0.38049909 0.\n",
      "  0.4706854  0.         0.         0.         0.         0.        ]\n",
      " [0.         0.         0.         0.         0.0966494  0.69646838\n",
      "  0.57471341 0.         0.1393615  0.51666989 0.         0.98082838\n",
      "  0.         0.025372   0.21521772 0.         0.03418055 0.\n",
      "  0.         0.         0.         0.         0.99327826 0.85217117\n",
      "  0.         0.         0.         0.         0.         0.32167323]\n",
      " [0.39453859 0.         0.         0.         0.7095944  0.0759149\n",
      "  0.         0.49255062 0.12721033 0.17759933 0.         0.02567372\n",
      "  0.         0.         0.         0.03418055 0.74495493 0.34340075\n",
      "  0.         0.         0.19523167 0.         0.53160399 0.62107351\n",
      "  0.3386388  0.79804955 0.         0.37210116 0.83864189 0.        ]\n",
      " [0.54817247 0.         0.41726379 0.69846712 0.02964875 0.99318159\n",
      "  0.         0.         0.         0.32079081 0.68733682 0.\n",
      "  0.20287525 0.05767094 0.         0.         0.34340075 0.77314251\n",
      "  0.         0.59433181 0.219588   0.         0.68438652 0.\n",
      "  0.30809734 0.22073683 0.         0.09629669 0.66785852 0.        ]\n",
      " [0.         0.04767814 0.         0.         0.79243705 0.43495655\n",
      "  0.07117977 0.         0.         0.8759011  0.         0.\n",
      "  0.         0.15046516 0.         0.         0.         0.\n",
      "  0.         0.         0.49157881 0.37598676 0.25822618 0.\n",
      "  0.         0.24755065 0.94760615 0.         0.         0.        ]\n",
      " [0.14841874 0.55765627 0.         0.18191341 0.24383595 0.\n",
      "  0.         0.         0.         0.71026499 0.         0.71683414\n",
      "  0.         0.         0.79042908 0.         0.         0.59433181\n",
      "  0.         0.         0.         0.         0.15180907 0.\n",
      "  0.49162127 0.3915864  0.42256378 0.         0.         0.        ]\n",
      " [0.02966113 0.         0.         0.         0.         0.00143393\n",
      "  0.302658   0.         0.         0.         0.48547043 0.04489662\n",
      "  0.41333462 0.02089405 0.         0.         0.19523167 0.219588\n",
      "  0.49157881 0.         0.59754349 0.         0.61800145 0.\n",
      "  0.47557326 0.39558625 0.59599649 0.10304524 0.29738127 0.07221393]\n",
      " [0.         0.35622879 0.         0.         0.74535731 0.\n",
      "  0.81097916 0.75047085 0.         0.46567193 0.         0.\n",
      "  0.         0.30929044 0.         0.         0.         0.\n",
      "  0.37598676 0.         0.         0.73064754 0.         0.\n",
      "  0.56112273 0.62978681 0.         0.         0.09493288 0.        ]\n",
      " [0.         0.13501758 0.         0.         0.         0.22703384\n",
      "  0.         0.47859879 0.27787925 0.         0.06889784 0.20925116\n",
      "  0.         0.38279571 0.38049909 0.99327826 0.53160399 0.68438652\n",
      "  0.25822618 0.15180907 0.61800145 0.         0.         0.\n",
      "  0.4205667  0.         0.63580951 0.69027054 0.         0.        ]\n",
      " [0.         0.19895286 0.         0.15931093 0.01182533 0.19244139\n",
      "  0.         0.         0.         0.         0.20174471 0.94523765\n",
      "  0.         0.23719952 0.         0.85217117 0.62107351 0.\n",
      "  0.         0.         0.         0.         0.         0.04122047\n",
      "  0.         0.88915569 0.51177642 0.         0.38826255 0.        ]\n",
      " [0.20447229 0.         0.         0.         0.44502621 0.55121859\n",
      "  0.         0.64849248 0.         0.35296771 0.         0.\n",
      "  0.51180998 0.         0.4706854  0.         0.3386388  0.30809734\n",
      "  0.         0.49162127 0.47557326 0.56112273 0.4205667  0.\n",
      "  0.         0.         0.         0.         0.54494372 0.        ]\n",
      " [0.         0.80774428 0.57707825 0.53765733 0.20291549 0.\n",
      "  0.94926967 0.         0.         0.57150687 0.50121954 0.27729276\n",
      "  0.59229667 0.         0.         0.         0.79804955 0.22073683\n",
      "  0.24755065 0.3915864  0.39558625 0.62978681 0.         0.88915569\n",
      "  0.         0.         0.         0.         0.         0.45657198]\n",
      " [0.         0.54651403 0.         0.52756298 0.18210188 0.07430804\n",
      "  0.26909958 0.02846124 0.         0.20618769 0.45030068 0.37299444\n",
      "  0.         0.         0.         0.         0.         0.\n",
      "  0.94760615 0.42256378 0.59599649 0.         0.63580951 0.51177642\n",
      "  0.         0.         0.59419022 0.54285097 0.76761191 0.4221409 ]\n",
      " [0.09625885 0.80882042 0.4665739  0.         0.95290779 0.\n",
      "  0.         0.63906794 0.10364482 0.3898546  0.         0.\n",
      "  0.38544036 0.2183234  0.         0.         0.37210116 0.09629669\n",
      "  0.         0.         0.10304524 0.         0.69027054 0.\n",
      "  0.         0.         0.54285097 0.         0.09026038 0.65574668]\n",
      " [0.         0.         0.60468337 0.         0.36612384 0.\n",
      "  0.09296584 0.         0.42042505 0.         0.59445231 0.\n",
      "  0.88006828 0.9011353  0.         0.         0.83864189 0.66785852\n",
      "  0.         0.         0.29738127 0.09493288 0.         0.38826255\n",
      "  0.54494372 0.         0.76761191 0.09026038 0.         0.        ]\n",
      " [0.         0.67243146 0.34396437 0.         0.         0.07040748\n",
      "  0.81462779 0.35323669 0.36071848 0.01479657 0.0370876  0.\n",
      "  0.         0.44713684 0.         0.32167323 0.         0.\n",
      "  0.         0.         0.07221393 0.         0.         0.\n",
      "  0.         0.45657198 0.4221409  0.65574668 0.         0.        ]]\n",
      "rmin 0\n",
      "max quit time 45\n",
      "max quit time 43\n",
      "max quit time 42\n",
      "OFF 353.7300271894388 1.0\n",
      "SAM 209.72625841779322 0.5928992234110652\n",
      "SAMC 202.7719458895647 0.573239279403812\n",
      "GRD 203.51116346477383 0.5753290583832291\n",
      "{'OFF': 0.0, 'SAM': 0.005115467559867046, 'SAMC': 0.01368126955534027, 'GRD': 0.02245306014066632}\n",
      "max quit time 41\n",
      "max quit time 41\n",
      "max quit time 41\n",
      "OFF 349.77189785468425 1.0\n",
      "SAM 200.9028440055569 0.5743824625071042\n",
      "SAMC 200.66963897075598 0.5737157278831072\n",
      "GRD 205.20543246135392 0.5866835892762554\n",
      "{'OFF': 0.0, 'SAM': 0.014389254004538499, 'SAMC': 0.018258676554086476, 'GRD': 0.005800297496989122}\n",
      "max quit time 41\n",
      "max quit time 40\n",
      "max quit time 45\n",
      "OFF 350.646880005575 1.0\n",
      "SAM 198.02657869391282 0.5647464443167565\n",
      "SAMC 193.33037675235673 0.5513534777474219\n",
      "GRD 202.05303832592327 0.5762293915825254\n",
      "{'OFF': 0.0, 'SAM': 0.01287696999242949, 'SAMC': 0.020461753189423653, 'GRD': 0.006641570916073554}\n",
      "density 0.5 type_number 30 dist_type poisson dist_hyperpara 30 gamma 2 testnum 3 save 0 algo_list ['OFF', 'SAM', 'SAMC', 'GRD']\n",
      "[[0.23955944 0.         0.         0.80190934 0.         0.\n",
      "  0.         0.         0.03924479 0.06631664 0.40420123 0.\n",
      "  0.         0.215905   0.36481933 0.         0.39453859 0.54817247\n",
      "  0.         0.14841874 0.02966113 0.         0.         0.\n",
      "  0.20447229 0.         0.         0.09625885 0.         0.        ]\n",
      " [0.         0.27320425 0.         0.23093189 0.6484606  0.\n",
      "  0.11122329 0.         0.         0.         0.         0.6989693\n",
      "  0.15063154 0.07657875 0.         0.         0.         0.\n",
      "  0.04767814 0.55765627 0.         0.35622879 0.13501758 0.19895286\n",
      "  0.         0.80774428 0.54651403 0.80882042 0.         0.67243146]\n",
      " [0.         0.         0.         0.00844166 0.         0.\n",
      "  0.55977166 0.         0.84016396 0.         0.42610875 0.\n",
      "  0.         0.03038403 0.3669806  0.         0.         0.41726379\n",
      "  0.         0.         0.         0.         0.         0.\n",
      "  0.         0.57707825 0.         0.4665739  0.60468337 0.34396437]\n",
      " [0.80190934 0.23093189 0.00844166 0.         0.08874815 0.\n",
      "  0.         0.89915218 0.24083496 0.         0.         0.\n",
      "  0.0972349  0.         0.55018088 0.         0.         0.69846712\n",
      "  0.         0.18191341 0.         0.         0.         0.15931093\n",
      "  0.         0.53765733 0.52756298 0.         0.         0.        ]\n",
      " [0.         0.6484606  0.         0.08874815 0.05732897 0.\n",
      "  0.70656953 0.         0.         0.19068651 0.         0.07481139\n",
      "  0.         0.46643184 0.27514727 0.0966494  0.7095944  0.02964875\n",
      "  0.79243705 0.24383595 0.         0.74535731 0.         0.01182533\n",
      "  0.44502621 0.20291549 0.18210188 0.95290779 0.36612384 0.        ]\n",
      " [0.         0.         0.         0.         0.         0.\n",
      "  0.         0.         0.         0.         0.         0.\n",
      "  0.         0.02431736 0.64991066 0.69646838 0.0759149  0.99318159\n",
      "  0.43495655 0.         0.00143393 0.         0.22703384 0.19244139\n",
      "  0.55121859 0.         0.07430804 0.         0.         0.07040748]\n",
      " [0.         0.11122329 0.55977166 0.         0.70656953 0.\n",
      "  0.         0.         0.24076754 0.01701936 0.15780155 0.\n",
      "  0.8770876  0.         0.07146105 0.57471341 0.         0.\n",
      "  0.07117977 0.         0.302658   0.81097916 0.         0.\n",
      "  0.         0.94926967 0.26909958 0.         0.09296584 0.81462779]\n",
      " [0.         0.         0.         0.89915218 0.         0.\n",
      "  0.         0.29346799 0.         0.         0.47546287 0.71789397\n",
      "  0.78919433 0.         0.         0.         0.49255062 0.\n",
      "  0.         0.         0.         0.75047085 0.47859879 0.\n",
      "  0.64849248 0.         0.02846124 0.63906794 0.         0.35323669]\n",
      " [0.03924479 0.         0.84016396 0.24083496 0.         0.\n",
      "  0.24076754 0.         0.         0.         0.40517415 0.94467795\n",
      "  0.08143113 0.16740904 0.         0.1393615  0.12721033 0.\n",
      "  0.         0.         0.         0.         0.27787925 0.\n",
      "  0.         0.         0.         0.10364482 0.42042505 0.36071848]\n",
      " [0.06631664 0.         0.         0.         0.19068651 0.\n",
      "  0.01701936 0.         0.         0.25067718 0.39506448 0.\n",
      "  0.43070133 0.         0.         0.51666989 0.17759933 0.32079081\n",
      "  0.8759011  0.71026499 0.         0.46567193 0.         0.\n",
      "  0.35296771 0.57150687 0.20618769 0.3898546  0.         0.01479657]\n",
      " [0.40420123 0.         0.42610875 0.         0.         0.\n",
