9.698 10.283 3.392 1.699 0.244 3.187 1.840 1.849 0.089 4.844 13.684 1.190 3.691 0.480 2.109 5.289 5.324 3.150 2.099 3.077
10.283 7.429 0.339 2.562 12.954 8.988 14.012 0.775 1.704 0.429 8.435 2.796 6.279 1.254 2.229 1.735 10.175 8.132 6.304 11.423
3.392 0.339 3.373 2.142 3.097 4.705 8.749 4.179 4.593 3.013 1.985 2.973 3.822 2.750 6.302 9.534 0.358 3.327 2.562 5.481
1.699 2.562 2.142 5.817 2.510 8.381 2.067 5.815 2.747 9.471 3.006 2.517 2.040 0.847 5.644 10.432 5.131 4.560 0.125 7.188
0.244 12.954 3.097 2.510 2.451 0.712 3.943 0.666 3.041 8.552 0.976 8.224 9.478 9.507 11.443 0.266 2.875 2.196 8.537 9.065
3.187 8.988 4.705 8.381 0.712 5.275 0.561 1.806 0.441 9.062 8.814 4.021 16.203 3.527 12.308 2.406 0.464 3.585 1.740 2.711
1.840 14.012 8.749 2.067 3.943 0.561 2.478 0.975 2.523 5.254 17.702 5.944 7.178 8.617 5.677 1.079 1.766 3.961 10.896 0.783
1.849 0.775 4.179 5.815 0.666 1.806 0.975 6.236 9.923 2.958 1.080 5.229 0.713 4.489 1.234 0.430 0.848 12.349 7.934 1.982
0.089 1.704 4.593 2.747 3.041 0.441 2.523 9.923 2.958 2.533 5.049 3.211 0.514 5.195 4.091 2.999 2.354 6.135 4.726 5.005
4.844 0.429 3.013 9.471 8.552 9.062 5.254 2.958 2.533 0.756 0.215 2.993 2.689 0.141 7.671 1.626 0.626 0.733 0.486 7.918
13.684 8.435 1.985 3.006 0.976 8.814 17.702 1.080 5.049 0.215 4.293 3.410 1.456 4.015 6.714 9.631 8.756 8.362 13.204 2.685
1.190 2.796 2.973 2.517 8.224 4.021 5.944 5.229 3.211 2.993 3.410 2.776 1.906 5.494 3.981 1.167 11.606 1.303 0.597 5.923
3.691 6.279 3.822 2.040 9.478 16.203 7.178 0.713 0.514 2.689 1.456 1.906 3.837 4.202 3.950 8.341 0.010 2.333 3.427 2.468
0.480 1.254 2.750 0.847 9.507 3.527 8.617 4.489 5.195 0.141 4.015 5.494 4.202 10.272 2.779 6.861 1.788 1.212 2.152 3.721
2.109 2.229 6.302 5.644 11.443 12.308 5.677 1.234 4.091 7.671 6.714 3.981 3.950 2.779 7.697 3.172 7.257 1.142 0.553 0.788
5.289 1.735 9.534 10.432 0.266 2.406 1.079 0.430 2.999 1.626 9.631 1.167 8.341 6.861 3.172 1.800 0.860 9.808 1.768 3.633
5.324 10.175 0.358 5.131 2.875 0.464 1.766 0.848 2.354 0.626 8.756 11.606 0.010 1.788 7.257 0.860 5.055 2.784 5.800 2.588
3.150 8.132 3.327 4.560 2.196 3.585 3.961 12.349 6.135 0.733 8.362 1.303 2.333 1.212 1.142 9.808 2.784 6.556 4.875 8.278
2.099 6.304 2.562 0.125 8.537 1.740 10.896 7.934 4.726 0.486 13.204 0.597 3.427 2.152 0.553 1.768 5.800 4.875 1.550 2.983
3.077 11.423 5.481 7.188 9.065 2.711 0.783 1.982 5.005 7.918 2.685 5.923 2.468 3.721 0.788 3.633 2.588 8.278 2.983 4.003
