0.0932827493862977 0.09372907833072974 0.09372907833072974 0.09729970988618612 0.09863869671948226 0.1019861638027226 0.10220932827493863 0.1037714795804508 0.10555679535817898 0.10979692033028342
0.42857142857142855 0.09523809523809519 0.5555555555555557 0.20634920634920637 0.0 0.15873015873015875 0.3174603174603175 0.0 0.20634920634920637 0.09523809523809519
0.09523809523809519 0.0 0.22222222222222218 0.0 0.19047619047619038 0.06349206349206349 0.06349206349206349 0.0 0.0 0.0
0.5555555555555557 0.22222222222222218 1.0 0.3333333333333333 0.41269841269841273 0.0 0.4444444444444445 0.0 0.3333333333333333 0.22222222222222218
0.20634920634920637 0.0 0.3333333333333333 0.14285714285714288 0.22222222222222218 0.09523809523809519 0.17460317460317457 0.06349206349206349 0.06349206349206349 0.031746031746031744
0.0 0.19047619047619038 0.41269841269841273 0.22222222222222218 0.8571428571428571 0.41269841269841273 0.25396825396825395 0.30158730158730157 0.0 0.19047619047619038
0.15873015873015875 0.06349206349206349 0.0 0.09523809523809519 0.41269841269841273 0.28571428571428575 0.12698412698412698 0.17460317460317457 0.0 0.06349206349206349
0.3174603174603175 0.06349206349206349 0.4444444444444445 0.17460317460317457 0.25396825396825395 0.12698412698412698 0.28571428571428575 0.09523809523809519 0.09523809523809519 0.06349206349206349
0.0 0.0 0.0 0.06349206349206349 0.30158730158730157 0.17460317460317457 0.09523809523809519 0.14285714285714288 0.0 0.031746031746031744
0.20634920634920637 0.0 0.3333333333333333 0.06349206349206349 0.0 0.0 0.09523809523809519 0.0 0.14285714285714288 0.031746031746031744
0.09523809523809519 0.0 0.22222222222222218 0.031746031746031744 0.19047619047619038 0.06349206349206349 0.06349206349206349 0.031746031746031744 0.031746031746031744 0.0
