0.0694074278303669 0.12037802898017952 0.05538706613975431 0.007403322815509195 0.010696525033442596 0.025880995415045596 0.12669382920278977 0.019442657435488977 0.07624401351999918 0.06892238254245422 0.07639207997630937 0.18657394643057726 0.004242869834267683 0.003002175045185798 0.04242869834267684 0.022189545487036527 0.022786917052150028 0.018926977708339714 0.03204362344147291 0.01095691776695361
0.008143588977132054 0.0 0.0 0.0 0.0 0.0 0.0 0.0 0.0 0.0 0.0 0.0 0.0 0.0 0.0 0.0 0.0 0.01821868642203836 0.0 0.0
0.0 0.03407086442288331 0.004662570019103279 0.0 0.01439790410745051 0.0 0.00036705111070424457 0.0 0.0032357968377112883 0.0 0.0 0.0 0.0 0.01492680434943483 0.0 0.0 0.004783966001101425 0.0 0.0 0.0
0.0 0.004662570019103279 0.11823248842640338 0.03539699492644316 0.04298112770435408 0.0 0.04219005671695797 0.0 0.016473060000042117 0.008933325903050002 0.06544199630468162 0.011562470968586772 0.0 0.0 0.0009425019565210135 0.0 0.0 0.07694072258092777 0.0350085465863941 0.0
0.0 0.0 0.03539699492644316 0.3458089404138135 0.05302984582705428 0.0 0.0 0.0 0.0009268590075069971 0.0 0.0 0.0 0.08103824482326089 0.0 0.021489915896454548 0.0005810648017806619 0.0 0.0 0.0 0.09060606020690609
0.0 0.01439790410745051 0.04298112770435408 0.05302984582705428 0.3462580153295135 0.0 0.0 0.04839257883388404 0.047045740187752094 0.0062717540700620855 0.02169171338669107 0.01115364941344621 0.03874402444831587 0.0 0.07312578876167741 0.023469598004643877 0.10077439443986863 0.0032762522682918682 0.14349773180883285 0.06240489360496393
0.0 0.0 0.0 0.0 0.0 0.013432397384468685 0.0 0.0 0.0 0.0 0.0 0.0 0.0 0.0 0.0 0.0 0.0 0.03542584613180855 0.0 0.0
0.0 0.00036705111070424457 0.04219005671695797 0.0 0.0 0.0 0.037337483717909944 0.0 0.0 0.0 0.0 0.0 0.0 0.0 0.0 0.0 0.0 0.0 0.0 0.0
0.0 0.0 0.0 0.0 0.04839257883388404 0.0 0.0 0.016239546046767115 0.0 0.0 0.0 0.0 0.0 0.0 0.0 0.0 0.0 0.0 0.024240842755107295 0.011710024993240253
0.0 0.0032357968377112883 0.016473060000042117 0.0009268590075069971 0.047045740187752094 0.0 0.0 0.0 0.08633362977738343 0.0 0.009832253476891845 0.012775337513243196 0.0 0.0 0.0 0.0 0.021427612631281068 0.0 0.0029178054867937397 0.043621938171741065
0.0 0.0 0.008933325903050002 0.0 0.0062717540700620855 0.0 0.0 0.0 0.0 0.006843717282026061 0.0 0.0 0.0 0.0 0.0 0.0 0.0 0.028003650721354467 0.0 0.0
0.0 0.0 0.06544199630468162 0.0 0.02169171338669107 0.0 0.0 0.0 0.009832253476891845 0.0 0.0662404477224193 0.0 0.0 0.0 0.0 0.0 0.0 0.07158336586469713 0.015912058570718174 0.002782939049575689
0.0 0.0 0.011562470968586772 0.0 0.01115364941344621 0.0 0.0 0.0 0.012775337513243196 0.0 0.0 0.0031807776527031702 0.0 0.0 0.0 0.0 0.0 0.0 0.0043988067540716574 0.0
0.0 0.0 0.0 0.08103824482326089 0.03874402444831587 0.0 0.0 0.0 0.0 0.0 0.0 0.0 0.046502936702754016 0.0 0.0 0.0 0.0 0.0 0.0 0.0
0.0 0.01492680434943483 0.0 0.0 0.0 0.0 0.0 0.0 0.0 0.0 0.0 0.0 0.0 0.2890305741496717 0.0 0.0 0.0030289968814660173 0.0 0.0 0.0
0.0 0.0 0.0009425019565210135 0.021489915896454548 0.07312578876167741 0.0 0.0 0.0 0.0 0.0 0.0 0.0 0.0 0.0 0.037499846165872694 0.0 0.0 0.0 0.0 0.0
0.0 0.0 0.0 0.0005810648017806619 0.023469598004643877 0.0 0.0 0.0 0.0 0.0 0.0 0.0 0.0 0.0 0.0 0.002068675143712539 0.013855659898294792 0.0 0.0 0.0
0.0 0.004783966001101425 0.0 0.0 0.10077439443986863 0.0 0.0 0.0 0.021427612631281068 0.0 0.0 0.0 0.0 0.0030289968814660173 0.0 0.013855659898294792 0.11452320926796558 0.0 0.0 0.017753864365203847
0.01821868642203836 0.0 0.07694072258092777 0.0 0.0032762522682918682 0.03542584613180855 0.0 0.0 0.0 0.028003650721354467 0.07158336586469713 0.0 0.0 0.0 0.0 0.0 0.0 0.20404228652808098 0.05181631576194723 0.020586098708772815
0.0 0.0 0.0350085465863941 0.0 0.14349773180883285 0.0 0.0 0.024240842755107295 0.0029178054867937397 0.0 0.015912058570718174 0.0043988067540716574 0.0 0.0 0.0 0.0 0.0 0.05181631576194723 0.13738524631697258 0.019187528059371295
0.0 0.0 0.0 0.09060606020690609 0.06240489360496393 0.0 0.0 0.011710024993240253 0.043621938171741065 0.0 0.002782939049575689 0.0 0.0 0.0 0.0 0.0 0.017753864365203847 0.020586098708772815 0.019187528059371295 0.14170984874183856
