0.04615588844979526 0.16687600200145003 0.028842324541249274 0.21634551562866974 0.002991963565440268 0.09630446548009272 0.040417036832807444 0.02112244585362865 0.1858948830274995 0.011334742517538217 0.00741864003512749 0.03430036046523502 0.00542229574487639 0.09848461640576336 0.03808881945082662
0.03712443557523102 0.0 0.0 0.0 0.0 0.0 0.0 0.0 0.0 0.1083229089071246 0.06330764553356477 0.0 0.0 0.0 0.0
0.0 0.004912512725820762 0.0 0.0 0.0 0.012873771654894034 0.0 0.04935256416959605 0.0 0.032031757897761526 0.0 0.0 0.0 0.02748736136956538 0.0
0.0 0.0 0.05499483137948573 0.0 0.0 0.0 0.02302872142441431 0.015378369784184553 0.0 0.05225791129018659 0.07575430897388458 0.0 0.0 0.0 0.0
0.0 0.0 0.0 0.004612647222154465 0.0 0.018339969744762638 0.0012739449251022023 0.005952805963082869 0.0 0.04879271675055252 0.0 0.0 0.0 0.02724372064783652 0.0
0.0 0.0 0.0 0.0 0.3552893815699577 0.02497496277523087 0.0 0.0 0.02252710051522583 0.0 0.0 0.0 0.0 0.0 0.01641890292729331
0.0 0.012873771654894034 0.0 0.018339969744762638 0.02497496277523087 0.10857601549042784 0.00919722214234256 0.02029243552552845 0.00808813304246385 0.10038848854755927 0.05273384565518102 0.0 0.0 0.04039892249104399 0.0
0.0 0.0 0.02302872142441431 0.0012739449251022023 0.0 0.00919722214234256 0.14853110320786983 0.08879391978679935 0.0 0.18266315889169532 0.03298943017399125 0.0 0.0 0.04833671314157614 0.0
0.0 0.04935256416959605 0.015378369784184553 0.005952805963082869 0.0 0.02029243552552845 0.08879391978679935 0.24192612042595557 0.0 0.06373866323031341 0.029896568048734196 0.05317839292248011 0.0 0.10520521852694315 0.0
0.0 0.0 0.0 0.0 0.02252710051522583 0.00808813304246385 0.0 0.0 0.00664938443221672 0.030382005236441523 0.01920726899766695 0.0 0.0 0.004316024531350146 0.0
0.1083229089071246 0.032031757897761526 0.05225791129018659 0.04879271675055252 0.0 0.10038848854755927 0.18266315889169532 0.06373866323031341 0.030382005236441523 0.4168496266786633 0.13048669109328725 0.0 0.06272169145568968 0.08795015352750968 0.1023529830710821
0.06330764553356477 0.0 0.07575430897388458 0.0 0.0 0.05273384565518102 0.03298943017399125 0.029896568048734196 0.01920726899766695 0.13048669109328725 0.42426445918788436 0.0 0.10975973924917926 0.07627662583045097 0.01289473781341216
0.0 0.0 0.0 0.0 0.0 0.0 0.0 0.05317839292248011 0.0 0.0 0.0 0.009621225037062687 0.0 0.0 0.0
0.0 0.0 0.0 0.0 0.0 0.0 0.0 0.0 0.0 0.06272169145568968 0.10975973924917926 0.0 0.03939343894637659 0.0 0.0
0.0 0.02748736136956538 0.0 0.02724372064783652 0.0 0.04039892249104399 0.04833671314157614 0.10520521852694315 0.004316024531350146 0.08795015352750968 0.07627662583045097 0.0 0.0 0.1253117054924587 0.0
0.0 0.0 0.0 0.0 0.01641890292729331 0.0 0.0 0.0 0.0 0.1023529830710821 0.01289473781341216 0.0 0.0 0.0 0.08250025286307619
