0.04460345855694693 0.044841979725700656 0.045199761478831244 0.04555754323196184 0.0456768038163387 0.046630888491353606 0.04746571258199165 0.04806201550387597 0.048539057841383425 0.049016100178890874 0.04985092426952892 0.05008944543828265 0.05008944543828265 0.05199761478831246 0.05271317829457364 0.05450208706022659 0.05462134764460346 0.055456171735241505 0.05641025641025641 0.05867620751341682
0.0 0.13392857142857142 0.02678571428571429 0.0 0.13392857142857142 0.05357142857142858 0.0 0.0 0.0 0.16071428571428578 0.08035714285714289 0.0 0.18749999999999997 0.02678571428571429 0.16071428571428578 0.05357142857142858 0.05357142857142858 0.02678571428571429 0.0 0.0
0.13392857142857142 0.7142857142857143 0.16071428571428578 0.0 0.26785714285714285 0.0 0.18749999999999997 0.0 0.13392857142857142 0.2946428571428572 0.0 0.13392857142857142 0.32142857142857156 0.0 0.7410714285714287 0.27678571428571425 0.0 0.16071428571428578 0.0 0.0
0.02678571428571429 0.16071428571428578 0.14285714285714288 0.0 0.25000000000000006 0.08035714285714289 0.0 0.0 0.0 0.27678571428571425 0.19642857142857145 0.02678571428571429 0.3035714285714286 0.05357142857142858 0.0 0.08035714285714289 0.16964285714285718 0.0 0.0 0.0
0.0 0.0 0.0 0.14285714285714288 0.0 0.08035714285714289 0.08035714285714289 0.08035714285714289 0.0 0.0 0.10714285714285716 0.0 0.21428571428571433 0.0 0.18749999999999997 0.08035714285714289 0.0 0.05357142857142858 0.05357142857142858 0.02678571428571429
0.13392857142857142 0.26785714285714285 0.25000000000000006 0.0 0.7142857142857143 0.18749999999999997 0.0 0.0 0.13392857142857142 0.7410714285714287 0.3035714285714286 0.13392857142857142 0.767857142857143 0.16071428571428578 0.2946428571428572 0.0 0.27678571428571425 0.0 0.0 0.0
0.05357142857142858 0.0 0.08035714285714289 0.08035714285714289 0.18749999999999997 0.28571428571428575 0.0 0.19642857142857145 0.0 0.3035714285714286 0.3125 0.0 0.41964285714285726 0.16964285714285718 0.0 0.0 0.19642857142857145 0.08035714285714289 0.16964285714285718 0.05357142857142858
0.0 0.18749999999999997 0.0 0.08035714285714289 0.0 0.0 0.28571428571428575 0.0 0.0 0.21428571428571433 0.0 0.0 0.0 0.08035714285714289 0.3928571428571429 0.10714285714285716 0.10714285714285716 0.0 0.0 0.05357142857142858
0.0 0.0 0.0 0.08035714285714289 0.0 0.19642857142857145 0.0 0.28571428571428575 0.0 0.21428571428571433 0.22321428571428573 0.0 0.33035714285714296 0.08035714285714289 0.0 0.0 0.10714285714285716 0.0 0.16964285714285718 0.05357142857142858
0.0 0.13392857142857142 0.0 0.0 0.13392857142857142 0.0 0.0 0.0 0.0 0.16071428571428578 0.0 0.0 0.18749999999999997 0.0 0.16071428571428578 0.0 0.0 0.0 0.0 0.0
0.16071428571428578 0.2946428571428572 0.27678571428571425 0.0 0.7410714285714287 0.3035714285714286 0.21428571428571433 0.21428571428571433 0.16071428571428578 0.8571428571428573 0.41964285714285726 0.16071428571428578 0.8839285714285717 0.27678571428571425 0.32142857142857156 0.21428571428571433 0.3928571428571429 0.18749999999999997 0.18749999999999997 0.16071428571428578
0.08035714285714289 0.0 0.19642857142857145 0.10714285714285716 0.3035714285714286 0.3125 0.0 0.22321428571428573 0.0 0.41964285714285726 0.42857142857142866 0.08035714285714289 0.5357142857142857 0.19642857142857145 0.0 0.13392857142857142 0.3125 0.0 0.19642857142857145 0.08035714285714289
0.0 0.13392857142857142 0.02678571428571429 0.0 0.13392857142857142 0.0 0.0 0.0 0.0 0.16071428571428578 0.08035714285714289 0.0 0.18749999999999997 0.0 0.16071428571428578 0.05357142857142858 0.05357142857142858 0.0 0.0 0.0
0.18749999999999997 0.32142857142857156 0.3035714285714286 0.21428571428571433 0.767857142857143 0.41964285714285726 0.0 0.33035714285714296 0.18749999999999997 0.8839285714285717 0.5357142857142857 0.18749999999999997 1.0 0.3035714285714286 0.3482142857142859 0.0 0.41964285714285726 0.0 0.3035714285714286 0.18749999999999997
0.02678571428571429 0.0 0.05357142857142858 0.0 0.16071428571428578 0.16964285714285718 0.08035714285714289 0.08035714285714289 0.0 0.27678571428571425 0.19642857142857145 0.0 0.3035714285714286 0.14285714285714288 0.18749999999999997 0.08035714285714289 0.16964285714285718 0.05357142857142858 0.05357142857142858 0.02678571428571429
0.16071428571428578 0.7410714285714287 0.0 0.18749999999999997 0.2946428571428572 0.0 0.3928571428571429 0.0 0.16071428571428578 0.32142857142857156 0.0 0.16071428571428578 0.3482142857142859 0.18749999999999997 0.8571428571428573 0.3928571428571429 0.21428571428571433 0.27678571428571425 0.0 0.16071428571428578
0.05357142857142858 0.27678571428571425 0.08035714285714289 0.08035714285714289 0.0 0.0 0.10714285714285716 0.0 0.0 0.21428571428571433 0.13392857142857142 0.05357142857142858 0.0 0.08035714285714289 0.3928571428571429 0.28571428571428575 0.10714285714285716 0.16964285714285718 0.0 0.05357142857142858
0.05357142857142858 0.0 0.16964285714285718 0.0 0.27678571428571425 0.19642857142857145 0.10714285714285716 0.10714285714285716 0.0 0.3928571428571429 0.3125 0.05357142857142858 0.41964285714285726 0.16964285714285718 0.21428571428571433 0.10714285714285716 0.28571428571428575 0.08035714285714289 0.08035714285714289 0.05357142857142858
0.02678571428571429 0.16071428571428578 0.0 0.05357142857142858 0.0 0.08035714285714289 0.0 0.0 0.0 0.18749999999999997 0.0 0.0 0.0 0.05357142857142858 0.27678571428571425 0.16964285714285718 0.08035714285714289 0.14285714285714288 0.0 0.02678571428571429
0.0 0.0 0.0 0.05357142857142858 0.0 0.16964285714285718 0.0 0.16964285714285718 0.0 0.18749999999999997 0.19642857142857145 0.0 0.3035714285714286 0.05357142857142858 0.0 0.0 0.08035714285714289 0.0 0.14285714285714288 0.02678571428571429
0.0 0.0 0.0 0.02678571428571429 0.0 0.05357142857142858 0.05357142857142858 0.05357142857142858 0.0 0.16071428571428578 0.08035714285714289 0.0 0.18749999999999997 0.02678571428571429 0.16071428571428578 0.05357142857142858 0.05357142857142858 0.02678571428571429 0.02678571428571429 0.0
