0.005776004973062578 0.010541856610029009 0.0054133858267716535 0.009738914214670534 0.00940219643597182 0.005594695399917115 0.0065271446332366345 0.009350393700787402 0.01144840447575632 0.007019270617488603 0.0062681309573145464 0.005698300870285951 0.005439287194363863 0.007925818483215915 0.005387484459179445 0.008158930791545794 0.007925818483215915 0.005568794032324907 0.005853709075839204 0.007925818483215915 0.006242229589722337 0.006941566514711977 0.005983215913800249 0.006578947368421052 0.005568794032324907 0.007304185661002901 0.005361583091587236 0.005361583091587236 0.009920223787815997 0.0058796104434314135 0.005853709075839204 0.009687111479486117 0.009816618317447161 0.007071073352673021 0.008184832159138003 0.012044135930377124 0.008573352673021135 0.005750103605470369 0.00572420223787816 0.005905511811023622 0.0064235391628678 0.0052579776212184 0.009505801906340655 0.005465188561956071 0.005309780356402818 0.008832366348943224 0.010878574388727726 0.005206174886033982 0.0061386241193535016 0.00870285951098218 0.011836924989639452 0.008728760878574389 0.006501243265644426 0.005750103605470369 0.005516991297140489 0.006371736427683382 0.0060091172813924575 0.006812059676750933 0.0062681309573145464 0.005698300870285951 0.005672399502693742 0.0052579776212184 0.0064235391628678 0.0052838789888106094 0.008987774554496477 0.00916908412764194 0.009039577289680896 0.006682552838789888 0.007848114380439287 0.010438251139660175 0.007485495234148363 0.005801906340654786 0.005698300870285951 0.005491089929548281 0.010878574388727726 0.005594695399917115 0.005439287194363863 0.010127434728553668 0.010826771653543307 0.005491089929548281 0.008314338997099047 0.009505801906340655 0.012251346871114795 0.00867695814338997 0.006682552838789888 0.005232076253626192 0.006035018648984666 0.006449440530460008 0.005983215913800249 0.010645462080397844 0.006708454206382097 0.006708454206382097 0.0052579776212184 0.011292996270203066 0.011862826357231663 0.005853709075839204 0.008184832159138003 0.009894322420223789 0.012743472855366764 0.00937629506837961 0.006734355573974306 0.005905511811023622 0.00663075010360547 0.006371736427683382 0.006112722751761293 0.006060920016576875 0.005905511811023622 0.00826253626191463 0.006086821384169084 0.009117281392457521 0.007640903439701616 0.008780563613758806 0.00823663489432242 0.009039577289680896 0.006112722751761293 0.0071228760878574385 0.010308744301699129 0.0072523829258184834 0.006371736427683382 0.0052838789888106094 0.005698300870285951 0.006086821384169084 0.005983215913800249 0.006734355573974306 0.005983215913800249 0.006786158309158723 0.005646498135101533 0.007355988396187319 0.005232076253626192 0.005905511811023622 0.005801906340654786 0.006035018648984666 0.005491089929548281 0.007640903439701616 0.005698300870285951 0.005620596767509325 0.005594695399917115 0.0061386241193535016
0.11111111111111112 0.03418803418803419 0.17948717948717952 0.2478632478632479 0.2136752136752137 0.09401709401709403 0.3504273504273504 0.3162393162393163 0.28205128205128205 0.2478632478632479 0.2136752136752137 0.3504273504273504 0.3162393162393163 0.13675213675213677 0.0 0.0 0.0 0.0 0.0 0.0 0.0 0.10256410256410259 0.008547008547008555 0.0 0.07692307692307696 0.042735042735042736 0.008547008547008555 0.12820512820512822 0.20512820512820518 0.0 0.008547008547008555 0.0 0.0 0.0 0.0 0.0 0.0 0.0 0.0 0.0 0.0 0.09401709401709403 0.17094017094017094 0.0 0.0 0.0 0.0 0.0 0.0 0.0 0.0 0.0 0.0 0.0 0.0 0.0 0.0 0.0 0.13675213675213677 0.042735042735042736 0.008547008547008555 0.1111111111111111 0.07692307692307696 0.2307692307692308 0.30769230769230765 0.0 0.0 0.0 0.0 0.0 0.0 0.0 0.0 0.19658119658119658 0.27350427350427353 0.0 0.07692307692307696 0.0 0.0 0.025641025641025626 0.0 0.0 0.0 0.0 0.0 0.0 0.0 0.0 0.16239316239316243 0.23931623931623933 0.0 0.042735042735042736 0.0 0.0 0.0 0.0 0.0 0.0 0.0 0.0 0.0 0.0 0.0 0.0 0.0 0.20512820512820518 0.0 0.0 0.0 0.0 0.0 0.17094017094017094 0.0 0.0 0.0 0.0 0.0 0.0 0.0 0.0 0.3418803418803419 0.0 0.0 0.30769230769230765 0.0 0.0 0.0 0.0 0.0 0.27350427350427353 0.0 0.0 0.0 0.0 0.0 0.0 0.0 0.0
0.03418803418803419 0.0 0.10256410256410259 0.17094017094017094 0.13675213675213677 0.10256410256410259 0.27350427350427353 0.23931623931623933 0.20512820512820518 0.17094017094017094 0.13675213675213677 0.27350427350427353 0.23931623931623933 0.10256410256410259 0.0 0.0 0.0 0.0 0.0 0.0 0.0 0.06837606837606838 0.0 0.0 0.0 0.0 0.0 0.051282051282051294 0.17094017094017094 0.0 0.0 0.0 0.0 0.0 0.0 0.0 0.0 0.0 0.0 0.0 0.0 0.01709401709401711 0.13675213675213677 0.0 0.0 0.0 0.0 0.0 0.0 0.0 0.0 0.0 0.0 0.0 0.0 0.0 0.0 0.0 0.10256410256410259 0.0 0.0 0.03418803418803422 0.0 0.15384615384615383 0.27350427350427353 0.0 0.0 0.0 0.0 0.0 0.0 0.0 0.0 0.11965811965811969 0.23931623931623933 0.0 0.0 0.0 0.0 0.03418803418803422 0.0 0.0 0.0 0.0 0.0 0.0 0.0 0.0 0.08547008547008547 0.20512820512820518 0.0 0.0 0.0 0.0 0.0 0.0 0.0 0.0 0.0 0.0 0.0 0.0 0.0 0.0 0.0 0.17094017094017094 0.0 0.0 0.0 0.0 0.0 0.13675213675213677 0.0 0.0 0.0 0.0 0.0 0.0 0.0 0.0 0.30769230769230765 0.0 0.0 0.27350427350427353 0.0 0.0 0.0 0.0 0.0 0.23931623931623933 0.0 0.0 0.0 0.0 0.0 0.0 0.0 0.0
0.17948717948717952 0.10256410256410259 0.33333333333333337 0.4017094017094017 0.36752136752136755 0.16239316239316243 0.5042735042735044 0.47008547008547014 0.4358974358974359 0.4017094017094017 0.28205128205128205 0.5042735042735044 0.47008547008547014 0.20512820512820518 0.10256410256410259 0.17094017094017094 0.13675213675213677 0.27350427350427353 0.23931623931623933 0.20512820512820518 0.17094017094017094 0.17094017094017094 0.2478632478632479 0.2136752136752137 0.3162393162393163 0.28205128205128205 0.2478632478632479 0.19658119658119658 0.27350427350427353 0.08547008547008547 0.11965811965811969 0.0 0.008547008547008555 0.0 0.0 0.0 0.0 0.03418803418803422 0.0 0.0 0.0 0.16239316239316243 0.23931623931623933 0.09401709401709403 0.12820512820512822 0.008547008547008555 0.01709401709401711 0.07692307692307696 0.1111111111111111 0.07692307692307696 0.042735042735042736 0.008547008547008555 0.042735042735042736 0.1452991452991453 0.1111111111111111 0.07692307692307696 0.09401709401709403 0.11965811965811969 0.20512820512820518 0.19658119658119658 0.16239316239316243 0.26495726495726496 0.2307692307692308 0.29914529914529914 0.3760683760683761 0.0 0.025641025641025626 0.0 0.0 0.0 0.0 0.0 0.0 0.26495726495726496 0.3418803418803419 0.1111111111111111 0.18803418803418806 0.0 0.0 0.09401709401709399 0.0 0.0 0.0 0.0 0.0 0.0 0.0 0.0 0.2307692307692308 0.30769230769230765 0.07692307692307696 0.15384615384615383 0.0 0.0 0.0 0.059829059829059845 0.0 0.0 0.0 0.0 0.0 0.0 0.0 0.0 0.0 0.27350427350427353 0.0 0.008547008547008555 0.0 0.0 0.0 0.23931623931623933 0.07692307692307696 0.08547008547008547 0.025641025641025626 0.0 0.0 0.008547008547008555 0.0 0.0 0.41025641025641035 0.0 0.0 0.3760683760683761 0.0 0.025641025641025626 0.0 0.0 0.0 0.3418803418803419 0.0 0.0 0.0 0.0 0.0 0.0 0.0 0.0
0.2478632478632479 0.17094017094017094 0.4017094017094017 0.5555555555555556 0.47863247863247865 0.3162393162393163 0.6581196581196582 0.623931623931624 0.5897435897435898 0.47008547008547014 0.39316239316239315 0.6581196581196582 0.623931623931624 0.27350427350427353 0.17094017094017094 0.3247863247863248 0.2478632478632479 0.4273504273504274 0.39316239316239315 0.35897435897435903 0.23931623931623933 0.23931623931623933 0.4017094017094017 0.3247863247863248 0.47008547008547014 0.4358974358974359 0.3162393162393163 0.30769230769230765 0.3418803418803419 0.23931623931623933 0.27350427350427353 0.17094017094017094 0.20512820512820518 0.27350427350427353 0.23931623931623933 0.20512820512820518 0.23931623931623933 0.27350427350427353 0.30769230769230765 0.27350427350427353 0.23931623931623933 0.2307692307692308 0.30769230769230765 0.16239316239316243 0.19658119658119658 0.2478632478632479 0.17094017094017094 0.2307692307692308 0.3504273504273504 0.3162393162393163 0.28205128205128205 0.16239316239316243 0.19658119658119658 0.38461538461538464 0.3504273504273504 0.3162393162393163 0.2478632478632479 0.35897435897435903 0.27350427350427353 0.39316239316239315 0.3162393162393163 0.4615384615384616 0.4273504273504274 0.3675213675213676 0.4444444444444446 0.1452991452991453 0.17948717948717946 0.0 0.0 0.06837606837606837 0.059829059829059845 0.09401709401709399 0.0 0.33333333333333337 0.41025641025641035 0.2222222222222222 0.25641025641025644 0.15384615384615383 0.18803418803418806 0.2905982905982906 0.0 0.0 0.07692307692307696 0.06837606837606837 0.10256410256410259 0.0 0.0 0.06837606837606837 0.29914529914529914 0.3760683760683761 0.2307692307692308 0.26495726495726496 0.19658119658119658 0.16239316239316243 0.19658119658119658 0.29914529914529914 0.1111111111111111 0.07692307692307696 0.08547008547008547 0.07692307692307696 0.1111111111111111 0.1452991452991453 0.1111111111111111 0.07692307692307696 0.1111111111111111 0.3418803418803419 0.23931623931623933 0.16239316239316243 0.15384615384615383 0.16239316239316243 0.08547008547008547 0.30769230769230765 0.3162393162393163 0.23931623931623933 0.26495726495726496 0.2307692307692308 0.23931623931623933 0.16239316239316243 0.08547008547008547 0.2307692307692308 0.47863247863247865 0.13675213675213674 0.059829059829059845 0.4444444444444446 0.1452991452991453 0.17948717948717946 0.0 0.06837606837606837 0.059829059829059845 0.41025641025641035 0.15384615384615383 0.18803418803418806 0.06837606837606837 0.07692307692307696 0.06837606837606837 0.2307692307692308 0.15384615384615383 0.15384615384615383
0.2136752136752137 0.13675213675213677 0.36752136752136755 0.47863247863247865 0.4444444444444445 0.28205128205128205 0.5811965811965812 0.5470085470085471 0.5128205128205129 0.47863247863247865 0.35897435897435903 0.5811965811965812 0.5470085470085471 0.23931623931623933 0.13675213675213677 0.2478632478632479 0.2136752136752137 0.3504273504273504 0.3162393162393163 0.28205128205128205 0.2478632478632479 0.20512820512820518 0.3247863247863248 0.2905982905982906 0.39316239316239315 0.35897435897435903 0.3247863247863248 0.2307692307692308 0.30769230769230765 0.16239316239316243 0.19658119658119658 0.051282051282051294 0.12820512820512822 0.1111111111111111 0.07692307692307696 0.042735042735042736 0.16239316239316243 0.19658119658119658 0.1452991452991453 0.1111111111111111 0.07692307692307696 0.23931623931623933 0.27350427350427353 0.17094017094017094 0.20512820512820518 0.17094017094017094 0.13675213675213677 0.23931623931623933 0.27350427350427353 0.23931623931623933 0.20512820512820518 0.17094017094017094 0.20512820512820518 0.30769230769230765 0.27350427350427353 0.23931623931623933 0.2136752136752137 0.28205128205128205 0.23931623931623933 0.3162393162393163 0.28205128205128205 0.38461538461538464 0.3504273504273504 0.33333333333333337 0.41025641025641035 0.025641025641025626 0.10256410256410259 0.0 0.0 0.0 0.025641025641025626 0.01709401709401711 0.0 0.29914529914529914 0.3760683760683761 0.1452991452991453 0.2222222222222222 0.03418803418803422 0.1111111111111111 0.2136752136752137 0.0 0.0 0.0 0.03418803418803422 0.025641025641025626 0.0 0.0 0.0 0.26495726495726496 0.3418803418803419 0.15384615384615383 0.18803418803418806 0.03418803418803422 0.042735042735042736 0.11965811965811969 0.2222222222222222 0.0 0.0 0.0 0.042735042735042736 0.03418803418803422 0.0 0.0 0.0 0.03418803418803422 0.30769230769230765 0.16239316239316243 0.12820512820512822 0.07692307692307696 0.042735042735042736 0.051282051282051294 0.27350427350427353 0.23931623931623933 0.20512820512820518 0.18803418803418806 0.15384615384615383 0.11965811965811969 0.12820512820512822 0.051282051282051294 0.15384615384615383 0.4444444444444446 0.01709401709401711 0.0 0.41025641025641035 0.025641025641025626 0.10256410256410259 0.0 0.0 0.025641025641025626 0.3760683760683761 0.03418803418803422 0.1111111111111111 0.0 0.0 0.03418803418803422 0.15384615384615383 0.11965811965811969 0.03418803418803422
0.09401709401709403 0.10256410256410259 0.16239316239316243 0.3162393162393163 0.28205128205128205 0.33333333333333337 0.41880341880341887 0.38461538461538464 0.3504273504273504 0.3162393162393163 0.28205128205128205 0.41880341880341887 0.38461538461538464 0.20512820512820518 0.0 0.0 0.008547008547008555 0.059829059829059845 0.025641025641025626 0.0 0.0 0.17094017094017094 0.07692307692307696 0.08547008547008547 0.1452991452991453 0.1111111111111111 0.07692307692307696 0.1111111111111111 0.27350427350427353 0.0 0.03418803418803422 0.0 0.0 0.0 0.0 0.0 0.0 0.0 0.0 0.0 0.0 0.07692307692307696 0.23931623931623933 0.0 0.0 0.0 0.0 0.16239316239316243 0.0 0.0 0.0 0.0 0.0 0.0 0.0 0.0 0.008547008547008555 0.03418803418803422 0.20512820512820518 0.23931623931623933 0.20512820512820518 0.30769230769230765 0.27350427350427353 0.2136752136752137 0.3760683760683761 0.0 0.0 0.0 0.0 0.0 0.0 0.0 0.0 0.17948717948717946 0.3418803418803419 0.0 0.10256410256410259 0.0 0.0 0.26495726495726496 0.0 0.0 0.0 0.0 0.0 0.0 0.0 0.0 0.1452991452991453 0.30769230769230765 0.0 0.06837606837606837 0.0 0.0 0.0 0.2307692307692308 0.0 0.0 0.0 0.0 0.0 0.0 0.0 0.0 0.0 0.27350427350427353 0.0 0.0 0.0 0.0 0.0 0.23931623931623933 0.0 0.0 0.0 0.0 0.0 0.0 0.0 0.0 0.41025641025641035 0.0 0.0 0.3760683760683761 0.0 0.0 0.0 0.0 0.0 0.3418803418803419 0.0 0.0 0.0 0.0 0.0 0.0 0.0 0.0
0.3504273504273504 0.27350427350427353 0.5042735042735044 0.6581196581196582 0.5811965811965812 0.41880341880341887 0.888888888888889 0.811965811965812 0.7350427350427351 0.6581196581196582 0.5811965811965812 0.8034188034188035 0.7264957264957266 0.3760683760683761 0.27350427350427353 0.4273504273504274 0.3504273504273504 0.6581196581196582 0.5811965811965812 0.5042735042735044 0.4273504273504274 0.3418803418803419 0.5042735042735044 0.4273504273504274 0.6581196581196582 0.5811965811965812 0.5042735042735044 0.3675213675213676 0.4444444444444446 0.25641025641025644 0.2905982905982906 0.27350427350427353 0.26495726495726496 0.5042735042735044 0.4273504273504274 0.3504273504273504 0.3418803418803419 0.33333333333333337 0.5384615384615385 0.41880341880341887 0.3418803418803419 0.33333333333333337 0.41025641025641035 0.26495726495726496 0.25641025641025644 0.3504273504273504 0.27350427350427353 0.2478632478632479 0.5811965811965812 0.5042735042735044 0.4273504273504274 0.3504273504273504 0.3418803418803419 0.6153846153846155 0.4957264957264958 0.41880341880341887 0.3504273504273504 0.5042735042735044 0.3760683760683761 0.4957264957264958 0.41880341880341887 0.6495726495726496 0.5726495726495727 0.5128205128205129 0.5470085470085471 0.3760683760683761 0.41025641025641035 0.27350427350427353 0.30769230769230765 0.3418803418803419 0.3760683760683761 0.41025641025641035 0.3418803418803419 0.4358974358974359 0.5128205128205129 0.3675213675213676 0.40170940170940184 0.29914529914529914 0.33333333333333337 0.4358974358974359 0.3504273504273504 0.27350427350427353 0.26495726495726496 0.29914529914529914 0.33333333333333337 0.38461538461538464 0.26495726495726496 0.29914529914529914 0.40170940170940184 0.47863247863247865 0.2905982905982906 0.32478632478632485 0.3418803418803419 0.26495726495726496 0.25641025641025644 0.3589743589743591 0.4273504273504274 0.3504273504273504 0.27350427350427353 0.26495726495726496 0.25641025641025644 0.4615384615384616 0.3418803418803419 0.26495726495726496 0.25641025641025644 0.4444444444444446 0.3418803418803419 0.26495726495726496 0.4273504273504274 0.3504273504273504 0.27350427350427353 0.41025641025641035 0.41880341880341887 0.3418803418803419 0.5811965811965812 0.5042735042735044 0.4273504273504274 0.3504273504273504 0.27350427350427353 0.41880341880341887 0.5811965811965812 0.3675213675213676 0.33333333333333337 0.5470085470085471 0.2905982905982906 0.32478632478632485 0.26495726495726496 0.25641025641025644 0.2905982905982906 0.5128205128205129 0.25641025641025644 0.2478632478632479 0.3418803418803419 0.26495726495726496 0.25641025641025644 0.33333333333333337 0.25641025641025644 0.3418803418803419
0.3162393162393163 0.23931623931623933 0.47008547008547014 0.623931623931624 0.5470085470085471 0.38461538461538464 0.811965811965812 0.7777777777777778 0.700854700854701 0.623931623931624 0.5470085470085471 0.811965811965812 0.6923076923076923 0.3418803418803419 0.23931623931623933 0.39316239316239315 0.3162393162393163 0.5811965811965812 0.5470085470085471 0.47008547008547014 0.39316239316239315 0.30769230769230765 0.47008547008547014 0.39316239316239315 0.623931623931624 0.5470085470085471 0.47008547008547014 0.33333333333333337 0.41025641025641035 0.2222222222222222 0.25641025641025644 0.23931623931623933 0.2307692307692308 0.4273504273504274 0.39316239316239315 0.3162393162393163 0.30769230769230765 0.3418803418803419 0.4615384615384616 0.4273504273504274 0.30769230769230765 0.29914529914529914 0.3760683760683761 0.2307692307692308 0.2222222222222222 0.3162393162393163 0.23931623931623933 0.2136752136752137 0.5042735042735044 0.47008547008547014 0.39316239316239315 0.3162393162393163 0.30769230769230765 0.5384615384615385 0.5042735042735044 0.38461538461538464 0.3162393162393163 0.47008547008547014 0.3418803418803419 0.4615384615384616 0.38461538461538464 0.6153846153846155 0.5384615384615385 0.4358974358974359 0.5128205128205129 0.29914529914529914 0.33333333333333337 0.15384615384615383 0.2307692307692308 0.26495726495726496 0.29914529914529914 0.33333333333333337 0.26495726495726496 0.4444444444444446 0.47863247863247865 0.3760683760683761 0.41025641025641035 0.30769230769230765 0.3418803418803419 0.4444444444444446 0.27350427350427353 0.23931623931623933 0.27350427350427353 0.30769230769230765 0.3418803418803419 0.30769230769230765 0.27350427350427353 0.30769230769230765 0.3675213675213676 0.4444444444444446 0.29914529914529914 0.33333333333333337 0.3504273504273504 0.2307692307692308 0.26495726495726496 0.3675213675213676 0.3504273504273504 0.3162393162393163 0.23931623931623933 0.2307692307692308 0.26495726495726496 0.38461538461538464 0.3504273504273504 0.2307692307692308 0.26495726495726496 0.41025641025641035 0.30769230769230765 0.2307692307692308 0.39316239316239315 0.3162393162393163 0.23931623931623933 0.3760683760683761 0.38461538461538464 0.30769230769230765 0.5042735042735044 0.47008547008547014 0.39316239316239315 0.3162393162393163 0.23931623931623933 0.38461538461538464 0.5470085470085471 0.2905982905982906 0.25641025641025644 0.5128205128205129 0.29914529914529914 0.33333333333333337 0.2307692307692308 0.26495726495726496 0.29914529914529914 0.47863247863247865 0.2222222222222222 0.25641025641025644 0.30769230769230765 0.2307692307692308 0.2222222222222222 0.29914529914529914 0.2222222222222222 0.30769230769230765
0.28205128205128205 0.20512820512820518 0.4358974358974359 0.5897435897435898 0.5128205128205129 0.3504273504273504 0.7350427350427351 0.700854700854701 0.6666666666666667 0.5897435897435898 0.5128205128205129 0.7350427350427351 0.700854700854701 0.30769230769230765 0.20512820512820518 0.35897435897435903 0.28205128205128205 0.5042735042735044 0.47008547008547014 0.4358974358974359 0.35897435897435903 0.27350427350427353 0.4358974358974359 0.35897435897435903 0.5470085470085471 0.5128205128205129 0.4358974358974359 0.29914529914529914 0.3760683760683761 0.2307692307692308 0.26495726495726496 0.20512820512820518 0.19658119658119658 0.3504273504273504 0.3162393162393163 0.28205128205128205 0.3162393162393163 0.3504273504273504 0.38461538461538464 0.3504273504273504 0.3162393162393163 0.26495726495726496 0.3418803418803419 0.19658119658119658 0.18803418803418806 0.28205128205128205 0.20512820512820518 0.2222222222222222 0.4273504273504274 0.39316239316239315 0.35897435897435903 0.28205128205128205 0.27350427350427353 0.4615384615384616 0.4273504273504274 0.39316239316239315 0.28205128205128205 0.4358974358974359 0.30769230769230765 0.4273504273504274 0.3504273504273504 0.5384615384615385 0.5042735042735044 0.40170940170940184 0.47863247863247865 0.2222222222222222 0.25641025641025644 0.03418803418803422 0.1111111111111111 0.18803418803418806 0.2222222222222222 0.25641025641025644 0.10256410256410259 0.3675213675213676 0.4444444444444446 0.29914529914529914 0.33333333333333337 0.2307692307692308 0.26495726495726496 0.3675213675213676 0.1111111111111111 0.11965811965811969 0.19658119658119658 0.2307692307692308 0.26495726495726496 0.1452991452991453 0.1111111111111111 0.2307692307692308 0.3760683760683761 0.41025641025641035 0.30769230769230765 0.3418803418803419 0.27350427350427353 0.23931623931623933 0.27350427350427353 0.3760683760683761 0.27350427350427353 0.23931623931623933 0.20512820512820518 0.23931623931623933 0.27350427350427353 0.30769230769230765 0.27350427350427353 0.23931623931623933 0.27350427350427353 0.3760683760683761 0.3162393162393163 0.19658119658119658 0.3162393162393163 0.28205128205128205 0.20512820512820518 0.3418803418803419 0.39316239316239315 0.27350427350427353 0.4273504273504274 0.39316239316239315 0.35897435897435903 0.28205128205128205 0.20512820512820518 0.39316239316239315 0.5128205128205129 0.2136752136752137 0.17948717948717946 0.47863247863247865 0.2222222222222222 0.25641025641025644 0.1111111111111111 0.18803418803418806 0.2222222222222222 0.4444444444444446 0.2307692307692308 0.26495726495726496 0.2307692307692308 0.19658119658119658 0.2307692307692308 0.30769230769230765 0.18803418803418806 0.27350427350427353
0.2478632478632479 0.17094017094017094 0.4017094017094017 0.47008547008547014 0.47863247863247865 0.3162393162393163 0.6581196581196582 0.623931623931624 0.5897435897435898 0.5555555555555556 0.47863247863247865 0.6581196581196582 0.623931623931624 0.27350427350427353 0.17094017094017094 0.23931623931623933 0.2478632478632479 0.4273504273504274 0.39316239316239315 0.35897435897435903 0.3247863247863248 0.23931623931623933 0.3162393162393163 0.3247863247863248 0.47008547008547014 0.4358974358974359 0.4017094017094017 0.26495726495726496 0.3418803418803419 0.15384615384615383 0.18803418803418806 0.08547008547008547 0.16239316239316243 0.18803418803418806 0.15384615384615383 0.16239316239316243 0.23931623931623933 0.27350427350427353 0.2222222222222222 0.18803418803418806 0.15384615384615383 0.2307692307692308 0.30769230769230765 0.16239316239316243 0.19658119658119658 0.16239316239316243 0.17094017094017094 0.2307692307692308 0.3504273504273504 0.3162393162393163 0.28205128205128205 0.2478632478632479 0.28205128205128205 0.38461538461538464 0.3504273504273504 0.3162393162393163 0.2478632478632479 0.35897435897435903 0.27350427350427353 0.30769230769230765 0.3162393162393163 0.4615384615384616 0.4273504273504274 0.3675213675213676 0.4444444444444446 0.059829059829059845 0.17948717948717946 0.0 0.0 0.06837606837606837 0.1452991452991453 0.17948717948717946 0.0 0.33333333333333337 0.41025641025641035 0.2222222222222222 0.25641025641025644 0.06837606837606837 0.18803418803418806 0.2905982905982906 0.0 0.0 0.07692307692307696 0.15384615384615383 0.18803418803418806 0.0 0.0 0.06837606837606837 0.29914529914529914 0.3760683760683761 0.2307692307692308 0.26495726495726496 0.1111111111111111 0.07692307692307696 0.19658119658119658 0.29914529914529914 0.1111111111111111 0.07692307692307696 0.08547008547008547 0.16239316239316243 0.19658119658119658 0.1452991452991453 0.1111111111111111 0.07692307692307696 0.19658119658119658 0.3418803418803419 0.23931623931623933 0.20512820512820518 0.23931623931623933 0.20512820512820518 0.17094017094017094 0.30769230769230765 0.3162393162393163 0.28205128205128205 0.3504273504273504 0.3162393162393163 0.28205128205128205 0.2478632478632479 0.17094017094017094 0.3162393162393163 0.47863247863247865 0.05128205128205125 0.059829059829059845 0.4444444444444446 0.059829059829059845 0.17948717948717946 0.0 0.06837606837606837 0.1452991452991453 0.41025641025641035 0.06837606837606837 0.18803418803418806 0.06837606837606837 0.07692307692307696 0.15384615384615383 0.2307692307692308 0.19658119658119658 0.19658119658119658
0.2136752136752137 0.13675213675213677 0.28205128205128205 0.39316239316239315 0.35897435897435903 0.28205128205128205 0.5811965811965812 0.5470085470085471 0.5128205128205129 0.47863247863247865 0.4444444444444445 0.5811965811965812 0.5470085470085471 0.23931623931623933 0.051282051282051294 0.11965811965811969 0.12820512820512822 0.26495726495726496 0.2307692307692308 0.19658119658119658 0.20512820512820518 0.20512820512820518 0.23931623931623933 0.20512820512820518 0.39316239316239315 0.35897435897435903 0.3247863247863248 0.2307692307692308 0.30769230769230765 0.03418803418803422 0.15384615384615383 0.0 0.042735042735042736 0.025641025641025626 0.03418803418803422 0.042735042735042736 0.11965811965811969 0.19658119658119658 0.059829059829059845 0.025641025641025626 0.03418803418803422 0.19658119658119658 0.27350427350427353 0.042735042735042736 0.11965811965811969 0.042735042735042736 0.051282051282051294 0.15384615384615383 0.18803418803418806 0.15384615384615383 0.11965811965811969 0.12820512820512822 0.20512820512820518 0.2222222222222222 0.18803418803418806 0.15384615384615383 0.12820512820512822 0.28205128205128205 0.23931623931623933 0.2307692307692308 0.19658119658119658 0.38461538461538464 0.3504273504273504 0.33333333333333337 0.41025641025641035 0.0 0.01709401709401711 0.0 0.0 0.0 0.025641025641025626 0.10256410256410259 0.0 0.29914529914529914 0.3760683760683761 0.059829059829059845 0.2222222222222222 0.0 0.025641025641025626 0.2136752136752137 0.0 0.0 0.0 0.03418803418803422 0.1111111111111111 0.0 0.0 0.0 0.26495726495726496 0.3418803418803419 0.06837606837606837 0.18803418803418806 0.0 0.0 0.03418803418803422 0.2222222222222222 0.0 0.0 0.0 0.042735042735042736 0.11965811965811969 0.0 0.0 0.0 0.03418803418803422 0.30769230769230765 0.07692307692307696 0.042735042735042736 0.07692307692307696 0.042735042735042736 0.051282051282051294 0.27350427350427353 0.23931623931623933 0.20512820512820518 0.27350427350427353 0.23931623931623933 0.20512820512820518 0.17094017094017094 0.13675213675213677 0.23931623931623933 0.4444444444444446 0.0 0.0 0.41025641025641035 0.0 0.01709401709401711 0.0 0.0 0.025641025641025626 0.3760683760683761 0.0 0.025641025641025626 0.0 0.0 0.03418803418803422 0.06837606837606837 0.03418803418803422 0.03418803418803422
0.3504273504273504 0.27350427350427353 0.5042735042735044 0.6581196581196582 0.5811965811965812 0.41880341880341887 0.8034188034188035 0.811965811965812 0.7350427350427351 0.6581196581196582 0.5811965811965812 0.888888888888889 0.811965811965812 0.3760683760683761 0.27350427350427353 0.4273504273504274 0.3504273504273504 0.5726495726495727 0.5811965811965812 0.5042735042735044 0.4273504273504274 0.3418803418803419 0.5042735042735044 0.4273504273504274 0.6581196581196582 0.5811965811965812 0.5042735042735044 0.3675213675213676 0.4444444444444446 0.25641025641025644 0.2905982905982906 0.27350427350427353 0.26495726495726496 0.41880341880341887 0.4273504273504274 0.3504273504273504 0.3418803418803419 0.33333333333333337 0.5384615384615385 0.5042735042735044 0.4273504273504274 0.33333333333333337 0.41025641025641035 0.26495726495726496 0.25641025641025644 0.3504273504273504 0.27350427350427353 0.2478632478632479 0.4957264957264958 0.5042735042735044 0.4273504273504274 0.3504273504273504 0.3418803418803419 0.6153846153846155 0.5811965811965812 0.5042735042735044 0.3504273504273504 0.5042735042735044 0.3760683760683761 0.4957264957264958 0.41880341880341887 0.6495726495726496 0.5726495726495727 0.47008547008547014 0.5470085470085471 0.2905982905982906 0.32478632478632485 0.18803418803418806 0.26495726495726496 0.25641025641025644 0.2905982905982906 0.32478632478632485 0.3418803418803419 0.4358974358974359 0.5128205128205129 0.3675213675213676 0.40170940170940184 0.29914529914529914 0.33333333333333337 0.4358974358974359 0.26495726495726496 0.27350427350427353 0.26495726495726496 0.29914529914529914 0.33333333333333337 0.38461538461538464 0.3504273504273504 0.38461538461538464 0.40170940170940184 0.47863247863247865 0.2905982905982906 0.32478632478632485 0.3418803418803419 0.26495726495726496 0.25641025641025644 0.3589743589743591 0.3418803418803419 0.3504273504273504 0.27350427350427353 0.26495726495726496 0.25641025641025644 0.4615384615384616 0.4273504273504274 0.3504273504273504 0.3418803418803419 0.4444444444444446 0.3418803418803419 0.26495726495726496 0.4273504273504274 0.3504273504273504 0.27350427350427353 0.41025641025641035 0.41880341880341887 0.3418803418803419 0.4957264957264958 0.5042735042735044 0.4273504273504274 0.3504273504273504 0.27350427350427353 0.5042735042735044 0.5811965811965812 0.3675213675213676 0.33333333333333337 0.5470085470085471 0.3760683760683761 0.41025641025641035 0.30769230769230765 0.3418803418803419 0.3760683760683761 0.5128205128205129 0.29914529914529914 0.33333333333333337 0.38461538461538464 0.26495726495726496 0.29914529914529914 0.3760683760683761 0.25641025641025644 0.3418803418803419
0.3162393162393163 0.23931623931623933 0.47008547008547014 0.623931623931624 0.5470085470085471 0.38461538461538464 0.7264957264957266 0.6923076923076923 0.700854700854701 0.623931623931624 0.5470085470085471 0.811965811965812 0.7777777777777778 0.3418803418803419 0.23931623931623933 0.39316239316239315 0.3162393162393163 0.4957264957264958 0.4615384615384616 0.47008547008547014 0.39316239316239315 0.30769230769230765 0.47008547008547014 0.39316239316239315 0.5384615384615385 0.5470085470085471 0.47008547008547014 0.33333333333333337 0.41025641025641035 0.2222222222222222 0.25641025641025644 0.23931623931623933 0.2307692307692308 0.3418803418803419 0.30769230769230765 0.3162393162393163 0.30769230769230765 0.3418803418803419 0.4615384615384616 0.4273504273504274 0.39316239316239315 0.29914529914529914 0.3760683760683761 0.2307692307692308 0.2222222222222222 0.3162393162393163 0.23931623931623933 0.2136752136752137 0.41880341880341887 0.38461538461538464 0.39316239316239315 0.3162393162393163 0.30769230769230765 0.5384615384615385 0.5042735042735044 0.47008547008547014 0.3162393162393163 0.47008547008547014 0.3418803418803419 0.4615384615384616 0.38461538461538464 0.52991452991453 0.5384615384615385 0.4358974358974359 0.5128205128205129 0.2136752136752137 0.2478632478632479 0.06837606837606837 0.1452991452991453 0.2222222222222222 0.2136752136752137 0.2478632478632479 0.2222222222222222 0.40170940170940184 0.47863247863247865 0.2905982905982906 0.32478632478632485 0.2222222222222222 0.25641025641025644 0.3589743589743591 0.1452991452991453 0.15384615384615383 0.2307692307692308 0.2222222222222222 0.25641025641025644 0.2222222222222222 0.2307692307692308 0.30769230769230765 0.3675213675213676 0.4444444444444446 0.29914529914529914 0.33333333333333337 0.26495726495726496 0.2307692307692308 0.26495726495726496 0.3675213675213676 0.26495726495726496 0.2307692307692308 0.23931623931623933 0.2307692307692308 0.26495726495726496 0.38461538461538464 0.3504273504273504 0.3162393162393163 0.3504273504273504 0.41025641025641035 0.30769230769230765 0.2307692307692308 0.30769230769230765 0.3162393162393163 0.23931623931623933 0.3760683760683761 0.38461538461538464 0.30769230769230765 0.41880341880341887 0.38461538461538464 0.39316239316239315 0.3162393162393163 0.23931623931623933 0.47008547008547014 0.5470085470085471 0.2905982905982906 0.25641025641025644 0.5128205128205129 0.29914529914529914 0.33333333333333337 0.1452991452991453 0.26495726495726496 0.29914529914529914 0.47863247863247865 0.30769230769230765 0.3418803418803419 0.30769230769230765 0.27350427350427353 0.30769230769230765 0.38461538461538464 0.26495726495726496 0.3504273504273504
0.13675213675213677 0.10256410256410259 0.20512820512820518 0.27350427350427353 0.23931623931623933 0.20512820512820518 0.3760683760683761 0.3418803418803419 0.30769230769230765 0.27350427350427353 0.23931623931623933 0.3760683760683761 0.3418803418803419 0.33333333333333337 0.10256410256410259 0.08547008547008547 0.09401709401709403 0.1452991452991453 0.1111111111111111 0.07692307692307696 0.08547008547008547 0.25641025641025644 0.11965811965811969 0.12820512820512822 0.18803418803418806 0.15384615384615383 0.11965811965811969 0.3247863247863248 0.4017094017094017 0.17094017094017094 0.2478632478632479 0.0 0.008547008547008555 0.0 0.0 0.0 0.0 0.07692307692307696 0.0 0.0 0.0 0.2905982905982906 0.36752136752136755 0.13675213675213677 0.2136752136752137 0.008547008547008555 0.01709401709401711 0.16239316239316243 0.025641025641025626 0.0 0.0 0.008547008547008555 0.08547008547008547 0.059829059829059845 0.025641025641025626 0.0 0.008547008547008555 0.0 0.16239316239316243 0.06837606837606837 0.07692307692307696 0.09401709401709399 0.059829059829059845 0.4273504273504274 0.5042735042735044 0.0 0.1111111111111111 0.0 0.0 0.0 0.0 0.025641025641025626 0.0 0.39316239316239315 0.47008547008547014 0.23931623931623933 0.3162393162393163 0.0 0.07692307692307696 0.26495726495726496 0.0 0.0 0.0 0.0 0.0 0.0 0.0 0.0 0.35897435897435903 0.4358974358974359 0.20512820512820518 0.28205128205128205 0.0 0.0 0.042735042735042736 0.2307692307692308 0.0 0.0 0.0 0.0 0.0 0.0 0.0 0.0 0.0 0.4017094017094017 0.0 0.008547008547008555 0.0 0.0 0.0 0.28205128205128205 0.03418803418803422 0.042735042735042736 0.0 0.0 0.0 0.0 0.0 0.0 0.5384615384615385 0.0 0.0 0.5042735042735044 0.0 0.1111111111111111 0.0 0.0 0.0 0.47008547008547014 0.0 0.07692307692307696 0.0 0.0 0.0 0.03418803418803422 0.042735042735042736 0.0
0.0 0.0 0.10256410256410259 0.17094017094017094 0.13675213675213677 0.0 0.27350427350427353 0.23931623931623933 0.20512820512820518 0.17094017094017094 0.051282051282051294 0.27350427350427353 0.23931623931623933 0.10256410256410259 0.0 0.06837606837606838 0.03418803418803419 0.17094017094017094 0.13675213675213677 0.10256410256410259 0.06837606837606838 0.0 0.10256410256410259 0.06837606837606838 0.17094017094017094 0.13675213675213677 0.10256410256410259 0.13675213675213677 0.17094017094017094 0.06837606837606838 0.10256410256410259 0.0 0.0 0.0 0.0 0.0 0.0 0.01709401709401711 0.0 0.0 0.0 0.10256410256410259 0.13675213675213677 0.03418803418803419 0.06837606837606838 0.0 0.0 0.01709401709401711 0.051282051282051294 0.01709401709401711 0.0 0.0 0.0 0.08547008547008547 0.051282051282051294 0.01709401709401711 0.0 0.01709401709401711 0.0 0.051282051282051294 0.01709401709401711 0.11965811965811969 0.08547008547008547 0.23931623931623933 0.27350427350427353 0.0 0.051282051282051294 0.0 0.0 0.0 0.0 0.0 0.0 0.20512820512820518 0.23931623931623933 0.13675213675213677 0.17094017094017094 0.0 0.01709401709401711 0.11965811965811969 0.0 0.0 0.0 0.0 0.0 0.0 0.0 0.0 0.17094017094017094 0.20512820512820518 0.10256410256410259 0.13675213675213677 0.0 0.0 0.0 0.08547008547008547 0.0 0.0 0.0 0.0 0.0 0.0 0.0 0.0 0.0 0.17094017094017094 0.0 0.0 0.0 0.0 0.0 0.051282051282051294 0.01709401709401711 0.0 0.0 0.0 0.0 0.0 0.0 0.0 0.30769230769230765 0.0 0.0 0.27350427350427353 0.0 0.051282051282051294 0.0 0.0 0.0 0.23931623931623933 0.0 0.01709401709401711 0.0 0.0 0.0 0.01709401709401711 0.0 0.0
0.0 0.0 0.17094017094017094 0.3247863247863248 0.2478632478632479 0.0 0.4273504273504274 0.39316239316239315 0.35897435897435903 0.23931623931623933 0.11965811965811969 0.4273504273504274 0.39316239316239315 0.08547008547008547 0.06837606837606838 0.22222222222222224 0.1452991452991453 0.3247863247863248 0.2905982905982906 0.25641025641025644 0.13675213675213677 0.0 0.25641025641025644 0.17948717948717952 0.3247863247863248 0.2905982905982906 0.17094017094017094 0.20512820512820518 0.23931623931623933 0.13675213675213677 0.17094017094017094 0.06837606837606838 0.10256410256410259 0.17094017094017094 0.13675213675213677 0.10256410256410259 0.13675213675213677 0.17094017094017094 0.20512820512820518 0.17094017094017094 0.13675213675213677 0.12820512820512822 0.16239316239316243 0.10256410256410259 0.09401709401709403 0.1452991452991453 0.06837606837606838 0.12820512820512822 0.2478632478632479 0.2136752136752137 0.17948717948717952 0.059829059829059845 0.09401709401709403 0.28205128205128205 0.2478632478632479 0.2136752136752137 0.059829059829059845 0.17094017094017094 0.0 0.20512820512820518 0.12820512820512822 0.27350427350427353 0.23931623931623933 0.2222222222222222 0.25641025641025644 0.08547008547008547 0.16239316239316243 0.0 0.0 0.0 0.0 0.03418803418803422 0.0 0.18803418803418806 0.2222222222222222 0.20512820512820518 0.19658119658119658 0.051282051282051294 0.12820512820512822 0.18803418803418806 0.0 0.0 0.0 0.0 0.0 0.0 0.0 0.0 0.19658119658119658 0.2307692307692308 0.17094017094017094 0.16239316239316243 0.09401709401709403 0.059829059829059845 0.09401709401709403 0.19658119658119658 0.008547008547008555 0.0 0.0 0.0 0.008547008547008555 0.042735042735042736 0.008547008547008555 0.0 0.008547008547008555 0.15384615384615383 0.13675213675213677 0.059829059829059845 0.051282051282051294 0.059829059829059845 0.0 0.03418803418803422 0.17094017094017094 0.09401709401709403 0.11965811965811969 0.08547008547008547 0.051282051282051294 0.0 0.0 0.08547008547008547 0.2905982905982906 0.11965811965811969 0.0 0.25641025641025644 0.08547008547008547 0.16239316239316243 0.0 0.0 0.0 0.2222222222222222 0.051282051282051294 0.12820512820512822 0.0 0.0 0.0 0.17094017094017094 0.09401709401709403 0.051282051282051294
0.0 0.0 0.13675213675213677 0.2478632478632479 0.2136752136752137 0.008547008547008555 0.3504273504273504 0.3162393162393163 0.28205128205128205 0.2478632478632479 0.12820512820512822 0.3504273504273504 0.3162393162393163 0.09401709401709403 0.03418803418803419 0.1452991452991453 0.11111111111111112 0.2478632478632479 0.2136752136752137 0.17948717948717952 0.1452991452991453 0.0 0.17948717948717952 0.1452991452991453 0.2478632478632479 0.2136752136752137 0.17948717948717952 0.12820512820512822 0.16239316239316243 0.10256410256410259 0.09401709401709403 0.0 0.025641025641025647 0.008547008547008555 0.0 0.0 0.059829059829059845 0.09401709401709403 0.042735042735042736 0.008547008547008555 0.0 0.13675213675213677 0.17094017094017094 0.06837606837606838 0.10256410256410259 0.06837606837606838 0.03418803418803419 0.13675213675213677 0.17094017094017094 0.13675213675213677 0.10256410256410259 0.06837606837606838 0.10256410256410259 0.20512820512820518 0.17094017094017094 0.13675213675213677 0.025641025641025647 0.09401709401709403 0.0 0.12820512820512822 0.09401709401709403 0.19658119658119658 0.16239316239316243 0.2307692307692308 0.26495726495726496 0.008547008547008555 0.12820512820512822 0.0 0.0 0.0 0.008547008547008555 0.042735042735042736 0.0 0.19658119658119658 0.2307692307692308 0.17094017094017094 0.16239316239316243 0.0 0.09401709401709403 0.19658119658119658 0.0 0.0 0.0 0.0 0.008547008547008555 0.0 0.0 0.0 0.16239316239316243 0.19658119658119658 0.13675213675213677 0.12820512820512822 0.0 0.0 0.059829059829059845 0.16239316239316243 0.0 0.0 0.0 0.0 0.0 0.0 0.0 0.0 0.0 0.16239316239316243 0.059829059829059845 0.025641025641025647 0.0 0.0 0.0 0.042735042735042736 0.09401709401709403 0.059829059829059845 0.042735042735042736 0.008547008547008555 0.0 0.0 0.0 0.008547008547008555 0.29914529914529914 0.042735042735042736 0.0 0.26495726495726496 0.008547008547008555 0.12820512820512822 0.0 0.0 0.008547008547008555 0.2307692307692308 0.0 0.09401709401709403 0.0 0.0 0.0 0.09401709401709403 0.059829059829059845 0.0
