0.005776004973062578 0.010541856610029009 0.0054133858267716535 0.009738914214670534 0.00940219643597182 0.005594695399917115 0.0065271446332366345 0.009350393700787402 0.01144840447575632 0.007019270617488603 0.0062681309573145464 0.005698300870285951 0.005439287194363863 0.007925818483215915 0.005387484459179445 0.008158930791545794 0.007925818483215915 0.005568794032324907 0.005853709075839204 0.007925818483215915 0.006242229589722337 0.006941566514711977 0.005983215913800249 0.006578947368421052 0.005568794032324907 0.007304185661002901 0.005361583091587236 0.005361583091587236 0.009920223787815997 0.0058796104434314135 0.005853709075839204 0.009687111479486117 0.009816618317447161 0.007071073352673021 0.008184832159138003 0.012044135930377124 0.008573352673021135 0.005750103605470369 0.00572420223787816 0.005905511811023622 0.0064235391628678 0.0052579776212184 0.009505801906340655 0.005465188561956071 0.005309780356402818 0.008832366348943224 0.010878574388727726 0.005206174886033982 0.0061386241193535016 0.00870285951098218 0.011836924989639452 0.008728760878574389 0.006501243265644426 0.005750103605470369 0.005516991297140489 0.006371736427683382 0.0060091172813924575 0.006812059676750933 0.0062681309573145464 0.005698300870285951 0.005672399502693742 0.0052579776212184 0.0064235391628678 0.0052838789888106094 0.008987774554496477 0.00916908412764194 0.009039577289680896 0.006682552838789888 0.007848114380439287 0.010438251139660175 0.007485495234148363 0.005801906340654786 0.005698300870285951 0.005491089929548281 0.010878574388727726 0.005594695399917115 0.005439287194363863 0.010127434728553668 0.010826771653543307 0.005491089929548281 0.008314338997099047 0.009505801906340655 0.012251346871114795 0.00867695814338997 0.006682552838789888 0.005232076253626192 0.006035018648984666 0.006449440530460008 0.005983215913800249 0.010645462080397844 0.006708454206382097 0.006708454206382097 0.0052579776212184 0.011292996270203066 0.011862826357231663 0.005853709075839204 0.008184832159138003 0.009894322420223789 0.012743472855366764 0.00937629506837961 0.006734355573974306 0.005905511811023622 0.00663075010360547 0.006371736427683382 0.006112722751761293 0.006060920016576875 0.005905511811023622 0.00826253626191463 0.006086821384169084 0.009117281392457521 0.007640903439701616 0.008780563613758806 0.00823663489432242 0.009039577289680896 0.006112722751761293 0.0071228760878574385 0.010308744301699129 0.0072523829258184834 0.006371736427683382 0.0052838789888106094 0.005698300870285951 0.006086821384169084 0.005983215913800249 0.006734355573974306 0.005983215913800249 0.006786158309158723 0.005646498135101533 0.007355988396187319 0.005232076253626192 0.005905511811023622 0.005801906340654786 0.006035018648984666 0.005491089929548281 0.007640903439701616 0.005698300870285951 0.005620596767509325 0.005594695399917115 0.0061386241193535016
6.951094108463178 1.3923588319611584 11.709551766256372 24.47019746873164 14.769710266741427 0.19583084361454617 13.87387063463565 32.332610800845934 21.86239347022896 4.20664063367861 12.61687776646972 15.779270543029668 32.542060254586985 9.73809934023659 0 0 0 7.717008215915527 0 0 1.5726284259308816 1.1432259080754736 9.409036697493498 7.4178101954244795 11.577967512193812 10.312961298846858 4.660986093133072 9.084214738038273 22.41630295550164 4.214885877550655 5.0731130885671245 0 0 6.561019859529246 2.0205727353236576 0 0.46295493504729635 0 2.6574207849793368 0 0 3.459295712518493 2.8770488128752607 0 1.3627501526211443 0 0 6.909662654829301 2.093363554365334 8.911913606004504 0 0 3.7875506337673404 14.283527520087617 0 6.381462490134812 1.4950901435060562 9.212967236192306 2.85724877610137 0 11.639962061302306 19.89390292656399 2.156112945057288 11.0534739847444 35.49922824748223 4.408764329895874 11.007478974488755 0 0 0 0 0.7309766759199299 0 22.992209396519016 25.367375947033132 0 2.472739445746285 0 0 22.254314722484963 0 0 0 0 8.717482303668358 0 0 0 11.063768240315255 15.957727967098712 10.326660001660727 4.027425868287853 1.9988077918271205 0 0 0 0 0 0 0 0 2.317688358863716 0 0 0 9.716326850213118 0 0 0 0 0 5.684794861390248 1.4033387969289564 0 9.431569244388989 0 0 0 0 4.599642640259727 29.086582259316238 0 0 24.090466303387593 5.747665285765962 0.9616877045216068 0 0 1.9388243071016351 17.61063983009156 0 6.701116628226636 0 0 1.715595046830936 0 2.4221591268492872 2.704077634407348
1.3923588319611584 0.0 1.2600839530612333 3.229858565963749 4.059441214706949 0.8692303866067297 28.873792371737352 14.807723366667886 18.49474777641837 12.676272842805943 9.70536972243041 30.842302442937047 19.65875536804529 7.429911777874574 0 0 0 7.863692465835744 4.383352723883194 1.3453985172832539 0 6.127827656575928 1.492272600514175 0 6.200330770375244 0 0 8.205653062013013 13.155010228190037 0.09096747785528336 6.043658525005732 0 0 0 0 0 0 0 0 0 0 0.31534702773373535 12.66490422554622 0 0 0 0 0 0 0 0 0 0 8.728716346547511 0 0 0 0 4.26608745263565 0 0 19.582599230437935 7.406535865403065 24.122923327753057 2.0713861476081696 0 1.377812504857177 0 0 0 0 3.6803683838692276 0 15.728144860334506 12.13703170197622 7.959148296860938 13.127340999134589 0 3.3891084449033126 11.262034038827252 0 0 0 0 0 0 0 0 4.287323425701141 21.935099730418692 1.8035688332757775 10.555946418298731 0 0 0 0 0 0 0 0 0 0 0 0 0 15.634315506861437 0 0 0 0 0 15.362293059120034 0 0 0 0 0 0 0 0 12.628949247560612 0 0 5.654339072750041 0 0 0 0 0 2.533473491540029 0 0 0 0 0 0 0 0
11.709551766256372 1.2600839530612333 12.812846943695856 7.406184605302876 29.453438867466396 2.9730352973509007 29.31051097077993 28.54543326176136 20.137291452276166 3.094695217266487 23.019397086987137 19.518093631938992 38.687961389179854 8.275848295458555 11.393744339708597 19.590188131080424 4.958096672413886 17.85084224501808 15.758740163663475 11.474056448283918 18.814703116604004 10.76605387740782 7.134416071849039 13.030912810346614 11.667861191767258 8.702425345249026 24.30198403821499 1.6823583733987757 18.592662501237356 4.723838141848912 0 6.105271910966321 11.318210738812649 10.519910678015208 6.701512344292571 1.6017844291109782 11.734002297563087 13.205499439883116 18.613718602744292 16.89347723132439 3.815232349879979 0.6098119016603345 21.95629181508144 8.92510760322178 4.938636027597241 5.320627765721294 6.68137754518235 12.477329613647719 1.2891356927041233 5.466570283641694 1.9622863173698164 9.443654340555938 6.101299258440248 21.799089461948682 2.4269089632044256 17.890961592792294 6.103016843512977 18.251366413881414 20.97560914820971 10.340189320375387 20.55401238194743 18.75002690129326 25.726309973951643 6.166402502703242 34.99680228228513 12.106254531384533 9.243962259197392 0 2.9795963637729574 6.447975507541926 0 9.295796926734084 5.52648030458764 5.813069465154385 10.2121966847401 19.20825544075314 21.411070469198513 5.828380765850493 16.958701597900102 0 0 2.1616197287106864 0 4.428328577392023 2.7619105621667757 1.0815413749219935 3.9532411576377235 0 23.190094513829443 33.75161908856165 0 14.736863335549277 2.6914157709240243 0 0 24.909543534464433 0 7.782298518028256 0 4.435896412616557 10.773918361590546 0 8.970663493003304 7.975439032160487 9.162429885484414 10.794571905085164 14.923824902140069 3.2365519242473457 6.4281197896442634 10.218558094689762 0 7.054424243775369 3.42554520287673 13.88522233393153 8.761212193989639 0.6282752290893541 2.9014868495399977 0 4.873133001385826 0 3.9560393800027907 0 2.1159895038697414 32.524513456293214 15.042709104006654 3.362916726670619 0 0.20199443816937368 9.36925889380057 14.657378006945802 12.799610782170415 8.762377934725396 0 8.384753450187436 5.135414738226764 4.436431363975494 3.6788004147909206 0.324140772602151
24.47019746873164 3.229858565963749 7.406184605302876 22.33638964498774 11.691420916540832 31.699079470799248 19.71965019353604 12.570493647850583 33.21267347910082 25.714250968937137 21.426983351292506 49.33954541792079 10.051692393137227 20.91947031970392 18.135853197806078 4.2552225817052935 21.967510183790083 33.50062945070836 27.49110242657212 27.328530641093963 15.302889792284912 27.08835645451215 20.873218060211116 10.729490726734902 27.79295785445555 18.357452616448548 27.030466024261656 5.813453665771794 37.059526790357246 1.8840472454630888 7.885531843080333 10.860965337170892 23.153134764998484 8.017977215498721 3.468683542009952 13.820027311810488 0.9401424683614623 17.539111272293937 13.405774191033306 18.956321527256172 17.086756661525385 4.2046303894575665 1.5304109786188995 9.073066451228318 21.860070052316665 17.330738592081154 19.215529298939625 1.7585442657287444 13.96975208715996 19.7387282180694 27.69132695444315 7.586543634424629 8.380241897155948 16.048630377957437 7.278124202029582 12.750611501291662 18.4675748251708 17.11932461904157 21.486323392343085 34.65025812568956 28.693977682882227 22.704157828088455 14.012163615785983 25.189302297252958 17.519930301755373 0.4248855464835515 24.054327007298284 13.135924029761124 8.847593919856077 11.41604210629091 0 25.214284293434353 14.284186059172338 3.6017885561338865 24.242105549082233 6.086468891105298 18.206556145483393 0.9571831185230906 15.618502097278494 5.671718414734411 15.409063841056486 8.30175349101405 0 0 5.2253343420641585 7.8979630105915 0 7.196470538057824 32.2492227207236 18.841920628944095 2.505671162503294 3.130016915079235 19.81590300572338 22.10190783473744 12.425962954739369 12.601956043448542 0 17.00454661513519 0 5.376000210005582 22.31691415512489 1.955109971707401 18.431601095009306 11.779894168655364 8.934888505789012 2.09485205045409 12.51663738751358 8.157630205288994 6.354231616751036 15.113142332181702 12.452035497176364 29.127695080837697 19.354395362731445 22.864746289278976 12.939604217528554 20.915534176389098 27.61656439178303 14.979075571389995 4.028566100026037 26.570304520755926 51.35368176992576 23.207642670998027 8.035848794477065 1.5846878745338344 6.683975605307879 0 15.63550346705205 7.867249276881726 8.311455156878775 34.5781241278925 0.02341655246938501 8.201319077882616 10.980286311300212 6.195921209153097 18.231067057752334 14.256706760365624 22.189000184587968 4.899529809004925
14.769710266741427 4.059441214706949 29.453438867466396 11.691420916540832 21.557593423092374 12.910457108286717 22.940805260642776 11.197094573612258 19.70419315396076 9.692489637086867 21.972476488042584 51.10262283232514 4.6319956555666835 21.465563041650235 4.4061965950788196 2.408478481619472 14.35409071627917 11.688178655653125 30.253634420032455 19.466652134437098 12.069211159993973 13.963294971493216 17.789609038674673 21.100320835278126 34.351014281299 27.71457983292894 18.692520826502466 3.4593249325105475 28.657179432659333 7.241313226592062 4.587780105040121 13.706957313990856 4.332284742694597 10.224476263672972 6.176673115630846 16.267042978593395 18.662079370820226 10.054373860177044 21.167325336641504 13.792610283278869 17.539890720050316 2.0043704273507927 17.267484861273676 14.411194906519224 15.994639688083382 8.111043486882139 0.2898244775860608 16.93615988074796 17.66536599487068 11.125506969506898 20.49591904397831 15.5223354292999 14.93220205800987 2.5294332850102403 12.70357673763177 4.34729770448849 4.355211662650774 26.36268218451781 20.377711802665566 17.80550015232655 12.553109278013888 17.941576900052407 8.219143051589072 39.823202198120555 18.012983663427015 0 9.070414525206342 0 0 0 18.22056788131162 19.781884230917214 0 28.533222896530454 13.855292857507159 18.75683760218534 0.718238909511907 9.567025589180371 10.850553287196128 10.782514015211671 0 2.947169942339933 0 0.2224543099280627 21.66807027741831 0 0 0 19.08138196352283 14.025254212919236 9.466243525141692 25.87485720705518 15.81663781683779 8.983040297059542 12.973753656969748 9.483351626379935 10.629198446205272 0 2.403180787255737 12.678149253351926 9.710930264669486 14.205813524644896 0 13.478440557243836 12.872160053763487 34.162898371943875 9.758728875758706 12.16081928244316 20.27819940234473 9.978766417892643 13.057086738400304 27.08651066688914 22.386741200015674 1.6632942913341386 18.122111344011625 3.0739714432931073 9.050631892320219 4.57574801005962 3.8404161275942386 24.518411548898065 34.60866814541995 14.05249360831193 9.41568230754961 12.66887070224372 0 24.59212334196566 0 16.511176320412364 19.699324762855607 31.359861370807145 0 24.188141376171693 0 0.08303433120205916 5.728682883187837 7.366294296937507 10.168920685484903 0
0.19583084361454617 0.8692303866067297 2.9730352973509007 31.699079470799248 12.910457108286717 17.069551566031247 21.85294151842392 1.4412820852040014 4.698373250385194 2.1244554503815714 9.853769388534396 38.4072939321374 16.110886058307887 6.579970000271455 0 13.182704736910146 4.149853957220518 20.99281738633413 0 15.400251887797864 0 12.15396320488773 0.4900576350720698 0 0.566587802555393 23.939739623165686 9.120075161482507 6.701629414572601 0.14840055006265374 9.384009641048621 2.410985814348461 2.3285711948354333 0 0 10.751717296117867 0 6.538900661550496 13.53796575029363 6.1684577976871395 0 0 15.753857866854162 6.814231385143598 0 12.778781405886853 10.802602563084612 4.674969526504423 7.190712809401674 0.06327906216295531 0.6469233809852177 2.9875741394932476 4.737596343232791 1.7829632171812566 18.830363225373105 18.12388510880899 3.580004593347269 2.5705791281074184 15.450136516590494 5.329706931165143 0.45338627920138386 0.7201183098630164 18.359909957116443 14.075161540899568 35.58336279917445 19.11069054098838 10.424879095996971 20.971522414850334 0 4.764796384775387 1.9177910919606695 4.8179155843534005 0 0 3.441024875860574 37.2503353073515 2.1187086750855073 7.691037187806824 6.550668995599079 8.649463369303277 15.589317928126952 0 0 0 0 0 0 0 0 13.758228343354968 13.775931672790172 10.036418768300045 21.53323228941641 0 0 2.5432986256281946 27.13591846160169 9.927990904931121 0 2.549006375910004 0 3.247555322579423 0 0 4.870055408076425 0 6.697967039751319 0 8.319088222944288 4.1392965720166615 2.176804298617025 0 11.852440748060324 17.496051032048353 4.675586352730701 17.717241517595724 4.462978722339816 5.4246137498870866 6.17975962935548 7.99383203531913 0 18.440574751198035 7.739473769972648 0 2.052458310716581 3.786845700689888 3.646090490534448 0 9.935349420228587 0 38.81412240692491 7.928651258998965 10.696533063740134 0 3.5567313078568468 5.612515984967018 9.747808599423202 4.565424141446282 0
13.87387063463565 28.873792371737352 29.31051097077993 19.71965019353604 22.940805260642776 21.85294151842392 50.20745454668584 12.70011986184847 22.40881265750907 36.19156645104724 5.968801895110097 60.069152292305446 6.070254086400201 39.59540988853414 28.234546229791903 14.365478543221975 20.066312329016395 23.976822797972 38.869082365094506 14.176733915072003 8.034217096469455 30.535321546433096 32.62257446571404 40.37563290621006 12.644689153350583 37.27310950771634 20.687722103460377 7.690393587803925 19.712497991532366 26.042261318935125 23.5446297097253 10.930989780482431 33.67850602260245 4.804455461509251 24.225811978872308 19.890061908024443 35.018783580873404 27.545096432707382 49.897664386081544 7.813092436551713 25.343362210678563 28.7922613604063 1.9697022749786743 8.949525829218057 17.403494431221326 34.871854776435995 25.908939778996384 10.549845977940908 44.062911203176185 44.936533242554184 9.220921355170539 15.168917358184935 14.865826249651558 48.02832766950139 37.87755861854735 44.96713645931601 21.323848336985147 8.38380431700164 40.948968966596375 21.573901769595032 15.849354398041005 19.56276826341744 38.736368551912456 59.162949544899774 35.6225931174712 27.860964904946997 28.532232072994532 23.17110191342518 25.881388995928887 7.666871756795082 37.145850700853856 23.57248499104412 2.19035464545971 14.266180917135067 18.105311944064972 40.953977212435774 6.117233046202699 6.296231838958434 33.51150365463842 42.55407638033129 26.967999766870356 8.624906453531974 14.510517572991699 38.312434243409825 3.666471732611152 23.485354551127607 11.885417342628731 29.78381487890421 19.255146476233257 16.576731858372895 29.435455014239785 35.41100051963035 34.27712363449447 33.94687520294778 26.145872944802484 20.345560216734626 40.52667717571968 29.053902778397884 26.632786103054926 3.504830808350258 24.358311664705724 7.378698440755503 5.342260846447511 7.102917979500049 21.195244249295826 51.670366134980156 38.378053110571656 14.81353526413158 6.942699814119877 23.103221729041138 18.95401436374579 27.549644567037134 40.97637043127286 13.49829998203095 34.967752262367874 20.88140475100754 5.4427814132411285 7.953942847949097 14.844988625234414 37.26376042094465 21.989807938123363 13.935994723346518 16.507098642535766 33.17906344378241 5.844891496028708 32.617163295333235 13.87506543128152 0 7.475442255791869 1.5751457068359294 31.883329437120423 31.53287907094421 34.90464067298856 28.47082105768 33.52464257072202 8.683819123993683 20.52172837313445 20.94532696967933
32.332610800845934 14.807723366667886 28.54543326176136 12.570493647850583 11.197094573612258 1.4412820852040014 12.70011986184847 44.62574107498696 18.982952927656044 15.605867346783889 29.60784287220295 39.26712124753067 57.464502742518974 6.527066475309432 21.26850749323733 14.33128693669764 27.217229393512184 47.51825806803444 41.04915096084163 37.81365081034571 27.98713918494031 14.31953690335721 38.20162245231234 31.93771405101549 23.851956570293183 47.711139896623855 38.494599722151186 14.627384813180075 3.8837485530290365 15.925659682296079 22.444291002366256 25.62845415249833 9.648211398496386 37.441981142089645 10.481347536613157 6.67132699321235 3.0007794145936835 26.113198703164088 34.39444973527031 30.548414276519445 13.845448166717446 21.508611178242404 29.631871489050432 27.58869237976377 23.957099250997935 18.002632645665727 12.852398213511893 6.167484556323892 39.291692274857226 23.59796393295169 23.962087879573236 16.94819645766592 14.081915304766149 42.68281824602822 32.03976411179657 5.384421188974699 18.46074031079951 35.018863376691556 1.8735144626137856 20.822744147395802 33.62122308814305 24.293176212511533 32.970978620906024 8.075203925801382 39.18311860823693 30.13130142606 11.367084114394451 24.269428594585193 7.625435787730979 1.1653980864445028 36.04249711287211 2.716241773233012 27.75674006235242 12.161864770302024 17.300145633302034 42.937139773631685 39.48994301380975 7.753681395746259 22.538438950163865 22.97006473533576 31.670873630642724 8.425935606113883 14.74925857077795 23.07705041467443 24.271936359880556 27.036356183104125 24.64520850945734 35.061681798489815 21.729481676842944 38.13858295990309 2.01893388650749 21.07320173943603 20.95757863033439 9.976440536294703 5.115058594010668 0.09411312774342306 17.248125311026563 17.351271176623474 2.057998667071619 13.304216693874785 32.18616737520339 15.71636171700787 16.338425051756754 11.784754738084885 31.05580998258816 22.160897147917666 35.20125752398269 28.54157621478646 12.829168627228675 24.80362835662905 4.8929496479061605 8.620115169820764 7.6605666222907125 35.092785280537356 27.581612432052367 39.01792890357 22.910268219472016 12.578048596336526 17.74350618252583 3.7141462158961094 24.990394687016234 26.381163090498312 3.922209956875651 5.379306611016055 2.4069960286358025 35.33458536510175 10.80250399063662 0.20246307756246473 5.430670475269778 5.9510263664821075 9.37341433850884 13.170121914244792 5.113874118902093 10.085599958363247 27.969137001412406 18.760465117844195 10.514764072386434 34.73479991917034
21.86239347022896 18.49474777641837 20.137291452276166 33.21267347910082 19.70419315396076 4.698373250385194 22.40881265750907 18.982952927656044 38.546493681860966 30.556110812517403 4.697558673103398 17.910215163758426 55.48632152525957 27.326266507343576 9.331926600627325 19.410826001251074 25.39470228069218 9.783585002573425 3.4470166155257225 6.271619956829156 26.63909755055623 13.714045455381552 36.086843069960736 24.470016305584164 32.13955741340709 42.275291040202134 30.637236579224997 28.369132933945494 7.845645412214399 4.484559378381 8.643816072027036 21.53364452880988 0 11.04868276890582 17.12351758717787 22.170344630691574 27.78492073818009 36.272587991246226 31.35489198895324 20.212008915370983 1.2403816176688842 23.400287989683655 3.4723469098193327 15.560091808996415 1.5478357399761222 19.92234929370605 0.9268891740652219 4.611892694160833 3.081858204217646 26.010199032385287 15.217009365616455 16.92537863735341 18.03225963754174 27.22322338907034 24.489516078212112 30.52089956020864 16.885696885531864 16.76123751622102 16.423798369663324 28.923179802932637 25.626409544984277 13.327955621432693 36.42234363467708 35.03009174810273 43.41716234914761 5.668625513116634 30.933512305352615 6.378436055652202 16.11647727809924 3.710074294700071 29.683775983321645 21.332352892884174 0 22.17944747956726 47.36115984415347 2.213581129131038 22.38705000385349 19.25949272569854 20.198665901132134 8.182668057985975 2.6433042903438455 0 24.590844762598337 0.24882467390140306 10.535149305552675 19.096260500531656 23.868614377127038 9.855430783789384 17.395555977494766 8.981773204728086 4.943052030261523 12.20714521415887 19.492795015367275 8.82294972520617 16.507623664200825 21.23475808612052 5.626649382277169 24.631577655941516 5.631981087404508 21.380637731624923 12.643574159480561 21.24016369415251 29.301413687847358 8.645014692367559 4.112565701117969 2.3112268601235577 31.353805907857037 9.657652611570647 14.38775544429074 26.590514423625905 11.759619963656931 8.330777439118599 26.80220550519841 22.03702614602407 4.68269908897949 17.17773209308811 28.75347540116192 20.083122728520408 3.631423346091399 8.57339912188499 35.28476576455369 28.70854733206545 0 9.514462974682964 14.597118940302288 12.969890799240297 22.399498380578954 17.927477928243256 2.6017179421596133 13.281797411019731 11.270697837226674 6.857704888614698 21.16713282567015 6.63730707948654 13.766404107002593 21.929745227967896 2.9360676994994606 5.407906515147115
4.20664063367861 12.676272842805943 3.094695217266487 25.714250968937137 9.692489637086867 2.1244554503815714 36.19156645104724 15.605867346783889 30.556110812517403 36.003876449102414 4.874244988467067 15.95148996885722 7.110304355807932 26.97370326212976 2.331603180317696 24.75802419392616 17.517483545536475 10.582634536652218 24.153751300612647 10.741989296132953 26.373141032854985 0.9008997376196373 14.203806884036897 28.432035846355646 26.32124437911589 12.705072671147434 32.35129325007918 14.013635336117503 34.398318438341406 8.038212385472718 13.625535567683883 0 13.095585634993586 21.45585784587308 22.41651588406213 21.078857387975802 25.4501131388093 11.646543683955553 26.02144599447049 17.97256868837878 3.823584789759094 16.939007869025914 27.949360171215247 4.629619257517264 13.135599655212733 17.059811213229857 14.921685088919354 13.511869303840129 18.094163548222348 16.360173800370216 23.654077654011864 19.354265578990262 18.203299604139414 38.58671830478734 29.651455827364124 24.115598612416772 18.456708881772123 33.58455021219599 20.039059665154845 25.35050736864411 10.3509106107654 11.067295123305662 41.641497037477876 13.53193700507915 7.023784757676459 25.994858735181793 0 0 13.200547205731372 12.787000983160386 23.31869656512569 21.20925545415414 2.8322337672687876 42.54835506507336 33.363500479363125 2.810927168657255 0.18440233720776789 16.79296143550087 18.16923504082513 4.382580307294088 16.905263140511064 14.477588728264326 6.122504741691781 13.031146922763462 0 20.431383732614435 13.977284691501392 13.887605577263322 30.154710405150695 30.886835027843752 18.07256453595123 27.31947083768747 14.313135609535642 5.119958224600591 22.833204121888457 36.77420583178544 2.649877173171614 0 0 2.9218637179494706 3.3108593805356854 22.95503474916883 11.306994060479056 11.491576652897457 9.542285381727613 35.306520041552275 4.334799841466005 13.665364340775753 4.571256982273701 14.189149064880002 19.59292944840005 2.5608956243651164 23.897617279168752 1.85182916929908 22.50628276691587 28.937103305076754 12.584537237145241 5.02499829449955 8.682475949468857 18.248309757509865 30.026699746518297 19.792996971268742 4.459051347519328 51.764084130224006 0 11.747638858253637 2.1462132180662046 23.429156286672416 23.075881445402196 30.386744570502607 11.939856099676518 4.4776664556246395 9.643577079849859 17.759997136995878 19.609227483805736 23.73104499147945 16.290081603060898 4.172565093325506
12.61687776646972 9.70536972243041 23.019397086987137 21.426983351292506 21.972476488042584 9.853769388534396 5.968801895110097 29.60784287220295 4.697558673103398 4.874244988467067 8.288362677725843 27.120972815283004 21.30720345536902 3.065260259492815 4.56458645974608 11.320653402385044 2.1185561331176395 24.040474523524225 13.14934935701595 14.45073847313931 9.493973184370851 19.326215238263522 21.032511719140146 18.044954426800206 10.370584438195912 19.279679995968156 13.721747647159436 20.308173941564206 9.381814158346323 1.8021927499032522 7.615757734103646 2.2224708493886443 0 7.990090987892589 11.033939657220309 15.57804157314687 0 24.664045526203267 19.165203201819978 0 19.22121335562687 17.29565544229771 23.84142169854548 3.5642245794085685 2.7476287384356226 4.205119636315313 6.909258919481967 23.48161714652484 9.30089308305045 3.3802592253773565 9.554193409412417 8.511579677953652 12.263885166414305 0.5385169488588168 13.987287585744017 18.211724717633786 11.639903458561573 8.350207906691281 18.39840951394389 20.42617277493038 0.6903925247123652 30.68916525799716 26.057998901714512 5.970201859484277 37.37329748987129 0 3.052105274281214 2.738860183597417 10.77946207013407 6.368199841850679 5.276254696132796 15.066886772924075 4.166425442529807 32.87740213000196 32.00736931763186 5.441026028808025 0 17.716580088043823 0 26.758150127795147 9.639269219564284 3.444586106057006 1.655620008023206 19.958951857802198 4.877610083353227 4.719714357825655 0 0 3.6451999070853685 17.935704379677397 3.933059793740492 2.218820831533236 16.411703720769317 9.629276639807102 12.4362570771391 22.348550716904313 5.110895202305876 8.854100538743445 8.616367139724396 4.755174774308999 17.556698314504743 0 4.435701112151683 4.371386556432157 14.440153181523161 33.5650240531996 0 4.617862051609762 16.11546776655271 5.58641972189128 13.361483909815064 10.988898795875123 8.778427440135857 1.4492988073681383 5.739341452972351 8.942086767515125 20.91452794202629 16.501155533934767 4.2640747496531475 16.668723482982188 48.884533852546355 7.957460748749018 3.8692515929847815 1.717210998433524 20.23039108422691 3.544568141667142 10.906036656608673 17.173368350398217 19.939835927544916 40.553441919918534 13.494893040188174 18.729502611246513 13.013690083365386 0.6395733617705357 0 0 16.263316684263955 16.44938444093161
15.779270543029668 30.842302442937047 19.518093631938992 49.33954541792079 51.10262283232514 38.4072939321374 60.069152292305446 39.26712124753067 17.910215163758426 15.95148996885722 27.120972815283004 45.51780358655531 61.66802770499869 18.29352692113583 9.507625443673035 13.037421005599349 4.437034395318005 27.762471277730647 51.189233570205545 19.321809722238385 35.20163437747381 21.563862447334188 18.53486188087773 19.190035926240007 53.47438666297771 39.178907632017236 46.821047351138404 43.380606584810295 11.478888455357971 7.406992776728906 25.478007818894177 21.77781099809685 0 5.625558178585521 39.47130185074163 31.65838293787708 24.17919983479274 25.230930599725802 20.7609775294385 37.43124728163802 26.787460681341656 7.870800320682406 35.43719846129998 30.281092336401613 25.492097283444544 12.28318687751053 19.341750364475683 0 27.199200488508858 16.652879984077018 6.753139865938007 14.108600621750206 31.030767810885678 35.18708679391305 45.719686316887575 20.14763186386672 3.76303779997572 18.851979486728265 28.412169601530742 2.9938600274192044 27.28257635968756 19.92894003733727 33.96393755804286 5.242181381385365 37.80490895205867 40.18592059903737 0.5913848890489106 24.929045769120066 28.100293061859354 0.27504958134246316 24.10831004013086 19.57933007739267 27.883693509750117 17.32441758664588 17.031965416225432 38.737748236496586 14.100913159402218 10.55285083255226 39.49978221978829 39.791166661919405 29.204205766748004 18.640813570226708 4.784294571114263 24.488364553708365 37.10161998503854 10.591520524814861 32.4837449089017 15.31313595760296 40.24601952711688 33.10117612798464 37.300380233376686 19.450510021526007 11.950361942863871 21.8853974883461 16.742388670502997 5.737808006642911 20.504282721875093 31.830890583135997 14.440018405565421 11.39750220847165 19.28181774100957 41.33360273572299 4.140549977177821 31.422105686860803 17.037063939999562 18.985482258874313 31.436457579746673 25.68673869094726 19.04485349084154 7.977056519512434 28.58233563147752 7.599566323362858 39.34664344624348 37.296678269177946 8.15561053863535 4.753739334037583 28.29516068244166 29.54653503124132 25.51052058052006 39.77936831415869 27.56427651509314 36.195475497925045 41.95609454721495 50.32237289460801 21.163071442653568 3.3134805454300658 12.880883003817925 30.879500758977784 31.07751233486517 21.03131061792395 37.49565147330146 15.519600419732033 3.3897493358056785 10.1860748371594 19.725920710397784 42.80802479702193 10.708191452620447 1.7281211198068505
32.542060254586985 19.65875536804529 38.687961389179854 10.051692393137227 4.6319956555666835 16.110886058307887 6.070254086400201 57.464502742518974 55.48632152525957 7.110304355807932 21.30720345536902 61.66802770499869 17.33388052715537 26.60103974150603 5.786772641057862 19.46966178481646 27.7309065076615 21.787326389541057 2.2942630507017725 37.79947913869278 16.385420212246945 32.82097455536871 27.704879851427343 14.112724847287236 33.451185936882574 30.737094440271342 19.421700278802064 10.850092771194504 24.719277694194716 1.603497712690844 30.19174758841133 21.146712031308034 12.383433569422372 10.014073540114477 24.95221874079244 3.820074181722873 5.165508249679494 3.425466126542478 3.4456101179091423 35.84532570546657 30.670848618378052 23.68519863397377 6.109436984064342 12.08859464204119 3.9449296908605156 32.709555721192 23.658220273818856 23.52963649246611 40.36417784392303 10.413400726103607 5.7230602610253065 23.773289645452234 21.299535682139272 26.33199552967455 23.297823491980697 23.752110264978185 23.894640812852153 19.071046948636514 32.9133718413283 26.206602062901254 11.745174315026723 46.33883726469173 24.256178886099732 16.716987556827114 42.64633374044473 0 35.00243532912474 2.169155879256234 4.088754801354639 30.42627660426063 3.978983352353186 22.46862676749528 2.9889543654346795 13.971903432315148 36.305122057428065 18.352747365098562 36.192475036927995 20.92467435345101 27.786437654047802 45.80830472863052 21.466398426977648 3.7583427010679014 23.378126034027083 30.615471162028605 20.586443723070047 32.02909394609411 17.780583830427595 15.032028393488005 33.7545352660956 24.14508696757229 29.52246547674693 42.14113991965063 13.344185435992529 25.148355703170054 17.818533431734664 23.642317166865546 20.520138194077227 4.412413966691016 7.803717716960723 21.65654594213132 22.424045392018357 29.99384156812281 3.228096633352287 16.75365766312679 3.4042944170164517 41.11663670090065 20.622019211275354 19.29317840778986 17.172856959212254 2.9134251764639494 2.3613380780741338 15.931045083779573 9.670848614743129 13.75947597295728 7.326989823582405 27.596594828233584 31.27245095907442 5.0970047953426025 0.7297950864987373 27.94817329168353 59.91075729891324 0 16.82959163196726 37.927001902266255 29.469716879600824 9.733578894885635 2.664173371014627 34.094530123084276 19.241911078281987 16.112759588414704 18.449156587426927 27.934347929548643 31.574576159484067 0.412679181276598 30.10236466506757 35.98322845131355 5.828488313809739 8.713490347980205
9.73809934023659 7.429911777874574 8.275848295458555 20.91947031970392 21.465563041650235 6.579970000271455 39.59540988853414 6.527066475309432 27.326266507343576 26.97370326212976 3.065260259492815 18.29352692113583 26.60103974150603 8.287310135071468 4.06721358389767 3.1420451859393683 5.732059029749054 24.950459354445776 16.786308418405305 0 3.3925858716501267 13.347149342252518 0.26974435346774506 15.545818183268352 9.35549628955025 5.703456518906316 2.5581439048110397 27.269377487303238 21.576593079549014 15.991610294823658 24.312360655585437 0 2.8823995466200465 8.20956109474811 0 10.437059244107829 0 17.616163642090427 13.538703686864313 7.20124191612333 7.894476353048439 18.457976139308368 12.123377574437342 9.080881516370496 18.473614751708524 1.0483636806474603 2.4500967352319316 3.0776844191306765 21.89884564468872 0.9463912121089493 15.51175652091112 1.805762179429605 13.662761758971662 11.04494411549694 7.778491762151599 7.666325919246404 12.457729354448794 16.94114079785218 7.017570402289969 18.336263787911765 0 1.2884834941736205 9.159614722298585 16.978623451454624 5.326622046560352 8.399541669221342 4.5761184993164665 0 1.387325087884486 2.9005661112185734 0 0.9572620403979393 0 22.94470248569594 35.53629955128666 11.155626595022028 18.848200384404564 1.1854969620188403 10.29394331122515 10.273971290727559 0 0 6.683657856474092 8.299211984175333 12.450591133507888 0 0 2.184531514717108 12.46750254988962 34.47521000633812 21.2714566013247 10.909669904286304 11.510471222250857 0.05543183824634035 13.522033473012065 27.33159916757164 11.158262839732394 6.482767487614403 0 6.346381865301327 8.854321714009561 0 11.381644043455015 6.178692908194385 9.476315959343268 20.288079719119185 10.8434474285968 1.6634666098214694 0 8.954542406295658 4.262206020669998 8.232237419244878 0.9138389890177194 3.9576213595700374 7.35158311669084 13.917046332530244 5.066346005921581 0 4.90531187525605 0 44.90367651880535 3.518708549302051 7.800326418313489 12.595988414721099 13.59308346872007 3.7055350552138826 0 11.35211541238722 11.346661293696986 15.191314071709428 13.904661107638226 17.65605160206619 0 0 0 3.791757342375213 4.0250349714243185 13.625521307941256
0 0 11.393744339708597 18.135853197806078 4.4061965950788196 0 28.234546229791903 21.26850749323733 9.331926600627325 2.331603180317696 4.56458645974608 9.507625443673035 5.786772641057862 4.06721358389767 0.0 5.202988374975633 0.7317595361818658 17.687233385781028 13.511536790161195 5.908913337221826 3.781698248485255 2.4998559263359095 5.707747478428731 4.847492811426197 12.241017756628729 0.8240434254007596 11.223507296617054 14.889558840967105 11.126259600053501 6.163399560968813 1.750152429078618 0 0.5663083866951784 0 3.453086367498461 0 0 6.780316744851712 4.99170051752337 3.5123254643437463 0.2763839500778005 9.609172877409106 4.471161305504289 3.0428821413289135 0.9594520319202804 0 0 9.325830991038213 7.864078498301179 2.063653216983914 4.555682730260987 0 2.2071563483902468 5.532747603073201 0.4042377382441522 4.121346066272958 0 5.916277297730371 0.15422366195619475 3.5588578341791877 0 19.19052166119197 1.3352201701743098 4.0595973312375495 26.09473708857429 1.5426294207315294 5.681089469765947 0 0 0 0 0.007027500242900331 0 16.44198670319839 26.255543035110463 6.056149771629094 0.2101534771058411 3.5861626699467557 4.6537990576288255 9.277410037248721 0 0 0 0 0 0 0 0.332037961263147 13.621224598488489 10.442305788734277 4.227170202244443 5.381004087535281 0 0 2.501094238023204 14.544555050653553 0 0 0 0 0 0 1.9402711125085474 0 1.3460571650036668 18.4351937433167 0 1.6029566786062048 0 0 0 0 5.152971217563065 4.48118974587242 0 0 0 0 0 2.5481948592367782 31.7261529771664 1.0029869795697106 5.950376007928902 24.928854571928156 0 13.27176451510757 0 0 5.3114309997347515 10.323418022242677 0 8.399510871548312 0 0 0 0 4.883570113804867 3.116586259759689
0 0 19.590188131080424 4.2552225817052935 2.408478481619472 13.182704736910146 14.365478543221975 14.33128693669764 19.410826001251074 24.75802419392616 11.320653402385044 13.037421005599349 19.46966178481646 3.1420451859393683 5.202988374975633 9.40008180327523 6.881318307240877 29.157212879937248 3.681021330605871 7.076264869773247 0.3355232824509393 4.95410907871314 3.223260850534203 3.0103820266873615 29.14987938759255 9.545512175023141 11.404731723697562 13.68577911546835 14.455293824018753 15.795939001483767 14.693719671817128 4.32709191553407 4.384586031310111 6.593740575401245 8.114912897397026 0.5442364061400133 5.496491460465693 17.91119868122669 19.931198057701543 6.522584332316539 13.150822983289238 9.806768310864168 12.963087836127627 7.015444260242367 0.1717520433159887 9.028343245015758 5.156534196598115 15.780558769403662 20.540233489542217 5.461284806473806 2.2822146172157964 3.91746918519471 6.312721878497289 10.134704460516655 1.6476557507719063 11.726188629575052 3.7526520649972586 8.713624502473074 0 20.214809174435402 9.061133021232331 17.469061193145517 14.23533191752464 4.415669395576433 35.22995506501164 4.66823859841854 16.09828334612792 0 5.155270508961024 0 15.384726498610469 16.331764957349414 0.5974395201603286 11.977672696848472 11.324348376825117 5.7806112711038065 0 11.245074878473037 9.709367926257318 28.114415571108864 0 1.2534717902357855 8.391699349938916 5.465674405273196 11.229659134721683 0 0.4539320545436638 5.341704756730222 24.135795371001905 2.828106706555502 3.112834201756163 16.832271420608304 13.488588113740597 0.8797000076432422 7.072630777068049 20.587119305830754 9.852973640111976 2.488183500991429 2.753635326804985 7.076190594139691 7.737524379448274 0 12.742283004555482 0 4.444809440206573 9.999125058669563 10.047555656347287 7.706060783936973 11.142093560416932 0.8197380346677505 0 6.714433957973629 15.732733930600126 3.265836673639395 1.5233167682520694 1.68516990915505 4.66632406675377 5.86303491832666 0 14.582109159813495 34.36452665574793 6.260101459063872 5.892455868831782 13.291472270563702 8.55065895976641 0 0 3.8475829358271625 6.8132461416676495 24.125933658072277 13.586812997062275 13.76288252532568 3.3092445962739934 0 0 4.670144864089764 14.295318945223592 0
0 0 4.958096672413886 21.967510183790083 14.35409071627917 4.149853957220518 20.066312329016395 27.217229393512184 25.39470228069218 17.517483545536475 2.1185561331176395 4.437034395318005 27.7309065076615 5.732059029749054 0.7317595361818658 6.881318307240877 7.454092083306328 15.900025471753228 10.78598722486323 6.544052980850358 2.8486708894598127 0.7660137900303718 9.896924181012142 2.5595982333809566 1.2037523562079366 2.0947245601643267 14.744384297080948 0 7.974972116910614 5.868582520268321 14.664624929886163 0 5.010545172896428 1.9005300939725753 5.210839749089153 2.1459235618377255 3.992305395612771 11.010865080156744 8.832283870924996 4.938548313151717 0 7.149326361034845 3.898215180965501 6.335771788353405 5.632031847641713 0.23613710138471422 2.706651781443387 15.259120926832242 8.187175917519689 15.600881119300702 5.845206220267755 7.25930398236142 10.408202797402193 15.752333583933407 19.90155902644375 4.636138647483053 5.310972755995614 12.259180196910194 8.668562796452505 13.01617004357091 14.960504353356455 25.717519079873874 5.008155907302289 28.831678502532398 12.748437477068652 5.837228210771087 15.280514043385125 0 0 0.15789485489663946 0 4.412640843869804 0.604198477237869 7.4222448480698 20.46291203181829 0.6431491574154924 14.58853578484246 7.840017393210893 6.226710243953946 8.587594584644336 0 0 0 0 5.22930601475076 0 0 4.490001791272817 10.627548438971175 9.864530170288031 13.893569991345885 12.797852630141747 0 0 6.889527046258019 11.750261872175479 0 0 0 2.402981634667454 7.010044351391954 5.908936923847817 0 0 1.9571983111347793 22.57757890495473 0.1532132944538418 0.23204793047450245 6.311608093889937 0 0 10.338804515140911 2.214623600119319 0.0762461016054159 0.06013087833249209 10.529465336182703 6.581779481260233 0 0 8.41009157045553 35.751912490908 3.310027488875109 3.69884553605403 9.354672554667324 4.450353313496251 11.213816212078271 0 0 0.6385706400021753 8.573197241792151 4.544829066230854 4.062516354609004 0 0.47399179525186597 0.280581156417675 11.755955121179795 6.039017796812518 3.634603260410856
