0.0019446894150102888 0.002087902976580814 0.0019522269708824216 0.0015301238420429792 0.002834121007921971 0.0029396467901318317 0.0016431871801249726 0.0021783536470464087 0.001997452306115219 0.0018994640797774913 0.0020351400854758837 0.003994904612230438 0.0029094965666433 0.0017788631858233648 0.0018693138562889597 0.002615531887630117 0.0017336378505905675 0.0020200649737316177 0.00971590951917931 0.009384257060805463 0.00394967927699764 0.005811455577414468 0.017901695196315643 0.016168057345725077 0.00670088717032615 0.001929614303266023 0.006866713399513074 0.009120442605280811 0.004379319961709216 0.00197483963849882 0.001537661397915112 0.001620574512508574 0.007786295215913288 0.007884283442251016 0.003105473019318756 0.004680822196594533 0.01570826643752497 0.013183185220360445 0.005977281806601392 0.005570253789506215 0.007379267198818111 0.0035577263716467297 0.00309039790757449 0.0029094965666433 0.002080365420708681 0.005879293580263663 0.004786347978804393 0.002314029652744801 0.0020577527530922825 0.0029848721253646292 0.002615531887630117 0.0016884125153577702 0.0016884125153577702 0.0016733374036135044 0.001545198953787245 0.006188333371021113 0.006271246485614575 0.002849196119666237 0.004326557070604286 0.01293444587658006 0.010537503109241798 0.00425871906775509 0.0047637353111879945 0.006482298050034296 0.0030376350164695596 0.0018919265239053585 0.0023818676555939972 0.0023215672086169337 0.0016884125153577702 0.003859228606532046 0.001703487627102036 0.0018693138562889597 0.0020200649737316177 0.004824035758165058 0.003994904612230438 0.002607994331757984 0.0026607572228629145 0.0019371518591381558 0.0036632521538565903 0.01755496762619753 0.016967038268171163 0.007771220104169022 0.0017562505182069663 0.0024270929908267944 0.0020276025296037505 0.011622911154828936 0.03563002660757223 0.030112535709170943 0.012723394312160338 0.003927066609381242 0.013175647664488314 0.017630343184918858 0.00836668701806752 0.002072827864836548 0.002532618773036655 0.002231116538151339 0.0016054994007643083 0.002932109234259699 0.0015225862861708462 0.0015753491772757765 0.0018768514121610927 0.004251181511882957 0.003082860351702357 0.002095440532452947 0.0022085038705349403 0.001552736509659378 0.0029773345694924964 0.015112799523626468 0.014434419495134508 0.0062863215973588404 0.0015301238420429792 0.0018693138562889597 0.0017788631858233648 0.009120442605280811 0.030278361938357867 0.028770850763931287 0.010959606238081239 0.0031130105751908887 0.011585223375468271 0.01480375973286902 0.00740187986643451 0.0018316260769282952 0.006617974055732688 0.006512448273522827 0.002412017879082529 0.0038215408271713813 0.012323903850937295 0.010944531126336974 0.004891873761014254 0.00449238329979121 0.005984819362473524 0.0032185363574007493 0.0026682947787350472 0.0025250812171645222 0.0019823771943709534 0.001703487627102036 0.007047614740444264 0.006580286276372024 0.003075322795830224 0.004688359752466665 0.014245980598331185 0.011027444240930436 0.005095387769561842 0.0016356496242528398 0.005306439333981563 0.006685812058581884 0.002924571678387566 0.0019446894150102888 0.0027587454492006423 0.0020426776413480165 0.0021029780883250796 0.008879240817372559 0.009210893275746406 0.003934604165253375 0.006022507141834189 0.01755496762619753 0.01570826643752497 0.006293859153230974 0.0017562505182069663 0.006866713399513074 0.00924858105510707 0.004605446637873203 0.004364244849964951 0.004205956176650159 0.001771325629951232 0.002615531887630117 0.00914305527289721 0.008019959447949409 0.0031280856869351542 0.00332406213961061 0.004175805953161628 0.0025778441082694526
0.8999999999999998 0.9142857142857144 0.32857142857142857 0.24285714285714274 0.1857142857142857 0.0999999999999999 0.20000000000000004 0.12857142857142861 0.04285714285714283 0.15714285714285708 0.17142857142857132 0.29999999999999993 0.31428571428571417 0.31428571428571417 0.0 0.0 0.0 0.014285714285714235 0.0 0.0 0.0 0.17142857142857132 0.15714285714285708 0.07142857142857142 0.014285714285714235 0.20000000000000004 0.1857142857142857 0.17142857142857132 0.014285714285714235 0.0 0.0 0.0 0.0 0.0 0.0 0.11428571428571425 0.0999999999999999 0.014285714285714235 0.0 0.12857142857142861 0.11428571428571425 0.0 0.0 0.0 0.0571428571428572 0.04285714285714283 0.0 0.0 0.07142857142857142 0.0571428571428572 0.3857142857142856 0.39999999999999997 0.29999999999999993 0.27142857142857146 0.2857142857142857 0.24285714285714274 0.2571428571428571 0.27142857142857146 0.1285714285714285 0.21428571428571427 0.2285714285714285 0.24285714285714274 0.07142857142857142 0.2285714285714285 0.24285714285714274 0.257142857142857 0.21428571428571427 0.2285714285714285 0.17142857142857132 0.1857142857142857 0.1857142857142857 0.17142857142857132 0.17142857142857132 0.1857142857142857 0.20000000000000004 0.21428571428571427 0.2285714285714285 0.1857142857142857 0.15714285714285708 0.15714285714285708 0.17142857142857132 0.1857142857142857 0.20000000000000004 0.17142857142857132 0.15714285714285708 0.14285714285714285 0.1285714285714285 0.14285714285714285 0.15714285714285708 0.17142857142857132 0.15714285714285708 0.14285714285714285 0.15714285714285708 0.27142857142857146 0.0 0.0 0.11428571428571425 0.0 0.12857142857142861 0.11428571428571425 0.0 0.0 0.0 0.0 0.0 0.12857142857142861 0.0999999999999999 0.0 0.0 0.0 0.0 0.11428571428571425 0.0999999999999999 0.08571428571428566 0.07142857142857142 0.0 0.0 0.11428571428571425 0.0999999999999999 0.08571428571428566 0.0 0.0 0.0 0.0 0.0 0.02857142857142847 0.014285714285714235 0.0 0.0 0.04285714285714283 0.02857142857142847 0.0 0.24285714285714274 0.2571428571428571 0.21428571428571427 0.2285714285714285 0.1857142857142857 0.20000000000000004 0.21428571428571427 0.07142857142857142 0.15714285714285708 0.17142857142857132 0.1857142857142857 0.0 0.0 0.07142857142857142 0.014285714285714235 0.12857142857142861 0.12857142857142861 0.14285714285714285 0.0999999999999999 0.0999999999999999 0.11428571428571425 0.12857142857142861 0.08571428571428566 0.07142857142857142 0.08571428571428566 0.0999999999999999 0.0 0.0 0.0 0.0 0.0 0.0 0.0 0.02857142857142847 0.014285714285714235 0.0 0.0 0.0 0.0 0.0
0.9142857142857144 1.0 0.4142857142857143 0.39999999999999997 0.27142857142857146 0.2571428571428571 0.2857142857142857 0.21428571428571427 0.20000000000000004 0.31428571428571417 0.2571428571428571 0.31428571428571417 0.39999999999999997 0.2571428571428571 0.0999999999999999 0.0999999999999999 0.11428571428571425 0.0999999999999999 0.14285714285714285 0.08571428571428566 0.0999999999999999 0.2571428571428571 0.24285714285714274 0.2285714285714285 0.24285714285714274 0.2857142857142857 0.27142857142857146 0.2571428571428571 0.24285714285714274 0.0 0.0 0.04285714285714283 0.08571428571428566 0.0 0.0 0.20000000000000004 0.1857142857142857 0.17142857142857132 0.08571428571428566 0.21428571428571427 0.20000000000000004 0.1857142857142857 0.02857142857142847 0.0 0.14285714285714285 0.12857142857142861 0.11428571428571425 0.02857142857142847 0.15714285714285708 0.14285714285714285 0.39999999999999997 0.48571428571428577 0.31428571428571417 0.35714285714285715 0.3714285714285714 0.32857142857142857 0.3428571428571429 0.35714285714285715 0.14285714285714285 0.2285714285714285 0.31428571428571417 0.32857142857142857 0.08571428571428566 0.17142857142857132 0.32857142857142857 0.27142857142857146 0.29999999999999993 0.31428571428571417 0.11428571428571425 0.27142857142857146 0.12857142857142861 0.11428571428571425 0.2571428571428571 0.27142857142857146 0.2857142857142857 0.29999999999999993 0.31428571428571417 0.12857142857142861 0.0999999999999999 0.24285714285714274 0.2571428571428571 0.27142857142857146 0.2857142857142857 0.11428571428571425 0.0999999999999999 0.08571428571428566 0.14285714285714285 0.2285714285714285 0.24285714285714274 0.11428571428571425 0.0999999999999999 0.08571428571428566 0.24285714285714274 0.2857142857142857 0.21428571428571427 0.2285714285714285 0.20000000000000004 0.1857142857142857 0.21428571428571427 0.20000000000000004 0.17142857142857132 0.1857142857142857 0.20000000000000004 0.21428571428571427 0.2285714285714285 0.21428571428571427 0.1857142857142857 0.15714285714285708 0.17142857142857132 0.1857142857142857 0.20000000000000004 0.20000000000000004 0.1857142857142857 0.17142857142857132 0.15714285714285708 0.14285714285714285 0.15714285714285708 0.20000000000000004 0.1857142857142857 0.17142857142857132 0.15714285714285708 0.0 0.0999999999999999 0.0 0.0 0.11428571428571425 0.0999999999999999 0.08571428571428566 0.0 0.12857142857142861 0.11428571428571425 0.0999999999999999 0.2571428571428571 0.3428571428571429 0.29999999999999993 0.31428571428571417 0.27142857142857146 0.2857142857142857 0.29999999999999993 0.08571428571428566 0.17142857142857132 0.2571428571428571 0.27142857142857146 0.0 0.0 0.08571428571428566 0.17142857142857132 0.21428571428571427 0.21428571428571427 0.2285714285714285 0.04285714285714283 0.1857142857142857 0.20000000000000004 0.21428571428571427 0.02857142857142847 0.08571428571428566 0.17142857142857132 0.1857142857142857 0.0 0.0 0.0 0.08571428571428566 0.0999999999999999 0.11428571428571425 0.12857142857142861 0.11428571428571425 0.0999999999999999 0.08571428571428566 0.0999999999999999 0.0 0.0 0.0
0.32857142857142857 0.4142857142857143 0.39999999999999997 0.31428571428571433 0.2571428571428571 0.17142857142857146 0.27142857142857135 0.27142857142857135 0.1857142857142857 0.0 0.0 0.08571428571428566 0.10000000000000002 0.10000000000000002 0.08571428571428566 0.0 0.0 0.08571428571428566 0.05714285714285713 0.0 0.0 0.24285714285714288 0.2285714285714285 0.14285714285714285 0.08571428571428566 0.27142857142857135 0.2571428571428571 0.24285714285714288 0.08571428571428566 0.0 0.0 0.0285714285714286 0.0 0.0 0.0 0.1857142857142857 0.17142857142857146 0.08571428571428566 0.0 0.19999999999999993 0.1857142857142857 0.0285714285714286 0.0 0.0 0.1285714285714285 0.11428571428571425 0.0285714285714286 0.0 0.14285714285714285 0.1285714285714285 0.0 0.0 0.0 0.057142857142857065 0.07142857142857142 0.0285714285714286 0.04285714285714283 0.057142857142857065 0.0 0.0 0.014285714285714235 0.0285714285714286 0.0 0.014285714285714235 0.0285714285714286 0.1857142857142857 0.14285714285714285 0.15714285714285708 0.10000000000000002 0.11428571428571425 0.11428571428571425 0.10000000000000002 0.10000000000000002 0.11428571428571425 0.1285714285714285 0.14285714285714285 0.15714285714285708 0.11428571428571425 0.08571428571428566 0.08571428571428566 0.10000000000000002 0.11428571428571425 0.1285714285714285 0.10000000000000002 0.08571428571428566 0.07142857142857142 0.05714285714285713 0.07142857142857142 0.08571428571428566 0.10000000000000002 0.08571428571428566 0.07142857142857142 0.08571428571428566 0.27142857142857146 0.057142857142857065 0.07142857142857142 0.1857142857142857 0.10000000000000002 0.19999999999999993 0.1857142857142857 0.014285714285714235 0.0285714285714286 0.04285714285714283 0.057142857142857065 0.07142857142857142 0.19999999999999993 0.17142857142857146 0.0 0.014285714285714235 0.0285714285714286 0.04285714285714283 0.1857142857142857 0.17142857142857146 0.15714285714285708 0.14285714285714285 0.05714285714285713 0.0 0.1857142857142857 0.17142857142857146 0.15714285714285708 0.0 0.0 0.0 0.0 0.0 0.10000000000000002 0.08571428571428566 0.0 0.0 0.11428571428571425 0.10000000000000002 0.0 0.0 0.0 0.0 0.014285714285714235 0.0 0.0 0.0 0.0 0.0 0.0 0.0 0.0 0.0 0.0 0.0 0.1285714285714285 0.057142857142857065 0.07142857142857142 0.0285714285714286 0.0285714285714286 0.04285714285714283 0.057142857142857065 0.014285714285714235 0.0 0.014285714285714235 0.0285714285714286 0.0 0.0 0.0 0.0 0.0 0.0 0.0 0.10000000000000002 0.08571428571428566 0.0 0.0 0.0 0.0 0.0
0.24285714285714274 0.39999999999999997 0.31428571428571433 0.29999999999999993 0.17142857142857146 0.15714285714285708 0.1857142857142857 0.1857142857142857 0.17142857142857146 0.0 0.0 0.0 0.014285714285714235 0.0 0.07142857142857142 0.0 0.014285714285714235 0.0 0.04285714285714283 0.0 0.0 0.15714285714285708 0.14285714285714285 0.12857142857142856 0.14285714285714285 0.1857142857142857 0.17142857142857146 0.15714285714285708 0.14285714285714285 0.0 0.0 0.0 0.0 0.0 0.0 0.10000000000000002 0.08571428571428566 0.07142857142857142 0.0 0.11428571428571425 0.10000000000000002 0.08571428571428566 0.0 0.0 0.04285714285714283 0.0285714285714286 0.014285714285714235 0.0 0.057142857142857065 0.04285714285714283 0.0 0.0 0.0 0.0 0.0 0.0 0.0 0.0 0.0 0.0 0.0 0.0 0.0 0.0 0.0 0.0 0.057142857142857065 0.07142857142857142 0.0 0.10000000000000002 0.0 0.0 0.014285714285714235 0.0285714285714286 0.04285714285714283 0.057142857142857065 0.07142857142857142 0.0 0.0 0.0 0.014285714285714235 0.0285714285714286 0.04285714285714283 0.0 0.0 0.0 0.0 0.0 0.0 0.0 0.0 0.0 0.0 0.1857142857142857 0.11428571428571425 0.1285714285714285 0.10000000000000002 0.08571428571428566 0.11428571428571425 0.10000000000000002 0.07142857142857142 0.08571428571428566 0.10000000000000002 0.11428571428571425 0.1285714285714285 0.11428571428571425 0.08571428571428566 0.05714285714285713 0.07142857142857142 0.08571428571428566 0.10000000000000002 0.10000000000000002 0.08571428571428566 0.07142857142857142 0.05714285714285713 0.04285714285714283 0.05714285714285713 0.10000000000000002 0.08571428571428566 0.07142857142857142 0.05714285714285713 0.0 0.0 0.0 0.0 0.014285714285714235 0.0 0.0 0.0 0.0285714285714286 0.014285714285714235 0.0 0.0 0.0 0.0 0.0 0.0 0.0 0.0 0.0 0.0 0.0 0.0 0.0 0.0 0.0 0.0 0.11428571428571425 0.0 0.0 0.0 0.0 0.0 0.0 0.0 0.0 0.0 0.0 0.0 0.0 0.0 0.0 0.0 0.014285714285714235 0.0285714285714286 0.014285714285714235 0.0 0.0 0.0 0.0 0.0 0.0
0.1857142857142857 0.27142857142857146 0.2571428571428571 0.17142857142857146 0.39999999999999997 0.31428571428571433 0.4142857142857142 0.4142857142857142 0.32857142857142857 0.0 0.0285714285714286 0.08571428571428566 0.10000000000000002 0.10000000000000002 0.0 0.08571428571428566 0.0285714285714286 0.08571428571428566 0.05714285714285713 0.0 0.0 0.24285714285714288 0.2285714285714285 0.14285714285714285 0.08571428571428566 0.27142857142857135 0.2571428571428571 0.24285714285714288 0.08571428571428566 0.07142857142857142 0.014285714285714235 0.17142857142857146 0.14285714285714285 0.05714285714285713 0.0 0.32857142857142857 0.31428571428571433 0.2285714285714285 0.14285714285714285 0.3428571428571428 0.32857142857142857 0.17142857142857146 0.08571428571428566 0.0 0.27142857142857135 0.2571428571428571 0.17142857142857146 0.08571428571428566 0.2857142857142857 0.27142857142857135 0.0 0.0 0.0 0.1285714285714285 0.07142857142857142 0.0285714285714286 0.04285714285714283 0.057142857142857065 0.0 0.0 0.014285714285714235 0.0285714285714286 0.0 0.014285714285714235 0.0285714285714286 0.1857142857142857 0.14285714285714285 0.15714285714285708 0.10000000000000002 0.11428571428571425 0.11428571428571425 0.10000000000000002 0.10000000000000002 0.11428571428571425 0.1285714285714285 0.14285714285714285 0.15714285714285708 0.11428571428571425 0.08571428571428566 0.08571428571428566 0.10000000000000002 0.11428571428571425 0.1285714285714285 0.10000000000000002 0.08571428571428566 0.07142857142857142 0.05714285714285713 0.07142857142857142 0.08571428571428566 0.10000000000000002 0.08571428571428566 0.07142857142857142 0.08571428571428566 0.27142857142857146 0.057142857142857065 0.07142857142857142 0.1857142857142857 0.0285714285714286 0.19999999999999993 0.1857142857142857 0.014285714285714235 0.10000000000000002 0.04285714285714283 0.057142857142857065 0.07142857142857142 0.19999999999999993 0.17142857142857146 0.0 0.014285714285714235 0.0285714285714286 0.04285714285714283 0.1857142857142857 0.17142857142857146 0.15714285714285708 0.14285714285714285 0.05714285714285713 0.0 0.1857142857142857 0.17142857142857146 0.15714285714285708 0.0 0.08571428571428566 0.08571428571428566 0.0 0.0 0.24285714285714288 0.2285714285714285 0.14285714285714285 0.05714285714285713 0.2571428571428571 0.24285714285714288 0.08571428571428566 0.0 0.0 0.14285714285714285 0.08571428571428566 0.0 0.057142857142857065 0.0 0.0 0.0 0.0 0.0 0.0 0.0 0.0 0.0 0.057142857142857065 0.1285714285714285 0.07142857142857142 0.0285714285714286 0.0285714285714286 0.04285714285714283 0.057142857142857065 0.014285714285714235 0.0 0.014285714285714235 0.0285714285714286 0.0 0.0 0.0 0.0 0.0 0.0285714285714286 0.0 0.10000000000000002 0.08571428571428566 0.0 0.0 0.0 0.0 0.0
0.0999999999999999 0.2571428571428571 0.17142857142857146 0.15714285714285708 0.31428571428571433 0.29999999999999993 0.32857142857142857 0.32857142857142857 0.31428571428571433 0.0 0.014285714285714235 0.0 0.014285714285714235 0.0 0.0 0.07142857142857142 0.014285714285714235 0.0 0.04285714285714283 0.0 0.0 0.15714285714285708 0.14285714285714285 0.12857142857142856 0.14285714285714285 0.1857142857142857 0.17142857142857146 0.15714285714285708 0.14285714285714285 0.05714285714285713 0.0 0.08571428571428566 0.12857142857142856 0.04285714285714283 0.0 0.24285714285714288 0.2285714285714285 0.21428571428571427 0.12857142857142856 0.2571428571428571 0.24285714285714288 0.2285714285714285 0.07142857142857142 0.0 0.1857142857142857 0.17142857142857146 0.15714285714285708 0.07142857142857142 0.19999999999999993 0.1857142857142857 0.0 0.0 0.0 0.11428571428571425 0.057142857142857065 0.0 0.0285714285714286 0.0 0.0 0.0 0.0 0.0 0.0 0.0 0.0 0.0 0.057142857142857065 0.07142857142857142 0.0 0.0285714285714286 0.0 0.0 0.014285714285714235 0.10000000000000002 0.04285714285714283 0.057142857142857065 0.07142857142857142 0.0 0.0 0.0 0.014285714285714235 0.0285714285714286 0.04285714285714283 0.0 0.0 0.0 0.0 0.0 0.0 0.0 0.0 0.0 0.0 0.1857142857142857 0.11428571428571425 0.1285714285714285 0.10000000000000002 0.08571428571428566 0.11428571428571425 0.10000000000000002 0.07142857142857142 0.08571428571428566 0.10000000000000002 0.11428571428571425 0.1285714285714285 0.11428571428571425 0.08571428571428566 0.05714285714285713 0.07142857142857142 0.08571428571428566 0.10000000000000002 0.10000000000000002 0.08571428571428566 0.07142857142857142 0.05714285714285713 0.04285714285714283 0.05714285714285713 0.10000000000000002 0.08571428571428566 0.07142857142857142 0.05714285714285713 0.07142857142857142 0.14285714285714285 0.0 0.0 0.15714285714285708 0.14285714285714285 0.12857142857142856 0.04285714285714283 0.17142857142857146 0.15714285714285708 0.14285714285714285 0.0 0.0 0.1285714285714285 0.07142857142857142 0.0 0.04285714285714283 0.0 0.0 0.0 0.0 0.0 0.0 0.0 0.0 0.0 0.0 0.11428571428571425 0.057142857142857065 0.0 0.0 0.0285714285714286 0.0 0.0 0.0 0.0 0.0 0.0 0.0 0.0 0.0 0.0 0.014285714285714235 0.0285714285714286 0.014285714285714235 0.0 0.0 0.0 0.0 0.0 0.0
0.20000000000000004 0.2857142857142857 0.27142857142857135 0.1857142857142857 0.4142857142857142 0.32857142857142857 0.5 0.42857142857142855 0.3428571428571428 0.0 0.04285714285714283 0.10000000000000002 0.04285714285714283 0.1857142857142857 0.0 0.10000000000000002 0.04285714285714283 0.10000000000000002 0.07142857142857142 0.014285714285714235 0.0 0.1857142857142857 0.24285714285714288 0.15714285714285708 0.10000000000000002 0.35714285714285715 0.3428571428571428 0.32857142857142857 0.24285714285714288 0.08571428571428566 0.0285714285714286 0.1857142857142857 0.15714285714285708 0.07142857142857142 0.014285714285714235 0.27142857142857135 0.32857142857142857 0.24285714285714288 0.15714285714285708 0.42857142857142855 0.4142857142857142 0.32857142857142857 0.10000000000000002 0.014285714285714235 0.21428571428571427 0.27142857142857135 0.1857142857142857 0.10000000000000002 0.3714285714285714 0.35714285714285715 0.0 0.0 0.0 0.14285714285714285 0.08571428571428566 0.0 0.057142857142857065 0.0 0.0 0.014285714285714235 0.0 0.0 0.014285714285714235 0.10000000000000002 0.11428571428571425 0.12857142857142861 0.08571428571428566 0.0999999999999999 0.04285714285714283 0.057142857142857065 0.057142857142857065 0.04285714285714283 0.04285714285714283 0.1285714285714285 0.07142857142857142 0.08571428571428566 0.0999999999999999 0.057142857142857065 0.0285714285714286 0.0285714285714286 0.04285714285714283 0.057142857142857065 0.07142857142857142 0.04285714285714283 0.0285714285714286 0.014285714285714235 0.07142857142857142 0.014285714285714235 0.0285714285714286 0.1857142857142857 0.17142857142857146 0.15714285714285708 0.17142857142857146 0.21428571428571427 0.0 0.014285714285714235 0.1285714285714285 0.0 0.14285714285714285 0.1285714285714285 0.0285714285714286 0.11428571428571425 0.057142857142857065 0.0 0.014285714285714235 0.14285714285714285 0.11428571428571425 0.014285714285714235 0.0285714285714286 0.0 0.0 0.1285714285714285 0.11428571428571425 0.10000000000000002 0.15714285714285708 0.07142857142857142 0.014285714285714235 0.27142857142857135 0.2571428571428571 0.24285714285714288 0.15714285714285708 0.10000000000000002 0.10000000000000002 0.014285714285714235 0.0 0.1857142857142857 0.24285714285714288 0.15714285714285708 0.07142857142857142 0.3428571428571428 0.32857142857142857 0.24285714285714288 0.0 0.0 0.15714285714285708 0.0999999999999999 0.057142857142857065 0.07142857142857142 0.08571428571428566 0.0 0.0285714285714286 0.04285714285714283 0.057142857142857065 0.0 0.0 0.014285714285714235 0.0285714285714286 0.14285714285714285 0.14285714285714285 0.15714285714285708 0.11428571428571425 0.11428571428571425 0.1285714285714285 0.14285714285714285 0.10000000000000002 0.08571428571428566 0.10000000000000002 0.11428571428571425 0.10000000000000002 0.08571428571428566 0.07142857142857142 0.08571428571428566 0.0285714285714286 0.04285714285714283 0.057142857142857065 0.1857142857142857 0.17142857142857146 0.014285714285714235 0.0285714285714286 0.17142857142857146 0.15714285714285708 0.07142857142857142
0.12857142857142861 0.21428571428571427 0.27142857142857135 0.1857142857142857 0.4142857142857142 0.32857142857142857 0.42857142857142855 0.5 0.4142857142857142 0.0 0.0 0.10000000000000002 0.11428571428571425 0.11428571428571425 0.0 0.0285714285714286 0.11428571428571425 0.10000000000000002 0.07142857142857142 0.014285714285714235 0.0285714285714286 0.2571428571428571 0.24285714285714288 0.15714285714285708 0.10000000000000002 0.2857142857142857 0.27142857142857135 0.2571428571428571 0.10000000000000002 0.014285714285714235 0.10000000000000002 0.1857142857142857 0.15714285714285708 0.07142857142857142 0.014285714285714235 0.3428571428571428 0.32857142857142857 0.24285714285714288 0.15714285714285708 0.35714285714285715 0.3428571428571428 0.1857142857142857 0.24285714285714288 0.15714285714285708 0.42857142857142855 0.4142857142857142 0.32857142857142857 0.24285714285714288 0.4428571428571428 0.42857142857142855 0.0 0.0 0.0 0.07142857142857142 0.15714285714285708 0.04285714285714283 0.057142857142857065 0.07142857142857142 0.0 0.014285714285714235 0.0285714285714286 0.04285714285714283 0.0 0.0285714285714286 0.04285714285714283 0.20000000000000004 0.15714285714285708 0.17142857142857132 0.11428571428571425 0.1285714285714285 0.1285714285714285 0.11428571428571425 0.11428571428571425 0.1285714285714285 0.14285714285714285 0.15714285714285708 0.17142857142857132 0.1285714285714285 0.10000000000000002 0.10000000000000002 0.11428571428571425 0.1285714285714285 0.14285714285714285 0.11428571428571425 0.10000000000000002 0.08571428571428566 0.07142857142857142 0.08571428571428566 0.10000000000000002 0.11428571428571425 0.10000000000000002 0.08571428571428566 0.10000000000000002 0.2857142857142857 0.07142857142857142 0.08571428571428566 0.19999999999999993 0.04285714285714283 0.21428571428571427 0.19999999999999993 0.0285714285714286 0.04285714285714283 0.1285714285714285 0.07142857142857142 0.08571428571428566 0.21428571428571427 0.1857142857142857 0.014285714285714235 0.0285714285714286 0.04285714285714283 0.057142857142857065 0.19999999999999993 0.1857142857142857 0.17142857142857146 0.15714285714285708 0.07142857142857142 0.014285714285714235 0.19999999999999993 0.1857142857142857 0.17142857142857146 0.014285714285714235 0.0285714285714286 0.10000000000000002 0.014285714285714235 0.0285714285714286 0.2571428571428571 0.24285714285714288 0.15714285714285708 0.07142857142857142 0.27142857142857135 0.2571428571428571 0.10000000000000002 0.0 0.0 0.08571428571428566 0.17142857142857132 0.0 0.0 0.08571428571428566 0.0 0.0 0.0 0.0 0.0 0.0 0.0 0.0 0.07142857142857142 0.07142857142857142 0.15714285714285708 0.04285714285714283 0.04285714285714283 0.057142857142857065 0.07142857142857142 0.0285714285714286 0.014285714285714235 0.0285714285714286 0.04285714285714283 0.0 0.0 0.0 0.0 0.0 0.0 0.057142857142857065 0.11428571428571425 0.10000000000000002 0.014285714285714235 0.0 0.0 0.014285714285714235 0.0
0.04285714285714283 0.20000000000000004 0.1857142857142857 0.17142857142857146 0.32857142857142857 0.31428571428571433 0.3428571428571428 0.4142857142857142 0.39999999999999997 0.0 0.0 0.0 0.0285714285714286 0.0 0.014285714285714235 0.014285714285714235 0.10000000000000002 0.014285714285714235 0.05714285714285713 0.0 0.014285714285714235 0.17142857142857146 0.15714285714285708 0.14285714285714285 0.15714285714285708 0.19999999999999993 0.1857142857142857 0.17142857142857146 0.15714285714285708 0.0 0.08571428571428566 0.10000000000000002 0.14285714285714285 0.05714285714285713 0.0 0.2571428571428571 0.24285714285714288 0.2285714285714285 0.14285714285714285 0.27142857142857135 0.2571428571428571 0.24285714285714288 0.2285714285714285 0.14285714285714285 0.3428571428571428 0.32857142857142857 0.31428571428571433 0.2285714285714285 0.35714285714285715 0.3428571428571428 0.0 0.0 0.0 0.057142857142857065 0.14285714285714285 0.0 0.0 0.057142857142857065 0.0 0.0 0.0 0.0 0.0 0.0 0.0 0.0 0.07142857142857142 0.08571428571428566 0.0 0.04285714285714283 0.0 0.0 0.0285714285714286 0.04285714285714283 0.1285714285714285 0.07142857142857142 0.08571428571428566 0.0 0.0 0.014285714285714235 0.0285714285714286 0.04285714285714283 0.057142857142857065 0.0 0.0 0.0 0.0 0.0 0.014285714285714235 0.0 0.0 0.0 0.014285714285714235 0.20000000000000004 0.1285714285714285 0.14285714285714285 0.11428571428571425 0.10000000000000002 0.1285714285714285 0.11428571428571425 0.08571428571428566 0.10000000000000002 0.11428571428571425 0.1285714285714285 0.14285714285714285 0.1285714285714285 0.10000000000000002 0.07142857142857142 0.08571428571428566 0.10000000000000002 0.11428571428571425 0.11428571428571425 0.10000000000000002 0.08571428571428566 0.07142857142857142 0.05714285714285713 0.07142857142857142 0.11428571428571425 0.10000000000000002 0.08571428571428566 0.07142857142857142 0.014285714285714235 0.15714285714285708 0.0 0.014285714285714235 0.17142857142857146 0.15714285714285708 0.14285714285714285 0.05714285714285713 0.1857142857142857 0.17142857142857146 0.15714285714285708 0.0 0.0 0.07142857142857142 0.15714285714285708 0.0 0.0 0.07142857142857142 0.0 0.0 0.0 0.0 0.0 0.0 0.0 0.0 0.0 0.057142857142857065 0.14285714285714285 0.0 0.0 0.0 0.057142857142857065 0.0 0.0 0.0 0.0 0.0 0.0 0.0 0.0 0.014285714285714235 0.0285714285714286 0.04285714285714283 0.0285714285714286 0.014285714285714235 0.0 0.014285714285714235 0.0 0.0 0.0
0.15714285714285708 0.31428571428571417 0.0 0.0 0.0 0.0 0.0 0.0 0.0 0.19999999999999998 0.21428571428571427 0.05714285714285713 0.21428571428571427 0.07142857142857142 0.05714285714285713 0.05714285714285713 0.07142857142857142 0.05714285714285713 0.028571428571428564 0.04285714285714283 0.05714285714285713 0.07142857142857142 0.05714285714285713 0.04285714285714283 0.05714285714285713 0.10000000000000002 0.08571428571428566 0.07142857142857142 0.05714285714285713 0.0 0.0 0.07142857142857142 0.0 0.0 0.0 0.014285714285714235 0.0 0.0 0.0 0.0285714285714286 0.014285714285714235 0.0 0.0 0.0 0.0285714285714286 0.0 0.0 0.0 0.0 0.0 0.0 0.08571428571428566 0.0 0.24285714285714288 0.2571428571428571 0.21428571428571427 0.2285714285714285 0.24285714285714288 0.0 0.0 0.05714285714285713 0.07142857142857142 0.0 0.0 0.07142857142857142 0.014285714285714235 0.11428571428571425 0.1285714285714285 0.0 0.08571428571428566 0.0 0.0 0.07142857142857142 0.08571428571428566 0.10000000000000002 0.11428571428571425 0.1285714285714285 0.0 0.05714285714285713 0.05714285714285713 0.07142857142857142 0.08571428571428566 0.10000000000000002 0.0 0.0 0.0 0.0 0.0 0.0 0.0 0.0 0.0 0.0 0.0999999999999999 0.0285714285714286 0.04285714285714283 0.014285714285714235 0.0 0.0285714285714286 0.014285714285714235 0.0 0.0 0.014285714285714235 0.0285714285714286 0.04285714285714283 0.0285714285714286 0.07142857142857142 0.0 0.0 0.0 0.014285714285714235 0.0 0.0 0.0 0.0 0.0 0.0 0.0 0.0 0.0 0.0 0.0 0.0 0.0 0.0 0.0 0.0 0.0 0.0 0.0 0.0 0.0 0.0 0.08571428571428566 0.2571428571428571 0.27142857142857135 0.2285714285714285 0.24285714285714288 0.2571428571428571 0.0 0.0 0.07142857142857142 0.08571428571428566 0.0 0.0 0.0 0.0 0.10000000000000002 0.10000000000000002 0.11428571428571425 0.07142857142857142 0.07142857142857142 0.08571428571428566 0.10000000000000002 0.0 0.0 0.0 0.0 0.0 0.0 0.0 0.0 0.0 0.0 0.0 0.0 0.0 0.0 0.0 0.0 0.0 0.0
0.17142857142857132 0.2571428571428571 0.0 0.0 0.0285714285714286 0.014285714285714235 0.04285714285714283 0.0 0.0 0.21428571428571427 0.29999999999999993 0.07142857142857142 0.15714285714285708 0.014285714285714235 0.0 0.14285714285714285 0.15714285714285708 0.07142857142857142 0.04285714285714283 0.12857142857142856 0.14285714285714285 0.014285714285714235 0.0 0.0 0.14285714285714285 0.04285714285714283 0.0285714285714286 0.014285714285714235 0.0 0.05714285714285713 0.07142857142857142 0.08571428571428566 0.05714285714285713 0.04285714285714283 0.05714285714285713 0.10000000000000002 0.08571428571428566 0.07142857142857142 0.05714285714285713 0.11428571428571425 0.10000000000000002 0.08571428571428566 0.0 0.0 0.04285714285714283 0.0285714285714286 0.014285714285714235 0.0 0.057142857142857065 0.04285714285714283 0.0 0.0285714285714286 0.0 0.32857142857142857 0.3428571428571428 0.2285714285714285 0.31428571428571433 0.32857142857142857 0.0 0.0 0.07142857142857142 0.15714285714285708 0.0 0.0 0.014285714285714235 0.0 0.057142857142857065 0.21428571428571427 0.0 0.0285714285714286 0.0 0.014285714285714235 0.014285714285714235 0.17142857142857146 0.1857142857142857 0.19999999999999993 0.21428571428571427 0.0 0.07142857142857142 0.07142857142857142 0.15714285714285708 0.17142857142857146 0.1857142857142857 0.0 0.0 0.0 0.0 0.0 0.07142857142857142 0.0 0.0 0.0 0.0 0.04285714285714283 0.0 0.1285714285714285 0.0 0.0 0.0 0.0285714285714286 0.0 0.08571428571428566 0.10000000000000002 0.11428571428571425 0.1285714285714285 0.0 0.08571428571428566 0.0 0.07142857142857142 0.08571428571428566 0.10000000000000002 0.0 0.0 0.0 0.0 0.0 0.0 0.0 0.0 0.0 0.0 0.0 0.0 0.0 0.0 0.0 0.0 0.0 0.0 0.0 0.0 0.0 0.0 0.0285714285714286 0.3428571428571428 0.35714285714285715 0.24285714285714288 0.32857142857142857 0.3428571428571428 0.0 0.0 0.014285714285714235 0.17142857142857146 0.0 0.0 0.0 0.0 0.04285714285714283 0.1857142857142857 0.19999999999999993 0.08571428571428566 0.08571428571428566 0.17142857142857146 0.1857142857142857 0.0 0.0 0.0 0.014285714285714235 0.0 0.0 0.0 0.0 0.0 0.014285714285714235 0.0285714285714286 0.0 0.0 0.0 0.0 0.0 0.0 0.0
0.29999999999999993 0.31428571428571417 0.08571428571428566 0.0 0.08571428571428566 0.0 0.10000000000000002 0.10000000000000002 0.0 0.05714285714285713 0.07142857142857142 0.19999999999999998 0.21428571428571427 0.21428571428571427 0.0 0.0 0.0 0.05714285714285713 0.0 0.0 0.0 0.14285714285714285 0.05714285714285713 0.0 0.0 0.10000000000000002 0.08571428571428566 0.07142857142857142 0.0 0.0 0.0 0.07142857142857142 0.0 0.0 0.0 0.15714285714285708 0.07142857142857142 0.0 0.0 0.10000000000000002 0.08571428571428566 0.0 0.0 0.0 0.17142857142857146 0.08571428571428566 0.0 0.0 0.11428571428571425 0.10000000000000002 0.07142857142857142 0.08571428571428566 0.05714285714285713 0.17142857142857146 0.1857142857142857 0.14285714285714285 0.15714285714285708 0.17142857142857146 0.028571428571428564 0.11428571428571425 0.12857142857142856 0.14285714285714285 0.0 0.12857142857142856 0.14285714285714285 0.15714285714285708 0.11428571428571425 0.1285714285714285 0.07142857142857142 0.08571428571428566 0.08571428571428566 0.07142857142857142 0.07142857142857142 0.08571428571428566 0.10000000000000002 0.11428571428571425 0.1285714285714285 0.08571428571428566 0.05714285714285713 0.05714285714285713 0.07142857142857142 0.08571428571428566 0.10000000000000002 0.07142857142857142 0.05714285714285713 0.04285714285714283 0.028571428571428564 0.04285714285714283 0.05714285714285713 0.07142857142857142 0.05714285714285713 0.04285714285714283 0.05714285714285713 0.0999999999999999 0.0 0.0 0.014285714285714235 0.0 0.0285714285714286 0.014285714285714235 0.0 0.0 0.0 0.0 0.0 0.0285714285714286 0.07142857142857142 0.0 0.0 0.0 0.0 0.014285714285714235 0.0 0.0 0.0 0.0 0.0 0.014285714285714235 0.0 0.0 0.0 0.0 0.0 0.0 0.0 0.0 0.0 0.0 0.0 0.0 0.0 0.0 0.07142857142857142 0.08571428571428566 0.11428571428571425 0.1285714285714285 0.08571428571428566 0.10000000000000002 0.11428571428571425 0.0 0.05714285714285713 0.07142857142857142 0.08571428571428566 0.0 0.0 0.0 0.0 0.0285714285714286 0.0285714285714286 0.04285714285714283 0.07142857142857142 0.0 0.014285714285714235 0.0285714285714286 0.0 0.0 0.0 0.0 0.0 0.0 0.0 0.0 0.0 0.0 0.0 0.0 0.0 0.0 0.0 0.0 0.0 0.0
0.31428571428571417 0.39999999999999997 0.10000000000000002 0.014285714285714235 0.10000000000000002 0.014285714285714235 0.04285714285714283 0.11428571428571425 0.0285714285714286 0.21428571428571427 0.15714285714285708 0.21428571428571427 0.29999999999999993 0.15714285714285708 0.0 0.0 0.014285714285714235 0.07142857142857142 0.04285714285714283 0.0 0.0 0.15714285714285708 0.14285714285714285 0.12857142857142856 0.14285714285714285 0.1857142857142857 0.17142857142857146 0.15714285714285708 0.14285714285714285 0.0 0.0 0.08571428571428566 0.0 0.0 0.0 0.17142857142857146 0.08571428571428566 0.07142857142857142 0.0 0.11428571428571425 0.10000000000000002 0.08571428571428566 0.0 0.0 0.1857142857142857 0.10000000000000002 0.014285714285714235 0.0 0.1285714285714285 0.04285714285714283 0.08571428571428566 0.17142857142857146 0.07142857142857142 0.2571428571428571 0.27142857142857135 0.2285714285714285 0.24285714285714288 0.2571428571428571 0.04285714285714283 0.12857142857142856 0.21428571428571427 0.2285714285714285 0.0 0.07142857142857142 0.2285714285714285 0.0999999999999999 0.19999999999999993 0.21428571428571427 0.014285714285714235 0.17142857142857146 0.0285714285714286 0.014285714285714235 0.15714285714285708 0.17142857142857146 0.1857142857142857 0.19999999999999993 0.21428571428571427 0.0285714285714286 0.07142857142857142 0.14285714285714285 0.15714285714285708 0.17142857142857146 0.1857142857142857 0.014285714285714235 0.0 0.0 0.04285714285714283 0.12857142857142856 0.14285714285714285 0.014285714285714235 0.0 0.0 0.14285714285714285 0.1857142857142857 0.11428571428571425 0.1285714285714285 0.10000000000000002 0.08571428571428566 0.11428571428571425 0.10000000000000002 0.07142857142857142 0.08571428571428566 0.10000000000000002 0.11428571428571425 0.1285714285714285 0.11428571428571425 0.08571428571428566 0.05714285714285713 0.07142857142857142 0.08571428571428566 0.10000000000000002 0.10000000000000002 0.08571428571428566 0.07142857142857142 0.05714285714285713 0.04285714285714283 0.05714285714285713 0.10000000000000002 0.08571428571428566 0.07142857142857142 0.05714285714285713 0.0 0.0 0.0 0.0 0.014285714285714235 0.0 0.0 0.0 0.0285714285714286 0.014285714285714235 0.0 0.08571428571428566 0.17142857142857146 0.19999999999999993 0.21428571428571427 0.24285714285714288 0.1857142857142857 0.19999999999999993 0.0 0.07142857142857142 0.15714285714285708 0.17142857142857146 0.0 0.0 0.0 0.07142857142857142 0.11428571428571425 0.11428571428571425 0.1285714285714285 0.08571428571428566 0.08571428571428566 0.10000000000000002 0.11428571428571425 0.0 0.0 0.07142857142857142 0.08571428571428566 0.0 0.0 0.0 0.0 0.0 0.014285714285714235 0.0285714285714286 0.014285714285714235 0.0 0.0 0.0 0.0 0.0 0.0
0.31428571428571417 0.2571428571428571 0.10000000000000002 0.0 0.10000000000000002 0.0 0.1857142857142857 0.11428571428571425 0.0 0.07142857142857142 0.014285714285714235 0.21428571428571427 0.15714285714285708 0.29999999999999993 0.0 0.0 0.0 0.07142857142857142 0.0 0.0 0.0 0.15714285714285708 0.07142857142857142 0.0 0.0 0.1857142857142857 0.24285714285714288 0.15714285714285708 0.07142857142857142 0.0 0.0 0.08571428571428566 0.0 0.0 0.0 0.17142857142857146 0.08571428571428566 0.0 0.0 0.2571428571428571 0.17142857142857146 0.014285714285714235 0.0 0.0 0.1857142857142857 0.10000000000000002 0.0 0.0 0.27142857142857135 0.1857142857142857 0.08571428571428566 0.0285714285714286 0.07142857142857142 0.11428571428571425 0.1285714285714285 0.08571428571428566 0.10000000000000002 0.11428571428571425 0.04285714285714283 0.12857142857142856 0.07142857142857142 0.08571428571428566 0.12857142857142856 0.21428571428571427 0.2285714285714285 0.0999999999999999 0.057142857142857065 0.07142857142857142 0.014285714285714235 0.0285714285714286 0.0285714285714286 0.014285714285714235 0.014285714285714235 0.0285714285714286 0.04285714285714283 0.057142857142857065 0.07142857142857142 0.0285714285714286 0.07142857142857142 0.0 0.014285714285714235 0.0285714285714286 0.04285714285714283 0.014285714285714235 0.0 0.0 0.04285714285714283 0.0 0.0 0.15714285714285708 0.14285714285714285 0.12857142857142856 0.14285714285714285 0.04285714285714283 0.0 0.0 0.0 0.0 0.0 0.0285714285714286 0.0 0.0 0.0 0.0 0.0 0.0 0.08571428571428566 0.0 0.0 0.0 0.0 0.0 0.0 0.0 0.0 0.0 0.0 0.10000000000000002 0.08571428571428566 0.07142857142857142 0.0 0.0 0.0 0.0 0.0 0.014285714285714235 0.0 0.0 0.0 0.10000000000000002 0.014285714285714235 0.0 0.08571428571428566 0.10000000000000002 0.19999999999999993 0.21428571428571427 0.17142857142857146 0.1857142857142857 0.19999999999999993 0.0 0.14285714285714285 0.15714285714285708 0.17142857142857146 0.0 0.04285714285714283 0.12857142857142856 0.14285714285714285 0.11428571428571425 0.11428571428571425 0.1285714285714285 0.08571428571428566 0.08571428571428566 0.10000000000000002 0.11428571428571425 0.07142857142857142 0.05714285714285713 0.07142857142857142 0.08571428571428566 0.07142857142857142 0.05714285714285713 0.04285714285714283 0.05714285714285713 0.0 0.0 0.0 0.014285714285714235 0.0 0.0 0.0 0.0 0.0 0.0
