0.06023725157910954 0.061315667847789246 0.06208596518256047 0.06270220305037745 0.06331844091819443 0.06439685718687413 0.06470497612078262 0.06470497612078262 0.06716992759205054 0.068094284393776 0.07040517639808966 0.07055923586504391 0.07163765213372361 0.07287012786935758 0.07579725774148821
0.2857142857142857 0.0 0.18367346938775508 0.0 0.26530612244897955 0.3061224489795918 0.0 0.3877551020408162 0.16326530612244894 0.0 0.0 0.18367346938775508 0.061224489795918324 0.16326530612244894 0.040816326530612235
0.0 0.2857142857142857 0.0 0.0 0.16326530612244894 0.0 0.0 0.0 0.061224489795918324 0.36734693877551017 0.08163265306122447 0.08163265306122447 0.0 0.0 0.040816326530612235
0.18367346938775508 0.0 0.2857142857142857 0.0 0.16326530612244894 0.2040816326530612 0.0 0.2857142857142856 0.061224489795918324 0.0 0.0 0.08163265306122447 0.0 0.16326530612244894 0.040816326530612235
0.0 0.0 0.0 0.0 0.12244897959183665 0.0 0.0 0.14285714285714288 0.0 0.12244897959183665 0.0 0.0 0.0 0.0 0.0
0.26530612244897955 0.16326530612244894 0.16326530612244894 0.12244897959183665 0.857142857142857 0.3877551020408162 0.12244897959183665 0.8775510204081631 0.2448979591836735 0.2448979591836733 0.16326530612244894 0.36734693877551017 0.14285714285714288 0.14285714285714288 0.12244897959183665
0.3061224489795918 0.0 0.2040816326530612 0.0 0.3877551020408162 0.4285714285714285 0.061224489795918324 0.5102040816326531 0.18367346938775508 0.0 0.1020408163265306 0.3061224489795918 0.0 0.18367346938775508 0.061224489795918324
0.0 0.0 0.0 0.0 0.12244897959183665 0.061224489795918324 0.0 0.14285714285714288 0.0 0.12244897959183665 0.040816326530612235 0.040816326530612235 0.0 0.0 0.0
0.3877551020408162 0.0 0.2857142857142856 0.14285714285714288 0.8775510204081631 0.5102040816326531 0.14285714285714288 1.0 0.26530612244897955 0.26530612244897955 0.0 0.3877551020408162 0.0 0.26530612244897955 0.14285714285714288
0.16326530612244894 0.061224489795918324 0.061224489795918324 0.0 0.2448979591836735 0.18367346938775508 0.0 0.26530612244897955 0.14285714285714285 0.14285714285714288 0.061224489795918324 0.16326530612244894 0.040816326530612235 0.040816326530612235 0.020408163265306117
0.0 0.36734693877551017 0.0 0.12244897959183665 0.2448979591836733 0.0 0.12244897959183665 0.26530612244897955 0.14285714285714288 0.857142857142857 0.36734693877551017 0.16326530612244894 0.2448979591836735 0.0 0.12244897959183665
0.0 0.08163265306122447 0.0 0.0 0.16326530612244894 0.1020408163265306 0.040816326530612235 0.0 0.061224489795918324 0.36734693877551017 0.2857142857142857 0.08163265306122447 0.16326530612244894 0.0 0.040816326530612235
0.18367346938775508 0.08163265306122447 0.08163265306122447 0.0 0.36734693877551017 0.3061224489795918 0.040816326530612235 0.3877551020408162 0.16326530612244894 0.16326530612244894 0.08163265306122447 0.2857142857142857 0.061224489795918324 0.061224489795918324 0.040816326530612235
0.061224489795918324 0.0 0.0 0.0 0.14285714285714288 0.0 0.0 0.0 0.040816326530612235 0.2448979591836735 0.16326530612244894 0.061224489795918324 0.14285714285714285 0.0 0.020408163265306117
0.16326530612244894 0.0 0.16326530612244894 0.0 0.14285714285714288 0.18367346938775508 0.0 0.26530612244897955 0.040816326530612235 0.0 0.0 0.061224489795918324 0.0 0.14285714285714285 0.020408163265306117
0.040816326530612235 0.040816326530612235 0.040816326530612235 0.0 0.12244897959183665 0.061224489795918324 0.0 0.14285714285714288 0.020408163265306117 0.12244897959183665 0.040816326530612235 0.040816326530612235 0.020408163265306117 0.020408163265306117 0.0
