0.06052854619162863 0.08157951168703857 0.01919758192159626 0.12051588395674417 0.019386494296888563 0.017951781392641607 0.00962942540003472 0.0251661918328585 0.046972806829437656 0.05924189974369186 0.007398217075636431 0.002976646345821973 0.0216687600200145 0.00885845867924721 0.004314350192486393 0.035791236508082386 0.06006392386320702 0.14897527800753607 0.0071122956427615925 0.023440451755863942 0.08471443596891626 0.022189545487036527 0.06805951250395695 0.010119576427820156 0.03414718826905207
0.010003055294021124 0.0 0.0 0.0 0.03235618133992518 0.0 0.0 0.0 0.0 0.0 0.0 0.0 0.0 0.04743083550465388 0.0 0.0 0.022897918011478433 0.0 0.0 0.0 0.0 0.0 0.0 0.0 0.0
0.0 0.0030916035540030865 0.0 0.0 0.0 0.0 0.0 0.0 0.0 0.0 0.0 0.0 0.0 0.0 0.0 0.0 0.0 0.0 0.0 0.0 0.009130986973143962 0.0 0.0 0.0 0.0
0.0 0.0 0.017735499574473578 0.0 0.0 0.0 0.09214868757519312 0.0 0.0 0.0 0.0 0.0 0.0 0.0 0.0 0.0 0.0 0.0 0.0 0.043587094625829076 0.0 0.0 0.0 0.03283909007917743 0.0
0.0 0.0 0.0 0.04230876660172954 0.034995919488751775 0.0 0.0 0.0 0.0567678085893597 0.0 0.0 0.0 0.0 0.0 0.0 0.0 0.0 0.0 0.0 0.0 0.014122280810100571 0.0 0.0 0.0 0.0
0.03235618133992518 0.0 0.0 0.034995919488751775 0.1959067628323169 0.0 0.0 0.07461923619806685 0.11670692613370548 0.03521289013691914 0.0 0.0 0.0 0.18028588244167526 0.0 0.0 0.045552823640827744 0.033916192467386724 0.0 0.0 0.0 0.0 0.09671381941149734 0.05272608247524391 0.05064390862475321
0.0 0.0 0.0 0.0 0.0 0.016843047510656108 0.07544405698899154 0.0 0.0 0.0 0.0 0.0 0.03301369410585622 0.0 0.0 0.0 0.0 0.0 0.0 0.0 0.0 0.0 0.0 0.0 0.0
0.0 0.0 0.09214868757519312 0.0 0.0 0.07544405698899154 0.4406044920466571 0.15310241544032338 0.09479514245174914 0.0 0.14431046769764821 0.0 0.1660665467097573 0.0 0.07602643611093712 0.1404710310842795 0.10000146469641535 0.0 0.0 0.21901531210119385 0.08518618407109385 0.0 0.0745866492116754 0.12360030676768408 0.0
0.0 0.0 0.0 0.0 0.07461923619806685 0.0 0.15310241544032338 0.1084430883569894 0.05013581536841513 0.0 0.0 0.0 0.0 0.09102371560943112 0.0 0.0 0.0 0.0 0.0 0.11857059748097357 0.0 0.0 0.026082412156267776 0.04361584083393952 0.0
0.0 0.0 0.0 0.0567678085893597 0.11670692613370548 0.0 0.09479514245174914 0.05013581536841513 0.1416185450831108 0.0 0.0872894884951933 0.0 0.0 0.10108604574306385 0.0 0.0 0.04305323089675711 0.0234916922075442 0.0 0.06270706777631857 0.03378445785795847 0.04092839040506463 0.08486655105222382 0.0 0.0
0.0 0.0 0.0 0.0 0.03521289013691914 0.0 0.0 0.0 0.0 0.003473435186606366 0.0 0.0 0.0 0.05300840789836911 0.0 0.0 0.015229415060980508 0.0 0.0 0.0 0.0 0.0 0.0 0.0 0.0
0.0 0.0 0.0 0.0 0.0 0.0 0.14431046769764821 0.0 0.0872894884951933 0.0 0.42565411621806104 0.0 0.0 0.0 0.12440062063704149 0.06894425809924204 0.0 0.0 0.0 0.0 0.0 0.12285137383480632 0.0 0.15055192312971144 0.0
0.0 0.0 0.0 0.0 0.0 0.0 0.0 0.0 0.0 0.0 0.0 0.3556257152658645 0.0 0.0 0.0 0.0 0.0 0.0 0.0 0.0 0.0 0.0 0.0 0.0 0.0
0.0 0.0 0.0 0.0 0.0 0.03301369410585622 0.1660665467097573 0.0 0.0 0.0 0.0 0.0 0.1418978136095916 0.0 0.0 0.0 0.04629432109776774 0.0 0.0 0.0 0.03607530964912656 0.0 0.0 0.047163205533843955 0.0
0.04743083550465388 0.0 0.0 0.0 0.18028588244167526 0.0 0.0 0.09102371560943112 0.10108604574306385 0.05300840789836911 0.0 0.0 0.0 0.29081619089338345 0.0 0.0 0.0 0.0 0.06758355129862537 0.11220604500953046 0.0 0.0 0.08874999415862561 0.0 0.0684394263862032
0.0 0.0 0.0 0.0 0.0 0.0 0.07602643611093712 0.0 0.0 0.0 0.12440062063704149 0.0 0.0 0.0 0.054880583195267715 0.0 0.0 0.0 0.0 0.0 0.0 0.0 0.0 0.0 0.0
0.0 0.0 0.0 0.0 0.0 0.0 0.1404710310842795 0.0 0.0 0.0 0.06894425809924204 0.0 0.0 0.0 0.0 0.07120946316988466 0.0 0.0 0.0 0.0 0.0 0.0 0.0 0.0 0.0
0.022897918011478433 0.0 0.0 0.0 0.045552823640827744 0.0 0.10000146469641535 0.0 0.04305323089675711 0.015229415060980508 0.0 0.0 0.04629432109776774 0.0 0.0 0.0 0.11240348638448269 0.02676182583166309 0.0 0.0 0.049332182240528516 0.0 0.030717179312318876 0.07417008289269802 0.0
0.0 0.0 0.0 0.0 0.033916192467386724 0.0 0.0 0.0 0.0234916922075442 0.0 0.0 0.0 0.0 0.0 0.0 0.0 0.02676182583166309 0.006998365704089338 0.0 0.0 0.010790538367245264 0.0 0.01071385873931234 0.0 0.0
0.0 0.0 0.0 0.0 0.0 0.0 0.0 0.0 0.0 0.0 0.0 0.0 0.0 0.06758355129862537 0.0 0.0 0.0 0.0 0.016068326776758114 0.0 0.0 0.0 0.0 0.0 0.0
0.0 0.0 0.043587094625829076 0.0 0.0 0.0 0.21901531210119385 0.11857059748097357 0.06270706777631857 0.0 0.0 0.0 0.0 0.11220604500953046 0.0 0.0 0.0 0.0 0.0 0.19083471857175027 0.0 0.0 0.0464060556822318 0.054233314291590784 0.0
0.0 0.009130986973143962 0.0 0.014122280810100571 0.0 0.0 0.08518618407109385 0.0 0.03378445785795847 0.0 0.0 0.0 0.03607530964912656 0.0 0.0 0.0 0.049332182240528516 0.010790538367245264 0.0 0.0 0.06776995099138504 0.0 0.0 0.0 0.0
0.0 0.0 0.0 0.0 0.0 0.0 0.0 0.0 0.04092839040506463 0.0 0.12285137383480632 0.0 0.0 0.0 0.0 0.0 0.0 0.0 0.0 0.0 0.0 0.0870587329949217 0.0 0.0 0.0
0.0 0.0 0.0 0.0 0.09671381941149734 0.0 0.0745866492116754 0.026082412156267776 0.08486655105222382 0.0 0.0 0.0 0.0 0.08874999415862561 0.0 0.0 0.030717179312318876 0.01071385873931234 0.0 0.0464060556822318 0.0 0.0 0.07382314016053897 0.0 0.0
0.0 0.0 0.03283909007917743 0.0 0.05272608247524391 0.0 0.12360030676768408 0.04361584083393952 0.0 0.0 0.15055192312971144 0.0 0.047163205533843955 0.0 0.0 0.0 0.07417008289269802 0.0 0.0 0.054233314291590784 0.0 0.0 0.0 0.18130060070600396 0.0
0.0 0.0 0.0 0.0 0.05064390862475321 0.0 0.0 0.0 0.0 0.0 0.0 0.0 0.0 0.0684394263862032 0.0 0.0 0.0 0.0 0.0 0.0 0.0 0.0 0.0 0.0 0.017121711499930827
