0.029470330545599364 0.09179609717244126 0.020749726842916805 0.02855129736850167 0.07064812261944878 0.00968048279876237 0.12420733388475325 0.08200839383635082 0.004513474047524227 0.00741864003512749 0.13328533937852935 0.023838699465939608 0.0030123865249313277 0.024420753811434815 0.019238427840578377 0.15874255838413545 0.018222385605898152 0.04082039028275587 0.09740219955273718 0.011972960001633837
0.17116732380456767 0.0 0.02347117927742204 0.0 0.10327982060679375 0.38106976379316393 0.05164045994089861 0.12715797359361858 0.0 0.2574336589530475 0.019522903203395003 0.2329078912438689 0.12474483209650344 0.06257885243017824 0.24964095440462586 0.03837281563845352 0.0 0.012522207655791817 0.039080238299746384 0.15078347151043658
0.0 0.01194454689064628 0.0 0.0 0.0 0.22687456444003118 0.015530702107376726 0.03931402660153083 0.0 0.20116380959889568 0.0 0.02595024347517949 0.18700522617002235 0.055377775570846666 0.03638810504732248 0.0 0.0 0.0 0.03643077763639724 0.019271403340844984
0.02347117927742204 0.0 0.028187579970449406 0.0 0.0 0.28622614188351037 0.0 0.0 0.0 0.2288648722538511 0.0 0.13414261959924545 0.0 0.0 0.12057668089643414 0.0 0.0 0.0 0.0 0.10880966168553385
0.0 0.0 0.0 0.018981211131077202 0.0 0.15076997236760548 0.0 0.0 0.0 0.10099304132501175 0.0 0.006858565630466273 0.0 0.0 0.1673495618206431 0.0 0.0 0.0 0.0 0.0
0.10327982060679375 0.0 0.0 0.0 0.19160595453229945 0.33298993209327676 0.0694932017599399 0.1398499107846689 0.0 0.26619146544013006 0.06996339470455837 0.16955212299871647 0.19274097464658269 0.14339479064762628 0.19172986618183785 0.06638554767190641 0.0 0.0018019614771915826 0.11260043429189892 0.178175385839225
0.38106976379316393 0.22687456444003118 0.28622614188351037 0.15076997236760548 0.33298993209327676 0.8246629467580604 0.2626293174152039 0.33706041358221484 0.2852797535147289 0.522132734550631 0.23309107710921495 0.49844481615495795 0.30264680941363764 0.42269481926796715 0.3694166580137406 0.24500701118001444 0.2696222445527283 0.3180416646811821 0.30447501625875617 0.3846572376273798
0.05164045994089861 0.015530702107376726 0.0 0.0 0.0694932017599399 0.2626293174152039 0.09151249628687452 0.12801593297121627 0.0 0.2311484203058427 0.0 0.12301332377472818 0.17933264394785198 0.09568321919820733 0.12171130373589278 0.014220848364836058 0.0 0.0 0.06685712669421662 0.08144644856118788
0.12715797359361858 0.03931402660153083 0.0 0.0 0.1398499107846689 0.33706041358221484 0.12801593297121627 0.23918314291046272 0.0 0.31484507687570584 0.097028698346449 0.19936502148325275 0.1690250755833418 0.10568974648477791 0.27520403551491057 0.07972771430348757 0.0 0.05118481013951737 0.1008654555623778 0.16126164234088236
0.0 0.0 0.0 0.0 0.0 0.2852797535147289 0.0 0.0 0.09532012330318196 0.3293254075060901 0.0 0.0 0.0 0.0 0.0 0.0 0.0 0.0 0.0 0.0
0.2574336589530475 0.20116380959889568 0.2288648722538511 0.10099304132501175 0.26619146544013006 0.522132734550631 0.2311484203058427 0.31484507687570584 0.3293254075060901 0.7973359759119063 0.18124763563945123 0.3146424914397272 0.317503033990441 0.2892122126047667 0.32593087457811976 0.18061289432181127 0.22927610445528046 0.2657786586373021 0.2204714734159694 0.3981643746968686
0.019522903203395003 0.0 0.0 0.0 0.06996339470455837 0.23309107710921495 0.0 0.097028698346449 0.0 0.18124763563945123 0.025951476064442147 0.08917967037207575 0.05457032722396349 0.0 0.17199640510955305 0.0 0.0 0.0 0.0 0.07197581642650874
0.2329078912438689 0.02595024347517949 0.13414261959924545 0.006858565630466273 0.16955212299871647 0.49844481615495795 0.12301332377472818 0.19936502148325275 0.0 0.3146424914397272 0.08917967037207575 0.36233338881747557 0.1298453935384103 0.1024822705416426 0.2703134696457994 0.11281695398425029 0.0 0.07426277509509305 0.1086394136949167 0.2099737582287844
0.12474483209650344 0.18700522617002235 0.0 0.0 0.19274097464658269 0.30264680941363764 0.17933264394785198 0.1690250755833418 0.0 0.317503033990441 0.05457032722396349 0.1298453935384103 0.667072449152549 0.26753256399236847 0.10636563031645352 0.13240783509210274 0.13729498615186486 0.13297153174840304 0.22353828994905456 0.20249711877055887
0.06257885243017824 0.055377775570846666 0.0 0.0 0.14339479064762628 0.42269481926796715 0.09568321919820733 0.10568974648477791 0.0 0.2892122126047667 0.0 0.1024822705416426 0.26753256399236847 0.257924818808803 0.1129201321137856 0.05688731335168029 0.0981254556835438 0.07001680887680095 0.12108952720664945 0.17499504059016147
0.24964095440462586 0.03638810504732248 0.12057668089643414 0.1673495618206431 0.19172986618183785 0.3694166580137406 0.12171130373589278 0.27520403551491057 0.0 0.32593087457811976 0.17199640510955305 0.2703134696457994 0.10636563031645352 0.1129201321137856 0.46408626319977486 0.13117011245208232 0.0 0.09099583825585 0.11907727526705969 0.23791479497721468
0.03837281563845352 0.0 0.0 0.0 0.06638554767190641 0.24500701118001444 0.014220848364836058 0.07972771430348757 0.0 0.18061289432181127 0.0 0.11281695398425029 0.13240783509210274 0.05688731335168029 0.13117011245208232 0.003775344241709888 0.0 0.0 0.030130708261495442 0.08818867546504094
0.0 0.0 0.0 0.0 0.0 0.2696222445527283 0.0 0.0 0.0 0.22927610445528046 0.0 0.0 0.13729498615186486 0.0981254556835438 0.0 0.0 0.02348700672646231 0.0 0.0 0.0
0.012522207655791817 0.0 0.0 0.0 0.0018019614771915826 0.3180416646811821 0.0 0.05118481013951737 0.0 0.2657786586373021 0.0 0.07426277509509305 0.13297153174840304 0.07001680887680095 0.09099583825585 0.0 0.0 0.06473102364274297 0.0 0.0437330377798375
0.039080238299746384 0.03643077763639724 0.0 0.0 0.11260043429189892 0.30447501625875617 0.06685712669421662 0.1008654555623778 0.0 0.2204714734159694 0.0 0.1086394136949167 0.22353828994905456 0.12108952720664945 0.11907727526705969 0.030130708261495442 0.0 0.0 0.11911994785613444 0.12265609043085135
0.15078347151043658 0.019271403340844984 0.10880966168553385 0.0 0.178175385839225 0.3846572376273798 0.08144644856118788 0.16126164234088236 0.0 0.3981643746968686 0.07197581642650874 0.2099737582287844 0.20249711877055887 0.17499504059016147 0.23791479497721468 0.08818867546504094 0.0 0.0437330377798375 0.12265609043085135 0.31014829509596353
