0.0694074278303669 0.12037802898017952 0.05538706613975431 0.007403322815509195 0.010696525033442596 0.025880995415045596 0.12669382920278977 0.019442657435488977 0.07624401351999918 0.06892238254245422 0.07639207997630937 0.18657394643057726 0.004242869834267683 0.003002175045185798 0.04242869834267684 0.022189545487036527 0.022786917052150028 0.018926977708339714 0.03204362344147291 0.01095691776695361
0.008770018898449904 0.0 0.00220952843658323 0.0 0.0 0.0 0.0 0.0 0.0006399768066998462 0.0 0.001650010884550565 0.0 0.0 0.0 0.0 0.0 0.0 0.026379681633777352 0.0 0.0
0.0 0.036691700147720496 0.010520391282537372 0.0 0.029025937944081204 0.0 0.0031135260391963043 0.0 0.007866738922336927 0.0 0.0 0.0 0.0 0.027353782756071587 0.0 0.0 0.010499122681518702 0.0 0.0 0.0
0.00220952843658323 0.010520391282537372 0.12732729522843442 0.053244742189528405 0.060846147079581636 0.0 0.04817351718404694 0.0 0.024340987623264698 0.013743949199528052 0.0725371092334825 0.016232211971629343 0.0 0.0 0.006932207133147017 0.0 0.0 0.08933590623302334 0.04483999792267779 0.005205969027328172
0.0 0.0 0.053244742189528405 0.3724096281379531 0.07964780566333618 0.0 0.002239802261925661 0.009676156330687025 0.017547727091783816 0.0 0.0 0.0 0.09612716317389808 0.0 0.03623256153413479 0.013960973092454754 0.007131574417272191 0.0 0.0029147680776148155 0.10935678286673889
0.0 0.029025937944081204 0.060846147079581636 0.07964780566333618 0.3728932472779377 0.0 0.004349894637165619 0.06233479273297177 0.06368388038417122 0.01985258993973671 0.0375570388886885 0.024593602989685326 0.05385021491109537 0.0 0.08788570651149996 0.03686677840746028 0.11849674923207942 0.02444164849358399 0.1620993957183131 0.08117288837693903
0.0 0.0 0.0 0.0 0.0 0.014465658721735507 0.0 0.0 0.0 0.0 0.0 0.0 0.0 0.0 0.0 0.0 0.0 0.04379025705152201 0.0 0.0
0.0 0.0031135260391963043 0.04817351718404694 0.002239802261925661 0.004349894637165619 0.0 0.04020959785005686 0.0 0.0 0.0 0.0 0.0 0.0 0.0 0.0 0.0 0.0013194178523704692 0.0 0.0 0.0
0.0 0.0 0.0 0.009676156330687025 0.06233479273297177 0.0 0.0 0.01748874189651843 0.0 0.0 0.0 0.0 0.0 0.0 0.0 0.0 0.0 0.0 0.03014948861525113 0.017785001715878934
0.0006399768066998462 0.007866738922336927 0.024340987623264698 0.017547727091783816 0.06368388038417122 0.0 0.0 0.0 0.09297467822179753 0.0 0.015700487226884247 0.0162181993374773 0.0 0.0 0.0 0.0 0.029152875671486805 0.01088718220402285 0.011522377644269 0.05239284119171117
0.0 0.0 0.013743949199528052 0.0 0.01985258993973671 0.0 0.0 0.0 0.0 0.007370157072951144 0.0 0.0 0.0 0.0 0.0 0.0 0.0 0.03611465086789706 0.0 0.0
0.001650010884550565 0.0 0.0725371092334825 0.0 0.0375570388886885 0.0 0.0 0.0 0.015700487226884247 0.0 0.07133586677799002 0.0013678340487686541 0.0 0.0 0.0 0.0 0.0 0.08197885564356255 0.023743816033771736 0.010781027375124097
0.0 0.0 0.016232211971629343 0.0 0.024593602989685326 0.0 0.0 0.0 0.0162181993374773 0.0 0.0013678340487686541 0.0034254528567572605 0.0 0.0 0.0 0.0 0.0 0.0014535288867350005 0.009805192291366893 0.004525556937821307
0.0 0.0 0.0 0.09612716317389808 0.05385021491109537 0.0 0.0 0.0 0.0 0.0 0.0 0.0 0.05008008567988895 0.0 0.0 0.0 0.0 0.0 0.0 0.0
0.0 0.027353782756071587 0.0 0.0 0.0 0.0 0.0 0.0 0.0 0.0 0.0 0.0 0.0 0.31126369523810804 0.0 0.0 0.018550296243682818 0.0 0.0 0.0
0.0 0.0 0.006932207133147017 0.03623256153413479 0.08788570651149996 0.0 0.0 0.0 0.0 0.0 0.0 0.0 0.0 0.0 0.040384449717093665 0.0 0.0 0.0 0.0 0.0
0.0 0.0 0.0 0.013960973092454754 0.03686677840746028 0.0 0.0 0.0 0.0 0.0 0.0 0.0 0.0 0.0 0.0 0.002227804000921196 0.018339963144897803 0.0 0.0 0.0
0.0 0.010499122681518702 0.0 0.007131574417272191 0.11849674923207942 0.0 0.0013194178523704692 0.0 0.029152875671486805 0.0 0.0 0.0 0.0 0.018550296243682818 0.0 0.018339963144897803 0.12333268690396296 0.0 0.0 0.027608981980965536
0.026379681633777352 0.0 0.08933590623302334 0.0 0.02444164849358399 0.04379025705152201 0.0 0.0 0.01088718220402285 0.03611465086789706 0.08197885564356255 0.0014535288867350005 0.0 0.0 0.0 0.0 0.0 0.21973784703024107 0.06494814394829546 0.03388425775761589
0.0 0.0 0.04483999792267779 0.0029147680776148155 0.1620993957183131 0.0 0.0 0.03014948861525113 0.011522377644269 0.0 0.023743816033771736 0.009805192291366893 0.0 0.0 0.0 0.0 0.0 0.06494814394829546 0.14795334218750894 0.029921954792402505
0.0 0.0 0.005205969027328172 0.10935678286673889 0.08117288837693903 0.0 0.0 0.017785001715878934 0.05239284119171117 0.0 0.010781027375124097 0.004525556937821307 0.0 0.0 0.0 0.0 0.027608981980965536 0.03388425775761589 0.029921954792402505 0.15261060633736462
