0.0694074278303669 0.12037802898017952 0.05538706613975431 0.007403322815509195 0.010696525033442596 0.025880995415045596 0.12669382920278977 0.019442657435488977 0.07624401351999918 0.06892238254245422 0.07639207997630937 0.18657394643057726 0.004242869834267683 0.003002175045185798 0.04242869834267684 0.022189545487036527 0.022786917052150028 0.018926977708339714 0.03204362344147291 0.01095691776695361
0.012528598426357007 0.0 0.03137323860662988 0.019390400840297417 0.06476658524250567 0.0 0.0 0.0 0.02244241190389573 0.0 0.018815557815216266 0.0 0.0 0.0 0.0 0.0 0.0 0.07534565290421114 0.0 0.01201800138838749
0.0 0.052416714496743566 0.045667318863142015 0.06035594805439004 0.11679414096386509 0.0 0.019592375610148594 0.0 0.0356523914300908 0.0 0.0 0.0 0.0 0.10191565319589202 0.0 0.0 0.04479006276402231 0.0 0.0 0.004816040001923483
0.03137323860662988 0.045667318863142015 0.1818961360406206 0.16033122576804004 0.16803626333094712 0.0 0.08407427998658079 0.0 0.07154855336260013 0.042607688978396396 0.11510778680628775 0.0442506579898847 0.0 0.016572029222530205 0.04287043819290304 0.0 0.032304568529102795 0.1637070081455967 0.10382870594037996 0.06519266221999942
0.019390400840297417 0.06035594805439004 0.16033122576804004 0.5320137544827901 0.23935556468102703 0.0 0.09065820783078493 0.0932258070523595 0.11727293559744467 0.058647151563857136 0.0741251573938122 0.05072165147642238 0.1866606732777214 0.07337800174295239 0.12468843536021623 0.09424042283649925 0.11336207049768277 0.12037446557777898 0.11442111886164241 0.22186111882573556
0.06476658524250567 0.11679414096386509 0.16803626333094712 0.23935556468102703 0.5327046389684824 0.004550563084450232 0.09287193287887874 0.1459880761274981 0.16351272156268593 0.10133760515778434 0.13274899190067302 0.10523332444711997 0.14448735768777254 0.04944573609243719 0.17644521301043525 0.11724986082435862 0.22483087798534385 0.1514340258453366 0.27370937917519456 0.19378085700878955
0.0 0.0 0.0 0.0 0.004550563084450232 0.02066522674533644 0.0 0.0 0.0 0.0 0.0 0.0 0.0 0.0 0.0 0.0 0.0 0.09397672256980272 0.0 0.0
0.0 0.019592375610148594 0.08407427998658079 0.09065820783078493 0.09287193287887874 0.0 0.05744228264293838 0.0 0.025677486170483377 0.0 0.0 0.0 0.0 0.054919327776666194 0.0 0.0 0.03636419315680328 0.011978709931600662 0.019011760883962836 0.014859114111501981
0.0 0.0 0.0 0.0932258070523595 0.1459880761274981 0.0 0.0 0.024983916995026334 0.0 0.0 0.0 0.0 0.0 0.0 0.0 0.0 0.0 0.03429562405528941 0.06560136377611414 0.05423486205171102
0.02244241190389573 0.0356523914300908 0.07154855336260013 0.11727293559744467 0.16351272156268593 0.0 0.025677486170483377 0.0 0.1328209688882822 0.020254589092878916 0.05090988972683874 0.0368753702828819 0.0 0.06774894669164766 0.0 0.0 0.0755044539127212 0.07789700904374541 0.06314981058912039 0.10501825931153164
0.0 0.0 0.042607688978396396 0.058647151563857136 0.10133760515778434 0.0 0.0 0.0 0.020254589092878916 0.010528795818501635 0.016454942112126503 0.0 0.0 0.0 0.0 0.0 0.0 0.08478065174715255 0.030179600113843463 0.03373261801304395
0.018815557815216266 0.0 0.11510778680628775 0.0741251573938122 0.13274899190067302 0.0 0.0 0.0 0.05090988972683874 0.016454942112126503 0.10190838111141431 0.017388116827643074 0.0 0.0 0.0 0.0 0.0 0.14435179431675493 0.07073436081209294 0.05876955732841438
0.0 0.0 0.0442506579898847 0.05072165147642238 0.10523332444711997 0.0 0.0 0.0 0.0368753702828819 0.0 0.017388116827643074 0.004893504081081801 0.0 0.03126903757010524 0.0 0.0 0.01834556070932436 0.0492742360053775 0.042243505515138224 0.03796185533656171
0.0 0.0 0.0 0.1866606732777214 0.14448735768777254 0.0 0.0 0.0 0.0 0.0 0.0 0.0 0.0715429795426985 0.0 0.0 0.0 0.0 0.0 0.0 0.0
0.0 0.10191565319589202 0.016572029222530205 0.07337800174295239 0.04944573609243719 0.0 0.054919327776666194 0.0 0.06774894669164766 0.0 0.0 0.03126903757010524 0.0 0.44466242176872584 0.019144234559998807 0.02687201298370212 0.11167809241698379 0.0 0.0 0.045321304634178716
0.0 0.0 0.04287043819290304 0.12468843536021623 0.17644521301043525 0.0 0.0 0.0 0.0 0.0 0.0 0.0 0.0 0.019144234559998807 0.05769207102441953 0.0 0.024733040892577662 0.01731058549118103 0.006960312905800237 0.0
0.0 0.0 0.0 0.09424042283649925 0.11724986082435862 0.0 0.0 0.0 0.0 0.0 0.0 0.0 0.0 0.02687201298370212 0.0 0.0031825771441731376 0.04524578262451584 0.0 0.0 0.0
0.0 0.04479006276402231 0.032304568529102795 0.11336207049768277 0.22483087798534385 0.0 0.03636419315680328 0.0 0.0755044539127212 0.0 0.0 0.01834556070932436 0.0 0.11167809241698379 0.024733040892577662 0.04524578262451584 0.17618955271994707 0.0 0.0 0.08673968767553575
0.07534565290421114 0.0 0.1637070081455967 0.12037446557777898 0.1514340258453366 0.09397672256980272 0.011978709931600662 0.03429562405528941 0.07789700904374541 0.08478065174715255 0.14435179431675493 0.0492742360053775 0.0 0.0 0.01731058549118103 0.0 0.0 0.31391121004320155 0.14373911306638476 0.11367321205067427
0.0 0.0 0.10382870594037996 0.11442111886164241 0.27370937917519456 0.0 0.019011760883962836 0.06560136377611414 0.06314981058912039 0.030179600113843463 0.07073436081209294 0.042243505515138224 0.0 0.0 0.006960312905800237 0.0 0.0 0.14373911306638476 0.21136191741072707 0.09432851519058971
0.01201800138838749 0.004816040001923483 0.06519266221999942 0.22186111882573556 0.19378085700878955 0.0 0.014859114111501981 0.05423486205171102 0.10501825931153164 0.03373261801304395 0.05876955732841438 0.03796185533656171 0.0 0.045321304634178716 0.0 0.0 0.08673968767553575 0.11367321205067427 0.09432851519058971 0.2180151519105209
