0.04460345855694693 0.044841979725700656 0.045199761478831244 0.04555754323196184 0.0456768038163387 0.046630888491353606 0.04746571258199165 0.04806201550387597 0.048539057841383425 0.049016100178890874 0.04985092426952892 0.05008944543828265 0.05008944543828265 0.05199761478831246 0.05271317829457364 0.05450208706022659 0.05462134764460346 0.055456171735241505 0.05641025641025641 0.05867620751341682
0.0 5.68003343924283 1.8047504207435234 0 8.638965281994647 5.715602628495073 2.11897600460095 0 0 1.1672336313360514 8.054714250458126 0 1.9482282709636216 2.9652270881195135 7.821465095417949 0.6669448726879539 6.594693354437565 1.6239866725048269 0 0
5.68003343924283 11.259658014231295 17.324593067579215 15.16773155372335 22.083708343730557 20.164513264514465 3.8950457572026806 1.1730861832105948 19.264875886692092 29.339106509133813 5.065592958229505 2.514965578233972 10.530950586261184 9.740460501553954 12.224632962977587 8.231872806090632 12.556228463560497 8.244001186961501 1.9825956322010683 10.103676372330487
1.8047504207435234 17.324593067579215 3.2775383492101726 0 24.32773428199542 9.434424585852868 0 1.8890619414338392 0 17.7624185630615 8.463233347977196 2.950124693565416 24.50187733188262 1.0645075813915676 15.973332545759835 3.2737833078605485 7.329306911097767 3.182870075544839 0 1.2706571871285863
0 15.16773155372335 0 1.6438339743576167 9.428316550260764 8.10155063487296 7.835735690038744 5.12512202661792 0 17.67479785395939 15.686285351643164 0 8.27728890590775 1.0502297042406736 3.716418274594215 4.411740310225925 8.075337493336708 0.017121631229983336 5.723491280290183 3.7590559688871963
8.638965281994647 22.083708343730557 24.32773428199542 9.428316550260764 20.13020362984022 27.522786851114567 15.011012362623731 8.97501855722517 15.171180637188414 8.11551184378748 9.008452418928286 10.719236211900196 36.43493295211182 4.898493993578365 11.609769501009154 9.514977130385486 11.27872914140746 8.824868847306014 16.113400817927655 11.665121219412256
5.715602628495073 20.164513264514465 9.434424585852868 8.10155063487296 27.522786851114567 15.919604289688372 14.707914234126125 7.4755041091131815 0 13.878619359917828 9.760555198651808 5.507108096647389 35.24935032913036 5.735575756942607 17.876157441036963 1.882623118720952 1.1616303600760034 2.4523412747922357 9.22030657523115 2.8148779336078222
2.11897600460095 3.8950457572026806 0 7.835735690038744 15.011012362623731 14.707914234126125 5.109781482236231 4.995484360263735 0 2.4610077043422223 8.034679923211248 5.447575372364078 23.332331234554474 11.128523439996236 13.855255320575306 14.254751343055641 6.176808139499498 6.365525418950446 1.5750884891901675 4.098771317106158
0 1.1730861832105948 1.8890619414338392 5.12512202661792 8.97501855722517 7.4755041091131815 4.995484360263735 8.730005510927107 0 1.3127686072924263 6.48733704387741 0 36.576577279554726 10.487404036174848 18.17986962664571 10.029728358002501 15.918573368427644 7.164679129635383 10.870305407712749 0.48169747554568065
0 19.264875886692092 0 0 15.171180637188414 0 0 0 0.0 17.308798249296675 0 0 23.438481179850335 0 5.088304594718728 0 0 0 0 0
1.1672336313360514 29.339106509133813 17.7624185630615 17.67479785395939 8.11551184378748 13.878619359917828 2.4610077043422223 1.3127686072924263 17.308798249296675 44.610146384531035 32.67768097893799 6.958965414278666 24.239768359000685 23.46970347665581 33.233663927911245 4.495757384568318 25.11906544738659 9.945353154038418 8.263396879523137 15.811055960770847
8.054714250458126 5.065592958229505 8.463233347977196 15.686285351643164 9.008452418928286 9.760555198651808 8.034679923211248 6.48733704387741 0 32.67768097893799 24.902128248067015 1.2904467247717841 27.924694038076034 16.671986786036918 3.4799520368377834 10.668865687230422 8.045722236330578 11.795432095956947 15.992879749041272 6.857913712833188
0 2.514965578233972 2.950124693565416 0 10.719236211900196 5.507108096647389 5.447575372364078 0 0 6.958965414278666 1.2904467247717841 0.0 20.38485700920094 0.426908131420924 4.110918486579795 0.48733452978797764 2.8702846677893037 0 0 0
1.9482282709636216 10.530950586261184 24.50187733188262 8.27728890590775 36.43493295211182 35.24935032913036 23.332331234554474 36.576577279554726 23.438481179850335 24.239768359000685 27.924694038076034 20.38485700920094 30.985892952539466 23.422198163101235 25.050322665774956 8.443135909068275 26.967055306147955 3.3649434411216426 30.81464632311163 15.110904623048263
2.9652270881195135 9.740460501553954 1.0645075813915676 1.0502297042406736 4.898493993578365 5.735575756942607 11.128523439996236 10.487404036174848 0 23.46970347665581 16.671986786036918 0.426908131420924 23.422198163101235 3.7211762233420433 3.7839303251207745 5.915557326526791 5.623849527099706 0.06320860073746815 6.155200134513063 1.3123420929057006
7.821465095417949 12.224632962977587 15.973332545759835 3.716418274594215 11.609769501009154 17.876157441036963 13.855255320575306 18.17986962664571 5.088304594718728 33.233663927911245 3.4799520368377834 4.110918486579795 25.050322665774956 3.7839303251207745 18.46388400868864 13.576732576249658 18.804260205942402 17.439321300165062 0.8355170845436177 14.78552997092471
0.6669448726879539 8.231872806090632 3.2737833078605485 4.411740310225925 9.514977130385486 1.882623118720952 14.254751343055641 10.029728358002501 0 4.495757384568318 10.668865687230422 0.48733452978797764 8.443135909068275 5.915557326526791 13.576732576249658 10.887766928281533 1.5717799464774984 9.980910578683565 5.423050416443413 1.1543776523667875
6.594693354437565 12.556228463560497 7.329306911097767 8.075337493336708 11.27872914140746 1.1616303600760034 6.176808139499498 15.918573368427644 0 25.11906544738659 8.045722236330578 2.8702846677893037 26.967055306147955 5.623849527099706 18.804260205942402 1.5717799464774984 9.137637349742112 1.7153532397120665 2.9522908621004564 7.623199925124215
1.6239866725048269 8.244001186961501 3.182870075544839 0.017121631229983336 8.824868847306014 2.4523412747922357 6.365525418950446 7.164679129635383 0 9.945353154038418 11.795432095956947 0 3.3649434411216426 0.06320860073746815 17.439321300165062 9.980910578683565 1.7153532397120665 3.4050666663002414 5.351295077460751 1.9365498173221245
0 1.9825956322010683 0 5.723491280290183 16.113400817927655 9.22030657523115 1.5750884891901675 10.870305407712749 0 8.263396879523137 15.992879749041272 0 30.81464632311163 6.155200134513063 0.8355170845436177 5.423050416443413 2.9522908621004564 5.351295077460751 2.85069035163829 2.951411206876939
0 10.103676372330487 1.2706571871285863 3.7590559688871963 11.665121219412256 2.8148779336078222 4.098771317106158 0.48169747554568065 0 15.811055960770847 6.857913712833188 0 15.110904623048263 1.3123420929057006 14.78552997092471 1.1543776523667875 7.623199925124215 1.9365498173221245 2.951411206876939 0.0
