0.06023725157910954 0.061315667847789246 0.06208596518256047 0.06270220305037745 0.06331844091819443 0.06439685718687413 0.06470497612078262 0.06470497612078262 0.06716992759205054 0.068094284393776 0.07040517639808966 0.07055923586504391 0.07163765213372361 0.07287012786935758 0.07579725774148821
0.28571428571428575 0.0 0.20634920634920637 0.0 0.3333333333333333 0.3174603174603175 0.0 0.4444444444444445 0.17460317460317457 0.0 0.0 0.20634920634920637 0.09523809523809519 0.17460317460317457 0.06349206349206349
0.0 0.28571428571428575 0.0 0.0 0.25396825396825395 0.0 0.0 0.0 0.09523809523809519 0.41269841269841273 0.12698412698412698 0.12698412698412698 0.0 0.0 0.06349206349206349
0.20634920634920637 0.0 0.28571428571428575 0.0 0.25396825396825395 0.23809523809523814 0.0 0.3650793650793651 0.09523809523809519 0.0 0.0 0.12698412698412698 0.0 0.17460317460317457 0.06349206349206349
0.0 0.0 0.0 0.0 0.19047619047619038 0.0 0.0 0.22222222222222218 0.0 0.19047619047619038 0.0 0.0 0.0 0.0 0.0
0.3333333333333333 0.25396825396825395 0.25396825396825395 0.19047619047619038 0.8571428571428571 0.4444444444444445 0.19047619047619038 0.888888888888889 0.30158730158730157 0.38095238095238076 0.25396825396825395 0.41269841269841273 0.22222222222222218 0.22222222222222218 0.19047619047619038
0.3174603174603175 0.0 0.23809523809523814 0.0 0.4444444444444445 0.42857142857142855 0.09523809523809519 0.5555555555555557 0.20634920634920637 0.0 0.15873015873015875 0.3174603174603175 0.0 0.20634920634920637 0.09523809523809519
0.0 0.0 0.0 0.0 0.19047619047619038 0.09523809523809519 0.0 0.22222222222222218 0.0 0.19047619047619038 0.06349206349206349 0.06349206349206349 0.0 0.0 0.0
0.4444444444444445 0.0 0.3650793650793651 0.22222222222222218 0.888888888888889 0.5555555555555557 0.22222222222222218 1.0 0.3333333333333333 0.41269841269841273 0.0 0.4444444444444445 0.0 0.3333333333333333 0.22222222222222218
0.17460317460317457 0.09523809523809519 0.09523809523809519 0.0 0.30158730158730157 0.20634920634920637 0.0 0.3333333333333333 0.14285714285714288 0.22222222222222218 0.09523809523809519 0.17460317460317457 0.06349206349206349 0.06349206349206349 0.031746031746031744
0.0 0.41269841269841273 0.0 0.19047619047619038 0.38095238095238076 0.0 0.19047619047619038 0.41269841269841273 0.22222222222222218 0.8571428571428571 0.41269841269841273 0.25396825396825395 0.30158730158730157 0.0 0.19047619047619038
0.0 0.12698412698412698 0.0 0.0 0.25396825396825395 0.15873015873015875 0.06349206349206349 0.0 0.09523809523809519 0.41269841269841273 0.28571428571428575 0.12698412698412698 0.17460317460317457 0.0 0.06349206349206349
0.20634920634920637 0.12698412698412698 0.12698412698412698 0.0 0.41269841269841273 0.3174603174603175 0.06349206349206349 0.4444444444444445 0.17460317460317457 0.25396825396825395 0.12698412698412698 0.28571428571428575 0.09523809523809519 0.09523809523809519 0.06349206349206349
0.09523809523809519 0.0 0.0 0.0 0.22222222222222218 0.0 0.0 0.0 0.06349206349206349 0.30158730158730157 0.17460317460317457 0.09523809523809519 0.14285714285714288 0.0 0.031746031746031744
0.17460317460317457 0.0 0.17460317460317457 0.0 0.22222222222222218 0.20634920634920637 0.0 0.3333333333333333 0.06349206349206349 0.0 0.0 0.09523809523809519 0.0 0.14285714285714288 0.031746031746031744
0.06349206349206349 0.06349206349206349 0.06349206349206349 0.0 0.19047619047619038 0.09523809523809519 0.0 0.22222222222222218 0.031746031746031744 0.19047619047619038 0.06349206349206349 0.06349206349206349 0.031746031746031744 0.031746031746031744 0.0
