0.04460345855694693 0.044841979725700656 0.045199761478831244 0.04555754323196184 0.0456768038163387 0.046630888491353606 0.04746571258199165 0.04806201550387597 0.048539057841383425 0.049016100178890874 0.04985092426952892 0.05008944543828265 0.05008944543828265 0.05199761478831246 0.05271317829457364 0.05450208706022659 0.05462134764460346 0.055456171735241505 0.05641025641025641 0.05867620751341682
0.0 0.15873015873015875 0.031746031746031744 0.0 0.15873015873015875 0.06349206349206349 0.0 0.0 0.0 0.19047619047619038 0.09523809523809519 0.0 0.22222222222222218 0.031746031746031744 0.19047619047619038 0.06349206349206349 0.06349206349206349 0.031746031746031744 0.0 0.0
0.15873015873015875 0.7142857142857144 0.19047619047619038 0.0 0.3174603174603175 0.0 0.22222222222222218 0.0 0.15873015873015875 0.34920634920634913 0.0 0.15873015873015875 0.38095238095238076 0.0 0.746031746031746 0.30158730158730157 0.0 0.19047619047619038 0.0 0.0
0.031746031746031744 0.19047619047619038 0.14285714285714288 0.0 0.26984126984126977 0.09523809523809519 0.0 0.0 0.0 0.30158730158730157 0.20634920634920637 0.031746031746031744 0.3333333333333333 0.06349206349206349 0.0 0.09523809523809519 0.17460317460317457 0.0 0.0 0.0
0.0 0.0 0.0 0.14285714285714288 0.0 0.09523809523809519 0.09523809523809519 0.09523809523809519 0.0 0.0 0.12698412698412698 0.0 0.25396825396825395 0.0 0.22222222222222218 0.09523809523809519 0.0 0.06349206349206349 0.06349206349206349 0.031746031746031744
0.15873015873015875 0.3174603174603175 0.26984126984126977 0.0 0.7142857142857144 0.22222222222222218 0.0 0.0 0.15873015873015875 0.746031746031746 0.3333333333333333 0.15873015873015875 0.7777777777777777 0.19047619047619038 0.34920634920634913 0.0 0.30158730158730157 0.0 0.0 0.0
0.06349206349206349 0.0 0.09523809523809519 0.09523809523809519 0.22222222222222218 0.28571428571428575 0.0 0.20634920634920637 0.0 0.3333333333333333 0.3174603174603175 0.0 0.4444444444444445 0.17460317460317457 0.0 0.0 0.20634920634920637 0.09523809523809519 0.17460317460317457 0.06349206349206349
0.0 0.22222222222222218 0.0 0.09523809523809519 0.0 0.0 0.28571428571428575 0.0 0.0 0.25396825396825395 0.0 0.0 0.0 0.09523809523809519 0.41269841269841273 0.12698412698412698 0.12698412698412698 0.0 0.0 0.06349206349206349
0.0 0.0 0.0 0.09523809523809519 0.0 0.20634920634920637 0.0 0.28571428571428575 0.0 0.25396825396825395 0.23809523809523814 0.0 0.3650793650793651 0.09523809523809519 0.0 0.0 0.12698412698412698 0.0 0.17460317460317457 0.06349206349206349
0.0 0.15873015873015875 0.0 0.0 0.15873015873015875 0.0 0.0 0.0 0.0 0.19047619047619038 0.0 0.0 0.22222222222222218 0.0 0.19047619047619038 0.0 0.0 0.0 0.0 0.0
0.19047619047619038 0.34920634920634913 0.30158730158730157 0.0 0.746031746031746 0.3333333333333333 0.25396825396825395 0.25396825396825395 0.19047619047619038 0.8571428571428571 0.4444444444444445 0.19047619047619038 0.888888888888889 0.30158730158730157 0.38095238095238076 0.25396825396825395 0.41269841269841273 0.22222222222222218 0.22222222222222218 0.19047619047619038
0.09523809523809519 0.0 0.20634920634920637 0.12698412698412698 0.3333333333333333 0.3174603174603175 0.0 0.23809523809523814 0.0 0.4444444444444445 0.42857142857142855 0.09523809523809519 0.5555555555555557 0.20634920634920637 0.0 0.15873015873015875 0.3174603174603175 0.0 0.20634920634920637 0.09523809523809519
0.0 0.15873015873015875 0.031746031746031744 0.0 0.15873015873015875 0.0 0.0 0.0 0.0 0.19047619047619038 0.09523809523809519 0.0 0.22222222222222218 0.0 0.19047619047619038 0.06349206349206349 0.06349206349206349 0.0 0.0 0.0
0.22222222222222218 0.38095238095238076 0.3333333333333333 0.25396825396825395 0.7777777777777777 0.4444444444444445 0.0 0.3650793650793651 0.22222222222222218 0.888888888888889 0.5555555555555557 0.22222222222222218 1.0 0.3333333333333333 0.41269841269841273 0.0 0.4444444444444445 0.0 0.3333333333333333 0.22222222222222218
0.031746031746031744 0.0 0.06349206349206349 0.0 0.19047619047619038 0.17460317460317457 0.09523809523809519 0.09523809523809519 0.0 0.30158730158730157 0.20634920634920637 0.0 0.3333333333333333 0.14285714285714288 0.22222222222222218 0.09523809523809519 0.17460317460317457 0.06349206349206349 0.06349206349206349 0.031746031746031744
0.19047619047619038 0.746031746031746 0.0 0.22222222222222218 0.34920634920634913 0.0 0.41269841269841273 0.0 0.19047619047619038 0.38095238095238076 0.0 0.19047619047619038 0.41269841269841273 0.22222222222222218 0.8571428571428571 0.41269841269841273 0.25396825396825395 0.30158730158730157 0.0 0.19047619047619038
0.06349206349206349 0.30158730158730157 0.09523809523809519 0.09523809523809519 0.0 0.0 0.12698412698412698 0.0 0.0 0.25396825396825395 0.15873015873015875 0.06349206349206349 0.0 0.09523809523809519 0.41269841269841273 0.28571428571428575 0.12698412698412698 0.17460317460317457 0.0 0.06349206349206349
0.06349206349206349 0.0 0.17460317460317457 0.0 0.30158730158730157 0.20634920634920637 0.12698412698412698 0.12698412698412698 0.0 0.41269841269841273 0.3174603174603175 0.06349206349206349 0.4444444444444445 0.17460317460317457 0.25396825396825395 0.12698412698412698 0.28571428571428575 0.09523809523809519 0.09523809523809519 0.06349206349206349
0.031746031746031744 0.19047619047619038 0.0 0.06349206349206349 0.0 0.09523809523809519 0.0 0.0 0.0 0.22222222222222218 0.0 0.0 0.0 0.06349206349206349 0.30158730158730157 0.17460317460317457 0.09523809523809519 0.14285714285714288 0.0 0.031746031746031744
0.0 0.0 0.0 0.06349206349206349 0.0 0.17460317460317457 0.0 0.17460317460317457 0.0 0.22222222222222218 0.20634920634920637 0.0 0.3333333333333333 0.06349206349206349 0.0 0.0 0.09523809523809519 0.0 0.14285714285714288 0.031746031746031744
0.0 0.0 0.0 0.031746031746031744 0.0 0.06349206349206349 0.06349206349206349 0.06349206349206349 0.0 0.19047619047619038 0.09523809523809519 0.0 0.22222222222222218 0.031746031746031744 0.19047619047619038 0.06349206349206349 0.06349206349206349 0.031746031746031744 0.031746031746031744 0.0
