0.053620480143777634 0.05565256461313809 0.019294590979178794 0.07967507071449724 0.018053896190096907 0.02279712853189556 0.007331842457290486 0.024139938118432742 0.04190791287565481 0.057761235180590016 0.007393111335763665 0.002940906166712618 0.04302096416791757 0.002624350294601191 0.004426676469687222 0.025615496941661816 0.049949453175259624 0.10873183633040263 0.014536041417761847 0.006729365152304221 0.10640872468829458 0.06039069121506398 0.06158032860541821 0.009711117237998959 0.03788969559578879 0.01724208355032728 0.013821237835574754 0.01839598076157216 0.020264681555004136 0.008092597698332465
0.014243951964988354 0.0 0.0 0.0 0.031162776558305433 0.0 0.0 0.0 0.02157050963424184 0.0 0.0 0.0 0.0 0.0 0.0 0.0 0.0335979295714509 0.0 0.0 0.0 0.0 0.0 0.0 0.0 0.0 0.0 0.0 0.0 0.0 0.047573830879557744
0.0 0.01096105601174031 0.0 0.0 0.0 0.0 0.0 0.0 0.0 0.0 0.0 0.0 0.02915459981068054 0.0 0.0 0.0 0.0 0.0 0.0 0.0 0.0 0.0 0.0 0.0 0.0 0.0 0.0 0.0 0.0 0.0
0.0 0.0 0.011571318157734822 0.0 0.0 0.0 0.09358634685381662 0.0 0.0 0.0 0.0 0.0 0.0 0.0 0.0 0.0 0.0 0.0 0.0 0.05073670322632112 0.0 0.0 0.0 0.0338245683500574 0.0 0.0 0.0 0.0 0.03994690461205294 0.0
0.0 0.0 0.0 0.04062721373128397 0.05752832509704575 0.0 0.07834810973246109 0.02980329858821236 0.06081184977559248 0.0 0.0 0.0 0.027052905175549577 0.0 0.0 0.0 0.022989257214909742 0.010757157992558324 0.0 0.0 0.0 0.028129165915972726 0.02678377738618068 0.0 0.0 0.0 0.0 0.0 0.045907718594461494 0.0
0.031162776558305433 0.0 0.0 0.05752832509704575 0.19943736289593517 0.0 0.0 0.076332912890755 0.12195822336488077 0.035146625588984653 0.0 0.0 0.0 0.0 0.0 0.0 0.0460813049243427 0.04008588733026458 0.05139292521848518 0.0 0.0 0.03545972344458406 0.09954388501548764 0.054682190962173416 0.04860109280369543 0.0 0.0 0.0 0.0 0.18879378466502245
0.0 0.0 0.0 0.0 0.0 0.010481156371793077 0.09779311148801284 0.0 0.0 0.0 0.07527279726413738 0.0 0.0 0.0 0.0 0.027226256502069654 0.0 0.0 0.0 0.0 0.0 0.0 0.0 0.0 0.0 0.0 0.0 0.0 0.0 0.0
0.0 0.0 0.09358634685381662 0.07834810973246109 0.0 0.09779311148801284 0.47614491699163186 0.16378825247822776 0.10760492438074187 0.0 0.16792404207859168 0.0 0.11440344995275281 0.0 0.0 0.16179123912571286 0.11254282525235626 0.07794724354057297 0.0 0.3121827395116824 0.06485604010153523 0.0 0.08579063374267903 0.13280048820087065 0.0 0.0873329770063414 0.2014801301970366 0.07299300955225763 0.218342283329384 0.0983796709030792
0.0 0.0 0.0 0.02980329858821236 0.076332912890755 0.0 0.16378825247822776 0.10937646318459429 0.05319313508710835 0.0 0.0 0.0 0.0 0.0 0.0 0.0 0.0 0.0 0.0 0.10781608847003454 0.0 0.0 0.02763378285721671 0.045336991489553224 0.0 0.0 0.0 0.0 0.11765130165080678 0.09943038833251311
0.02157050963424184 0.0 0.0 0.06081184977559248 0.12195822336488077 0.0 0.10760492438074187 0.05319313508710835 0.14827860596759593 0.024437420407680585 0.08978965603953953 0.0 0.0 0.0 0.0 0.04963521107058924 0.046510626974007624 0.0 0.0 0.0 0.023781663760414767 0.07135065988444964 0.08931419980333075 0.0 0.0 0.0 0.0 0.05149879651187492 0.07339293338833458 0.1113146451339681
0.0 0.0 0.0 0.0 0.035146625588984653 0.0 0.0 0.0 0.024437420407680585 0.005138011323435877 0.0 0.0 0.0 0.0 0.0 0.0 0.02387197594334936 0.0 0.0 0.0 0.0 0.0 0.0 0.02374407345419982 0.0 0.0 0.0 0.0 0.0 0.0539721785317987
0.0 0.0 0.0 0.0 0.0 0.07527279726413738 0.16792404207859168 0.0 0.08978965603953953 0.0 0.4259109502762499 0.0 0.0 0.0 0.12443501528752565 0.0735259854238926 0.0 0.0 0.0 0.11428481579272753 0.0 0.0 0.0 0.14948240534420099 0.0 0.0 0.0 0.12478302394230101 0.0 0.0
0.0 0.0 0.0 0.0 0.0 0.0 0.0 0.0 0.0 0.0 0.0 0.3543207472222093 0.07481276415378774 0.0 0.0 0.0 0.0 0.0 0.0 0.0 0.0 0.0 0.0 0.0 0.0 0.0 0.0 0.0 0.0 0.0
0.0 0.02915459981068054 0.0 0.027052905175549577 0.0 0.0 0.11440344995275281 0.0 0.0 0.0 0.0 0.07481276415378774 0.1079932896060882 0.0 0.0 0.053855834301406 0.06731415739881683 0.03928805745443356 0.0 0.0 0.027715523681230536 0.023065534676874222 0.0 0.0553067290585105 0.0 0.0 0.07071056687778496 0.0 0.0 0.0
0.0 0.0 0.0 0.0 0.0 0.0 0.0 0.0 0.0 0.0 0.0 0.0 0.0 0.03145134007783099 0.0 0.0 0.0 0.0 0.0 0.0 0.0 0.0 0.0 0.0 0.0 0.0 0.0 0.0 0.0 0.08177427229903955
0.0 0.0 0.0 0.0 0.0 0.0 0.0 0.0 0.0 0.0 0.12443501528752565 0.0 0.0 0.0 0.05486364567474311 0.0 0.0 0.0 0.0 0.0 0.0 0.0 0.0 0.0 0.0 0.0 0.0 0.0 0.0 0.0
0.0 0.0 0.0 0.0 0.0 0.027226256502069654 0.16179123912571286 0.0 0.04963521107058924 0.0 0.0735259854238926 0.0 0.053855834301406 0.0 0.0 0.12283773779902277 0.030720668435754578 0.0 0.0 0.05578350936201204 0.02178211882578439 0.026412463892400234 0.0 0.0 0.0 0.0 0.05785570065315754 0.03523512589622799 0.0 0.0
0.0335979295714509 0.0 0.0 0.022989257214909742 0.0460813049243427 0.0 0.11254282525235626 0.0 0.046510626974007624 0.02387197594334936 0.0 0.0 0.06731415739881683 0.0 0.0 0.030720668435754578 0.11746516586612188 0.043751877866122155 0.0 0.056570661244163045 0.0 0.0 0.031788495286145496 0.07557813335308128 0.0 0.0 0.0648639116252184 0.0 0.0 0.0
0.0 0.0 0.0 0.010757157992558324 0.04008588733026458 0.0 0.07794724354057297 0.0 0.0 0.0 0.0 0.0 0.03928805745443356 0.0 0.0 0.0 0.043751877866122155 0.026741119096891454 0.0 0.0 0.0 0.0 0.0 0.03333875685843993 0.0 0.0 0.0 0.0 0.029117566371218123 0.0
0.0 0.0 0.0 0.0 0.05139292521848518 0.0 0.0 0.0 0.0 0.0 0.0 0.0 0.0 0.0 0.0 0.0 0.0 0.0 0.01933034400282168 0.0 0.0 0.0 0.0 0.0 0.0 0.0 0.0 0.0 0.0 0.0719259629880945
0.0 0.0 0.05073670322632112 0.0 0.0 0.0 0.3121827395116824 0.10781608847003454 0.0 0.0 0.11428481579272753 0.0 0.0 0.0 0.0 0.05578350936201204 0.056570661244163045 0.0 0.0 0.27434531393938644 0.0 0.0 0.0 0.07791302583500442 0.0 0.0 0.0 0.0 0.1573579012659913 0.0
0.0 0.0 0.0 0.0 0.0 0.0 0.06485604010153523 0.0 0.023781663760414767 0.0 0.0 0.0 0.027715523681230536 0.0 0.0 0.02178211882578439 0.0 0.0 0.0 0.0 0.009189885390878772 0.0 0.0 0.0 0.0 0.0 0.029449651359069406 0.0 0.0 0.0
0.0 0.0 0.0 0.028129165915972726 0.03545972344458406 0.0 0.0 0.0 0.07135065988444964 0.0 0.0 0.0 0.023065534676874222 0.0 0.0 0.026412463892400234 0.0 0.0 0.0 0.0 0.0 0.06624559283905 0.0 0.0 0.0 0.0 0.030417750101410235 0.03190784817985773 0.0 0.0
0.0 0.0 0.0 0.02678377738618068 0.09954388501548764 0.0 0.08579063374267903 0.02763378285721671 0.08931419980333075 0.0 0.0 0.0 0.0 0.0 0.0 0.0 0.031788495286145496 0.0 0.0 0.0 0.0 0.0 0.0764915439661536 0.0 0.0 0.0 0.0 0.0 0.05509419071593413 0.09659251344610598
0.0 0.0 0.0338245683500574 0.0 0.054682190962173416 0.0 0.13280048820087065 0.045336991489553224 0.0 0.02374407345419982 0.14948240534420099 0.0 0.0553067290585105 0.0 0.0 0.0 0.07557813335308128 0.03333875685843993 0.0 0.07791302583500442 0.0 0.0 0.0 0.18265937917981317 0.0 0.0 0.05797802730300744 0.0 0.05617269009170939 0.0
0.0 0.0 0.0 0.0 0.04860109280369543 0.0 0.0 0.0 0.0 0.0 0.0 0.0 0.0 0.0 0.0 0.0 0.0 0.0 0.0 0.0 0.0 0.0 0.0 0.0 0.013792722782409329 0.0 0.0 0.0 0.0 0.06742664574650947
0.0 0.0 0.0 0.0 0.0 0.0 0.0873329770063414 0.0 0.0 0.0 0.0 0.0 0.0 0.0 0.0 0.0 0.0 0.0 0.0 0.0 0.0 0.0 0.0 0.0 0.0 0.017691478981623734 0.03689666443397571 0.0 0.0 0.0
0.0 0.0 0.0 0.0 0.0 0.0 0.2014801301970366 0.0 0.0 0.0 0.0 0.0 0.07071056687778496 0.0 0.0 0.05785570065315754 0.0648639116252184 0.0 0.0 0.0 0.029449651359069406 0.030417750101410235 0.0 0.05797802730300744 0.0 0.03689666443397571 0.17452224189138404 0.045873115142293835 0.0 0.0
0.0 0.0 0.0 0.0 0.0 0.0 0.07299300955225763 0.0 0.05149879651187492 0.0 0.12478302394230101 0.0 0.0 0.0 0.0 0.03523512589622799 0.0 0.0 0.0 0.0 0.0 0.03190784817985773 0.0 0.0 0.0 0.0 0.045873115142293835 0.09405503680267202 0.0 0.0
0.0 0.0 0.03994690461205294 0.045907718594461494 0.0 0.0 0.218342283329384 0.11765130165080678 0.07339293338833458 0.0 0.0 0.0 0.0 0.0 0.0 0.0 0.0 0.029117566371218123 0.0 0.1573579012659913 0.0 0.0 0.05509419071593413 0.05617269009170939 0.0 0.0 0.0 0.0 0.18764584030263903 0.14376630542315355
0.047573830879557744 0.0 0.0 0.0 0.18879378466502245 0.0 0.0983796709030792 0.09943038833251311 0.1113146451339681 0.0539721785317987 0.0 0.0 0.0 0.08177427229903955 0.0 0.0 0.0 0.0 0.0719259629880945 0.0 0.0 0.0 0.09659251344610598 0.0 0.06742664574650947 0.0 0.0 0.0 0.14376630542315355 0.2998403119242767
