0.051225888143450866 0.01945797465510727 0.01791093547365949 0.009108639933012693 0.07277211040651901 0.003410634235006995 0.030517007219516182 0.11240796903879341 0.017298246688927692 0.04482839608287637 0.09417537195314973 0.023277068079935462 0.06388812302790797 0.039452051996854864 0.003257462038824046 0.02277159983253173 0.0029358004268398535 0.02335365417802694 0.03556658395368073 0.019401811516506856 0.006300483002991963 0.0075309663123283195 0.0088890931184838 0.009440513024742416 0.09644742619653014 0.05295673396031819 0.06798292640586548 0.025635919901152875 0.004283715753249803 0.013514893443208855
0.006297707517455819 0.0 0.0 0.041276857437100745 0.0 0.0 0.0 0.0 0.0 0.019443960613689623 0.0 0.002262777686023315 0.0 0.015846780284886827 0.0 0.0 0.0 0.0 0.0 0.041454631043942675 0.0 0.0 0.05977492782730706 0.00873708218102251 0.0 0.0 0.003362891268866977 0.0 0.07026086996469733 0.0
0.0 0.09399728029388826 0.0 0.06973660229411183 0.0 0.051767180870567864 0.0 0.0 0.0 0.04975517940184063 0.026186135159901633 0.0 0.0 0.026421087650319225 0.0 0.0 0.0 0.0 0.022121555278568655 0.0 0.0 0.0 0.0 0.0 0.009575327249090299 0.0 0.0 0.03622451423320286 0.07724714790855103 0.048633706007656485
0.0 0.0 0.014816616647669891 0.0821490194352123 0.0 0.0 0.0 0.0 0.0 0.0 0.0 0.0422856630697602 0.0 0.0 0.0 0.0 0.0 0.024157742289508385 0.0 0.0 0.0 0.0 0.04497106786954319 0.03401362358284743 0.0 0.0 0.0 0.0 0.08087964285073285 0.0
0.041276857437100745 0.06973660229411183 0.0821490194352123 0.4507092475336435 0.03575291188953572 0.13758152430017245 0.0 0.052353012397558296 0.07956841418174893 0.09878020665760728 0.06241075407986901 0.22530680394598834 0.08442498396403408 0.11107331901163064 0.08932622285079506 0.09278134189460946 0.0 0.1587157325754497 0.10678194325435725 0.07637655412269317 0.0 0.11926461821764534 0.08741249751203028 0.12792969289388978 0.07156275637881321 0.0200379710677403 0.07897491091096287 0.15358881076016145 0.15791474467890587 0.16666157526738423
0.0 0.0 0.0 0.03575291188953572 0.001828575239176189 0.0 0.0 0.0 0.0 0.0089883362888422 0.0 0.0 0.0 0.0 0.0 0.0 0.033411507969073995 0.0 0.022445564443196994 0.0 0.0 0.0 0.0 0.0 0.0 0.0 0.0 0.004919191212989213 0.0 0.00828727338531296
0.0 0.051767180870567864 0.0 0.13758152430017245 0.0 0.3653617652694606 0.0 0.0 0.05201823523143506 0.0 0.0 0.0 0.0 0.0 0.10461787871669659 0.022079044747324195 0.0 0.0 0.0 0.0 0.0 0.0 0.0 0.05721274271482102 0.0 0.0 0.0 0.0 0.32248239713035154 0.03324017615570868
0.0 0.0 0.0 0.0 0.0 0.0 0.017184737658874384 0.0 0.0 0.0 0.0 0.0 0.0 0.0 0.0 0.0 0.0 0.0 0.0 0.05030034303384526 0.0 0.0 0.06862063981720967 0.0 0.0 0.0 0.0 0.0 0.01962855478051967 0.0
0.0 0.0 0.0 0.052353012397558296 0.0 0.0 0.0 0.0011720095747705273 0.0 0.026775435766835193 0.0001602135319963352 0.020456361289650726 0.0 0.0251657107437417 0.0 0.0 0.0 0.010707662447192942 0.021078730375423765 0.03242164004111103 0.0 0.0 0.0 0.010997176744186293 0.0 0.0 0.0032319264226544006 0.0 0.003370524115617002 0.005484937291910796
0.0 0.0 0.0 0.07956841418174893 0.0 0.05201823523143506 0.0 0.0 0.01746777945689928 0.0 0.0 0.0 0.0 0.0 0.0 0.0 0.0 0.0 0.0 0.0 0.0 0.0 0.0 0.0 0.0 0.0 0.0 0.0 0.010615505824994653 0.03767839632135478
0.019443960613689623 0.04975517940184063 0.0 0.09878020665760728 0.0089883362888422 0.0 0.0 0.026775435766835193 0.0 0.1430725329089455 0.06477559573956812 0.06276578997370169 0.016710724225661278 0.044676973932596564 0.0 0.0 0.0 0.05748490468992032 0.02119865488434769 0.11832329910728634 0.0 0.0 0.10467229246849002 0.024054520054495765 0.019690431073133396 0.018137008471815375 0.08445523101451471 0.04417274353851752 0.10338533953388096 0.0035454826725868083
0.0 0.026186135159901633 0.0 0.06241075407986901 0.0 0.0 0.0 0.0001602135319963352 0.0 0.06477559573956812 0.055507904225044064 0.020341172074677866 0.0 0.020885657372538446 0.0 0.0 0.0004736640612442722 0.02540656636244662 0.022576728858001632 0.04682579972909623 0.0 0.0 0.0 0.0 0.007902179972336401 0.0 0.00047164396731390335 0.02341572642161724 0.030126600129066372 0.02788669962092244
0.002262777686023315 0.0 0.0422856630697602 0.22530680394598834 0.0 0.0 0.0 0.020456361289650726 0.0 0.06276578997370169 0.020341172074677866 0.19226812686993072 0.04309270846512378 0.031525383064461454 0.0 0.0 0.0 0.12222688121680109 0.0 0.04036213743878747 0.0 0.032997513049078026 0.1125866648961164 0.055909176805126026 0.0 0.0 0.04593623383490525 0.005329488981529129 0.07190005997203741 0.0
0.0 0.0 0.0 0.08442498396403408 0.0 0.0 0.0 0.0 0.0 0.016710724225661278 0.0 0.04309270846512378 0.04315376627024535 0.05973797809418499 0.0 0.0 0.0 0.019831272975849162 0.021054357222585918 0.03444743015017196 0.0 0.0 0.036427909346860354 0.05986746942841634 0.0 0.0 0.015911270740274833 0.0 0.03311238051629534 0.007524304161267287
0.015846780284886827 0.026421087650319225 0.0 0.11107331901163064 0.0 0.0 0.0 0.0251657107437417 0.0 0.044676973932596564 0.020885657372538446 0.031525383064461454 0.05973797809418499 0.1316028959979235 0.0 0.0 0.018280231087160093 0.02671893245542309 0.07492106277792204 0.04074560117520892 0.0 0.0 0.02709459453641261 0.07241964384181687 0.04266481340113587 0.03327242719489974 0.028292726008835006 0.048320363560919344 0.060383205167620024 0.07061798444711301
0.0 0.0 0.0 0.08932622285079506 0.0 0.10461787871669659 0.0 0.0 0.0 0.0 0.0 0.0 0.0 0.0 0.05080381943572547 0.0 0.0 0.0 0.0 0.0 0.0 0.0 0.0 0.0 0.0 0.0 0.0 0.0 0.12864001592561536 0.0
0.0 0.0 0.0 0.09278134189460946 0.0 0.022079044747324195 0.0 0.0 0.0 0.0 0.0 0.0 0.0 0.0 0.0 0.010182594439447714 0.0 0.0 0.0 0.0 0.0 0.0 0.0 0.0 0.0 0.0 0.0 0.02721795573766457 0.07702786728900152 0.0
0.0 0.0 0.0 0.0 0.033411507969073995 0.0 0.0 0.0 0.0 0.0 0.0004736640612442722 0.0 0.0 0.018280231087160093 0.0 0.0 0.3535687735652119 0.0 0.08516912842564256 0.0 0.0 0.0 0.0 0.0 0.022719342947420562 0.0 0.0 0.0321125400776609 0.0 0.03767208222593155
0.0 0.0 0.024157742289508385 0.1587157325754497 0.0 0.0 0.0 0.010707662447192942 0.0 0.05748490468992032 0.02540656636244662 0.12222688121680109 0.019831272975849162 0.02671893245542309 0.0 0.0 0.0 0.1174204306077627 0.0 0.07542673066499006 0.0 0.0 0.09644546100232104 0.046817481989388926 0.0 0.0 0.03475252850828242 0.013084692985016494 0.06233393048155733 0.0
0.0 0.022121555278568655 0.0 0.10678194325435725 0.022445564443196994 0.0 0.0 0.021078730375423765 0.0 0.02119865488434769 0.022576728858001632 0.0 0.021054357222585918 0.07492106277792204 0.0 0.0 0.08516912842564256 0.0 0.11178585099395377 0.0 0.0 0.0 0.0 0.04729110447499424 0.041147866870353766 0.0 0.0 0.05550842180886306 0.0 0.07003913845887907
0.041454631043942675 0.0 0.0 0.07637655412269317 0.0 0.0 0.05030034303384526 0.03242164004111103 0.0 0.11832329910728634 0.04682579972909623 0.04036213743878747 0.03444743015017196 0.04074560117520892 0.0 0.0 0.0 0.07542673066499006 0.0 0.193801299658719 0.0 0.0 0.18015029301992275 0.053451586062310985 0.01159289365924962 0.03170865219623878 0.09396687478009724 0.02348245530512616 0.11053713687505895 0.0
0.0 0.0 0.0 0.0 0.0 0.0 0.0 0.0 0.0 0.0 0.0 0.0 0.0 0.0 0.0 0.0 0.0 0.0 0.0 0.0 0.015307244155849276 0.0 0.06709517634600176 0.0 0.0 0.0 0.0 0.0 0.0 0.0
0.0 0.0 0.0 0.11926461821764534 0.0 0.0 0.0 0.0 0.0 0.0 0.0 0.032997513049078026 0.0 0.0 0.0 0.0 0.0 0.0 0.0 0.0 0.0 0.04277739606779961 0.0 0.013967655853386413 0.0 0.0 0.0 0.0 0.06864680185442612 0.0
0.05977492782730706 0.0 0.04497106786954319 0.08741249751203028 0.0 0.0 0.06862063981720967 0.0 0.0 0.10467229246849002 0.0 0.1125866648961164 0.036427909346860354 0.02709459453641261 0.0 0.0 0.0 0.09644546100232104 0.0 0.18015029301992275 0.06709517634600176 0.0 0.29150954916999583 0.05350631569857145 0.0 0.04787913614193118 0.08828804454472844 0.0 0.1272969617312384 0.0
0.00873708218102251 0.0 0.03401362358284743 0.12792969289388978 0.0 0.05721274271482102 0.0 0.010997176744186293 0.0 0.024054520054495765 0.0 0.055909176805126026 0.05986746942841634 0.07241964384181687 0.0 0.0 0.0 0.046817481989388926 0.04729110447499424 0.053451586062310985 0.0 0.013967655853386413 0.05350631569857145 0.18502816864863691 0.004896677818067741 0.0 0.02859169641028389 0.01996780864723463 0.17398801815288178 0.0548465985531536
0.0 0.009575327249090299 0.0 0.07156275637881321 0.0 0.0 0.0 0.0 0.0 0.019690431073133396 0.007902179972336401 0.0 0.0 0.04266481340113587 0.0 0.0 0.022719342947420562 0.0 0.041147866870353766 0.01159289365924962 0.0 0.0 0.0 0.004896677818067741 0.024846793611061457 0.0 0.0 0.028026780273446406 0.0 0.038299223774009045
0.0 0.0 0.0 0.0200379710677403 0.0 0.0 0.0 0.0 0.0 0.018137008471815375 0.0 0.0 0.0 0.03327242719489974 0.0 0.0 0.0 0.0 0.0 0.03170865219623878 0.0 0.0 0.04787913614193118 0.0 0.0 0.010580780548048098 0.001449581969114891 0.0 0.02161593159220704 0.0
0.003362891268866977 0.0 0.0 0.07897491091096287 0.0 0.0 0.0 0.0032319264226544006 0.0 0.08445523101451471 0.00047164396731390335 0.04593623383490525 0.015911270740274833 0.028292726008835006 0.0 0.0 0.0 0.03475252850828242 0.0 0.09396687478009724 0.0 0.0 0.08828804454472844 0.02859169641028389 0.0 0.001449581969114891 0.07092816134656914 0.0 0.068984492497286 0.0
0.0 0.03622451423320286 0.0 0.15358881076016145 0.004919191212989213 0.0 0.0 0.0 0.0 0.04417274353851752 0.02341572642161724 0.005329488981529129 0.0 0.048320363560919344 0.0 0.02721795573766457 0.0321125400776609 0.013084692985016494 0.05550842180886306 0.02348245530512616 0.0 0.0 0.0 0.01996780864723463 0.028026780273446406 0.0 0.0 0.12275509008361496 0.023705418809613854 0.057994251959259197
0.07026086996469733 0.07724714790855103 0.08087964285073285 0.15791474467890587 0.0 0.32248239713035154 0.01962855478051967 0.003370524115617002 0.010615505824994653 0.10338533953388096 0.030126600129066372 0.07190005997203741 0.03311238051629534 0.060383205167620024 0.12864001592561536 0.07702786728900152 0.0 0.06233393048155733 0.0 0.11053713687505895 0.0 0.06864680185442612 0.1272969617312384 0.17398801815288178 0.0 0.02161593159220704 0.068984492497286 0.023705418809613854 0.46593020071513824 0.0
0.0 0.048633706007656485 0.0 0.16666157526738423 0.00828727338531296 0.03324017615570868 0.0 0.005484937291910796 0.03767839632135478 0.0035454826725868083 0.02788669962092244 0.0 0.007524304161267287 0.07061798444711301 0.0 0.0 0.03767208222593155 0.0 0.07003913845887907 0.0 0.0 0.0 0.0 0.0548465985531536 0.038299223774009045 0.0 0.0 0.057994251959259197 0.0 0.17565932284417157
