0.0019446894150102888 0.002087902976580814 0.0019522269708824216 0.0015301238420429792 0.002834121007921971 0.0029396467901318317 0.0016431871801249726 0.0021783536470464087 0.001997452306115219 0.0018994640797774913 0.0020351400854758837 0.003994904612230438 0.0029094965666433 0.0017788631858233648 0.0018693138562889597 0.002615531887630117 0.0017336378505905675 0.0020200649737316177 0.00971590951917931 0.009384257060805463 0.00394967927699764 0.005811455577414468 0.017901695196315643 0.016168057345725077 0.00670088717032615 0.001929614303266023 0.006866713399513074 0.009120442605280811 0.004379319961709216 0.00197483963849882 0.001537661397915112 0.001620574512508574 0.007786295215913288 0.007884283442251016 0.003105473019318756 0.004680822196594533 0.01570826643752497 0.013183185220360445 0.005977281806601392 0.005570253789506215 0.007379267198818111 0.0035577263716467297 0.00309039790757449 0.0029094965666433 0.002080365420708681 0.005879293580263663 0.004786347978804393 0.002314029652744801 0.0020577527530922825 0.0029848721253646292 0.002615531887630117 0.0016884125153577702 0.0016884125153577702 0.0016733374036135044 0.001545198953787245 0.006188333371021113 0.006271246485614575 0.002849196119666237 0.004326557070604286 0.01293444587658006 0.010537503109241798 0.00425871906775509 0.0047637353111879945 0.006482298050034296 0.0030376350164695596 0.0018919265239053585 0.0023818676555939972 0.0023215672086169337 0.0016884125153577702 0.003859228606532046 0.001703487627102036 0.0018693138562889597 0.0020200649737316177 0.004824035758165058 0.003994904612230438 0.002607994331757984 0.0026607572228629145 0.0019371518591381558 0.0036632521538565903 0.01755496762619753 0.016967038268171163 0.007771220104169022 0.0017562505182069663 0.0024270929908267944 0.0020276025296037505 0.011622911154828936 0.03563002660757223 0.030112535709170943 0.012723394312160338 0.003927066609381242 0.013175647664488314 0.017630343184918858 0.00836668701806752 0.002072827864836548 0.002532618773036655 0.002231116538151339 0.0016054994007643083 0.002932109234259699 0.0015225862861708462 0.0015753491772757765 0.0018768514121610927 0.004251181511882957 0.003082860351702357 0.002095440532452947 0.0022085038705349403 0.001552736509659378 0.0029773345694924964 0.015112799523626468 0.014434419495134508 0.0062863215973588404 0.0015301238420429792 0.0018693138562889597 0.0017788631858233648 0.009120442605280811 0.030278361938357867 0.028770850763931287 0.010959606238081239 0.0031130105751908887 0.011585223375468271 0.01480375973286902 0.00740187986643451 0.0018316260769282952 0.006617974055732688 0.006512448273522827 0.002412017879082529 0.0038215408271713813 0.012323903850937295 0.010944531126336974 0.004891873761014254 0.00449238329979121 0.005984819362473524 0.0032185363574007493 0.0026682947787350472 0.0025250812171645222 0.0019823771943709534 0.001703487627102036 0.007047614740444264 0.006580286276372024 0.003075322795830224 0.004688359752466665 0.014245980598331185 0.011027444240930436 0.005095387769561842 0.0016356496242528398 0.005306439333981563 0.006685812058581884 0.002924571678387566 0.0019446894150102888 0.0027587454492006423 0.0020426776413480165 0.0021029780883250796 0.008879240817372559 0.009210893275746406 0.003934604165253375 0.006022507141834189 0.01755496762619753 0.01570826643752497 0.006293859153230974 0.0017562505182069663 0.006866713399513074 0.00924858105510707 0.004605446637873203 0.004364244849964951 0.004205956176650159 0.001771325629951232 0.002615531887630117 0.00914305527289721 0.008019959447949409 0.0031280856869351542 0.00332406213961061 0.004175805953161628 0.0025778441082694526
0.9 0.9272727272727274 0.4454545454545455 0.37272727272727285 0.35454545454545455 0.28181818181818197 0.3818181818181819 0.3363636363636365 0.26363636363636367 0.30000000000000004 0.3272727272727274 0.390909090909091 0.4181818181818183 0.4181818181818183 0.11818181818181825 0.11818181818181825 0.1454545454545456 0.20909090909090916 0.15454545454545457 0.13636363636363635 0.11818181818181825 0.3272727272727274 0.30000000000000004 0.22727272727272727 0.20909090909090916 0.3818181818181819 0.35454545454545455 0.3272727272727274 0.20909090909090916 0.045454545454545456 0.027272727272727337 0.19090909090909103 0.13636363636363635 0.06363636363636366 0.045454545454545456 0.30909090909090914 0.28181818181818197 0.20909090909090916 0.13636363636363635 0.3363636363636365 0.30909090909090914 0.19090909090909103 0.11818181818181825 0.045454545454545456 0.290909090909091 0.26363636363636367 0.19090909090909103 0.11818181818181825 0.3181818181818182 0.290909090909091 0.4636363636363638 0.49090909090909096 0.390909090909091 0.42727272727272736 0.45454545454545453 0.37272727272727285 0.4 0.42727272727272736 0.24545454545454548 0.3181818181818182 0.3454545454545455 0.37272727272727285 0.22727272727272727 0.3454545454545455 0.37272727272727285 0.49090909090909096 0.4090909090909091 0.43636363636363645 0.3272727272727274 0.35454545454545455 0.35454545454545455 0.3272727272727274 0.3272727272727274 0.35454545454545455 0.3818181818181819 0.4090909090909091 0.43636363636363645 0.35454545454545455 0.30000000000000004 0.30000000000000004 0.3272727272727274 0.35454545454545455 0.3818181818181819 0.3272727272727274 0.30000000000000004 0.2727272727272727 0.24545454545454548 0.2727272727272727 0.30000000000000004 0.3272727272727274 0.30000000000000004 0.2727272727272727 0.30000000000000004 0.5181818181818183 0.24545454545454556 0.2727272727272727 0.30909090909090914 0.19090909090909103 0.3363636363636365 0.30909090909090914 0.1636363636363637 0.19090909090909103 0.21818181818181823 0.24545454545454556 0.2727272727272727 0.3363636363636365 0.28181818181818197 0.13636363636363635 0.1636363636363637 0.19090909090909103 0.21818181818181823 0.30909090909090914 0.28181818181818197 0.25454545454545463 0.22727272727272727 0.15454545454545457 0.13636363636363635 0.30909090909090914 0.28181818181818197 0.25454545454545463 0.13636363636363635 0.027272727272727337 0.11818181818181825 0.045454545454545456 0.027272727272727337 0.2363636363636365 0.20909090909090916 0.13636363636363635 0.06363636363636366 0.26363636363636367 0.2363636363636365 0.11818181818181825 0.37272727272727285 0.4 0.4090909090909091 0.43636363636363645 0.35454545454545455 0.3818181818181819 0.4090909090909091 0.22727272727272727 0.30000000000000004 0.3272727272727274 0.35454545454545455 0.13636363636363635 0.15454545454545457 0.22727272727272727 0.20909090909090916 0.3363636363636365 0.3363636363636365 0.36363636363636365 0.28181818181818197 0.28181818181818197 0.30909090909090914 0.3363636363636365 0.25454545454545463 0.22727272727272727 0.25454545454545463 0.28181818181818197 0.1636363636363637 0.13636363636363635 0.15454545454545457 0.13636363636363635 0.11818181818181825 0.1454545454545456 0.17272727272727276 0.2363636363636365 0.20909090909090916 0.13636363636363635 0.11818181818181825 0.11818181818181825 0.13636363636363635 0.06363636363636366
0.9272727272727274 1.0 0.5181818181818183 0.49090909090909096 0.42727272727272736 0.4 0.45454545454545453 0.4090909090909091 0.3818181818181819 0.4181818181818183 0.4 0.4181818181818183 0.49090909090909096 0.4 0.28181818181818197 0.28181818181818197 0.30909090909090914 0.28181818181818197 0.2727272727272727 0.25454545454545463 0.28181818181818197 0.4 0.37272727272727285 0.3454545454545455 0.37272727272727285 0.45454545454545453 0.42727272727272736 0.4 0.37272727272727285 0.1636363636363637 0.1454545454545456 0.26363636363636367 0.25454545454545463 0.18181818181818182 0.1636363636363637 0.3818181818181819 0.35454545454545455 0.3272727272727274 0.25454545454545463 0.4090909090909091 0.3818181818181819 0.35454545454545455 0.2363636363636365 0.1636363636363637 0.36363636363636365 0.3363636363636365 0.30909090909090914 0.2363636363636365 0.390909090909091 0.36363636363636365 0.49090909090909096 0.5636363636363637 0.4181818181818183 0.5 0.5272727272727273 0.4454545454545455 0.47272727272727283 0.5 0.2727272727272727 0.3454545454545455 0.4181818181818183 0.4454545454545455 0.25454545454545463 0.3272727272727274 0.4454545454545455 0.5181818181818183 0.48181818181818187 0.5090909090909093 0.30909090909090914 0.42727272727272736 0.3363636363636365 0.30909090909090914 0.4 0.42727272727272736 0.45454545454545453 0.48181818181818187 0.5090909090909093 0.3363636363636365 0.28181818181818197 0.37272727272727285 0.4 0.42727272727272736 0.45454545454545453 0.30909090909090914 0.28181818181818197 0.25454545454545463 0.2727272727272727 0.3454545454545455 0.37272727272727285 0.30909090909090914 0.28181818181818197 0.25454545454545463 0.37272727272727285 0.5454545454545454 0.4090909090909091 0.43636363636363645 0.3818181818181819 0.35454545454545455 0.4090909090909091 0.3818181818181819 0.3272727272727274 0.35454545454545455 0.3818181818181819 0.4090909090909091 0.43636363636363645 0.4090909090909091 0.35454545454545455 0.30000000000000004 0.3272727272727274 0.35454545454545455 0.3818181818181819 0.3818181818181819 0.35454545454545455 0.3272727272727274 0.30000000000000004 0.2727272727272727 0.30000000000000004 0.3818181818181819 0.35454545454545455 0.3272727272727274 0.30000000000000004 0.19090909090909103 0.28181818181818197 0.1636363636363637 0.19090909090909103 0.30909090909090914 0.28181818181818197 0.25454545454545463 0.18181818181818182 0.3363636363636365 0.30909090909090914 0.28181818181818197 0.4 0.47272727272727283 0.48181818181818187 0.5090909090909093 0.42727272727272736 0.45454545454545453 0.48181818181818187 0.25454545454545463 0.3272727272727274 0.4 0.42727272727272736 0.1636363636363637 0.18181818181818182 0.25454545454545463 0.3272727272727274 0.4090909090909091 0.4090909090909091 0.43636363636363645 0.26363636363636367 0.35454545454545455 0.3818181818181819 0.4090909090909091 0.2363636363636365 0.25454545454545463 0.3272727272727274 0.35454545454545455 0.1454545454545456 0.1636363636363637 0.18181818181818182 0.25454545454545463 0.28181818181818197 0.30909090909090914 0.3363636363636365 0.30909090909090914 0.28181818181818197 0.25454545454545463 0.28181818181818197 0.19090909090909103 0.1636363636363637 0.18181818181818182
0.4454545454545455 0.5181818181818183 0.4 0.3272727272727273 0.30909090909090914 0.23636363636363641 0.33636363636363636 0.33636363636363636 0.26363636363636367 0.0727272727272728 0.10000000000000005 0.1636363636363637 0.19090909090909094 0.19090909090909094 0.1636363636363637 0.0727272727272728 0.10000000000000005 0.1636363636363637 0.10909090909090911 0.09090909090909091 0.0727272727272728 0.28181818181818186 0.25454545454545463 0.18181818181818182 0.1636363636363637 0.33636363636363636 0.30909090909090914 0.28181818181818186 0.1636363636363637 0.0 0.0 0.1454545454545455 0.09090909090909091 0.0181818181818182 0.0 0.26363636363636367 0.23636363636363641 0.1636363636363637 0.09090909090909091 0.29090909090909095 0.26363636363636367 0.1454545454545455 0.0727272727272728 0.0 0.24545454545454548 0.21818181818181823 0.1454545454545455 0.0727272727272728 0.2727272727272727 0.24545454545454548 0.05454545454545459 0.08181818181818185 0.0727272727272728 0.2 0.22727272727272727 0.1454545454545455 0.17272727272727276 0.2 0.0181818181818182 0.09090909090909091 0.11818181818181825 0.1454545454545455 0.0 0.11818181818181825 0.1454545454545455 0.35454545454545455 0.2727272727272727 0.30000000000000004 0.19090909090909094 0.21818181818181823 0.21818181818181823 0.19090909090909094 0.19090909090909094 0.21818181818181823 0.24545454545454548 0.2727272727272727 0.30000000000000004 0.21818181818181823 0.1636363636363637 0.1636363636363637 0.19090909090909094 0.21818181818181823 0.24545454545454548 0.19090909090909094 0.1636363636363637 0.13636363636363635 0.10909090909090911 0.13636363636363635 0.1636363636363637 0.19090909090909094 0.1636363636363637 0.13636363636363635 0.1636363636363637 0.42727272727272736 0.2 0.22727272727272727 0.26363636363636367 0.19090909090909094 0.29090909090909095 0.26363636363636367 0.11818181818181825 0.1454545454545455 0.17272727272727276 0.2 0.22727272727272727 0.29090909090909095 0.23636363636363641 0.09090909090909091 0.11818181818181825 0.1454545454545455 0.17272727272727276 0.26363636363636367 0.23636363636363641 0.20909090909090916 0.18181818181818182 0.10909090909090911 0.09090909090909091 0.26363636363636367 0.23636363636363641 0.20909090909090916 0.09090909090909091 0.0 0.0727272727272728 0.0 0.0 0.19090909090909094 0.1636363636363637 0.09090909090909091 0.0181818181818182 0.21818181818181823 0.19090909090909094 0.0727272727272728 0.05454545454545459 0.08181818181818185 0.18181818181818182 0.20909090909090916 0.12727272727272732 0.15454545454545457 0.18181818181818182 0.0 0.0727272727272728 0.10000000000000005 0.12727272727272732 0.0 0.0 0.0 0.0 0.24545454545454548 0.2 0.22727272727272727 0.1454545454545455 0.1454545454545455 0.17272727272727276 0.2 0.11818181818181825 0.09090909090909091 0.11818181818181825 0.1454545454545455 0.027272727272727337 0.0 0.0181818181818182 0.0 0.0727272727272728 0.10000000000000005 0.12727272727272732 0.19090909090909094 0.1636363636363637 0.09090909090909091 0.0727272727272728 0.0727272727272728 0.09090909090909091 0.0181818181818182
0.37272727272727285 0.49090909090909096 0.3272727272727273 0.30000000000000004 0.23636363636363641 0.20909090909090916 0.26363636363636367 0.26363636363636367 0.23636363636363641 0.045454545454545456 0.027272727272727337 0.045454545454545456 0.11818181818181825 0.027272727272727337 0.13636363636363635 0.09090909090909091 0.11818181818181825 0.09090909090909091 0.08181818181818185 0.06363636363636366 0.09090909090909091 0.20909090909090916 0.18181818181818182 0.15454545454545457 0.18181818181818182 0.26363636363636367 0.23636363636363641 0.20909090909090916 0.18181818181818182 0.0 0.0 0.0727272727272728 0.06363636363636366 0.0 0.0 0.19090909090909094 0.1636363636363637 0.13636363636363635 0.06363636363636366 0.21818181818181823 0.19090909090909094 0.1636363636363637 0.045454545454545456 0.0 0.17272727272727276 0.1454545454545455 0.11818181818181825 0.045454545454545456 0.2 0.17272727272727276 0.0 0.05454545454545459 0.0 0.12727272727272732 0.15454545454545457 0.0727272727272728 0.10000000000000005 0.12727272727272732 0.0 0.0 0.045454545454545456 0.0727272727272728 0.0 0.0 0.0727272727272728 0.19090909090909103 0.2 0.22727272727272727 0.027272727272727337 0.19090909090909094 0.05454545454545459 0.027272727272727337 0.11818181818181825 0.1454545454545455 0.17272727272727276 0.2 0.22727272727272727 0.05454545454545459 0.0 0.09090909090909091 0.11818181818181825 0.1454545454545455 0.17272727272727276 0.027272727272727337 0.0 0.0 0.0 0.06363636363636366 0.09090909090909091 0.027272727272727337 0.0 0.0 0.09090909090909091 0.35454545454545455 0.21818181818181823 0.24545454545454548 0.19090909090909094 0.1636363636363637 0.21818181818181823 0.19090909090909094 0.13636363636363635 0.1636363636363637 0.19090909090909094 0.21818181818181823 0.24545454545454548 0.21818181818181823 0.1636363636363637 0.10909090909090911 0.13636363636363635 0.1636363636363637 0.19090909090909094 0.19090909090909094 0.1636363636363637 0.13636363636363635 0.10909090909090911 0.08181818181818185 0.10909090909090911 0.19090909090909094 0.1636363636363637 0.13636363636363635 0.10909090909090911 0.0 0.09090909090909091 0.0 0.0 0.11818181818181825 0.09090909090909091 0.06363636363636366 0.0 0.1454545454545455 0.11818181818181825 0.09090909090909091 0.0 0.05454545454545459 0.15454545454545457 0.13636363636363635 0.10000000000000005 0.08181818181818185 0.10909090909090911 0.0 0.0 0.027272727272727337 0.05454545454545459 0.0 0.0 0.0 0.0 0.21818181818181823 0.12727272727272732 0.15454545454545457 0.0 0.0727272727272728 0.10000000000000005 0.12727272727272732 0.0 0.0 0.045454545454545456 0.0727272727272728 0.0 0.0 0.0 0.0 0.09090909090909091 0.11818181818181825 0.1454545454545455 0.11818181818181825 0.09090909090909091 0.06363636363636366 0.09090909090909091 0.0 0.0 0.0
0.35454545454545455 0.42727272727272736 0.30909090909090914 0.23636363636363641 0.4 0.3272727272727273 0.4272727272727273 0.4272727272727273 0.35454545454545455 0.0727272727272728 0.1454545454545455 0.1636363636363637 0.19090909090909094 0.19090909090909094 0.0727272727272728 0.1636363636363637 0.1454545454545455 0.1636363636363637 0.10909090909090911 0.09090909090909091 0.0727272727272728 0.28181818181818186 0.25454545454545463 0.18181818181818182 0.1636363636363637 0.33636363636363636 0.30909090909090914 0.28181818181818186 0.1636363636363637 0.13636363636363635 0.11818181818181825 0.23636363636363641 0.18181818181818182 0.10909090909090911 0.09090909090909091 0.35454545454545455 0.3272727272727273 0.25454545454545463 0.18181818181818182 0.38181818181818183 0.35454545454545455 0.23636363636363641 0.1636363636363637 0.09090909090909091 0.33636363636363636 0.30909090909090914 0.23636363636363641 0.1636363636363637 0.36363636363636365 0.33636363636363636 0.05454545454545459 0.08181818181818185 0.0727272727272728 0.24545454545454548 0.22727272727272727 0.1454545454545455 0.17272727272727276 0.2 0.0181818181818182 0.09090909090909091 0.11818181818181825 0.1454545454545455 0.0 0.11818181818181825 0.1454545454545455 0.35454545454545455 0.2727272727272727 0.30000000000000004 0.19090909090909094 0.21818181818181823 0.21818181818181823 0.19090909090909094 0.19090909090909094 0.21818181818181823 0.24545454545454548 0.2727272727272727 0.30000000000000004 0.21818181818181823 0.1636363636363637 0.1636363636363637 0.19090909090909094 0.21818181818181823 0.24545454545454548 0.19090909090909094 0.1636363636363637 0.13636363636363635 0.10909090909090911 0.13636363636363635 0.1636363636363637 0.19090909090909094 0.1636363636363637 0.13636363636363635 0.1636363636363637 0.42727272727272736 0.2 0.22727272727272727 0.26363636363636367 0.1454545454545455 0.29090909090909095 0.26363636363636367 0.11818181818181825 0.19090909090909094 0.17272727272727276 0.2 0.22727272727272727 0.29090909090909095 0.23636363636363641 0.09090909090909091 0.11818181818181825 0.1454545454545455 0.17272727272727276 0.26363636363636367 0.23636363636363641 0.20909090909090916 0.18181818181818182 0.10909090909090911 0.09090909090909091 0.26363636363636367 0.23636363636363641 0.20909090909090916 0.09090909090909091 0.1636363636363637 0.1636363636363637 0.09090909090909091 0.0727272727272728 0.28181818181818186 0.25454545454545463 0.18181818181818182 0.10909090909090911 0.30909090909090914 0.28181818181818186 0.1636363636363637 0.05454545454545459 0.08181818181818185 0.2727272727272727 0.25454545454545463 0.12727272727272732 0.2 0.18181818181818182 0.0 0.0727272727272728 0.10000000000000005 0.12727272727272732 0.0 0.0 0.0 0.0 0.2 0.24545454545454548 0.22727272727272727 0.1454545454545455 0.1454545454545455 0.17272727272727276 0.2 0.11818181818181825 0.09090909090909091 0.11818181818181825 0.1454545454545455 0.027272727272727337 0.0 0.0181818181818182 0.0 0.0727272727272728 0.1454545454545455 0.12727272727272732 0.19090909090909094 0.1636363636363637 0.09090909090909091 0.0727272727272728 0.0727272727272728 0.09090909090909091 0.0181818181818182
0.28181818181818197 0.4 0.23636363636363641 0.20909090909090916 0.3272727272727273 0.30000000000000004 0.35454545454545455 0.35454545454545455 0.3272727272727273 0.045454545454545456 0.11818181818181825 0.045454545454545456 0.11818181818181825 0.027272727272727337 0.09090909090909091 0.13636363636363635 0.11818181818181825 0.09090909090909091 0.08181818181818185 0.06363636363636366 0.09090909090909091 0.20909090909090916 0.18181818181818182 0.15454545454545457 0.18181818181818182 0.26363636363636367 0.23636363636363641 0.20909090909090916 0.18181818181818182 0.10909090909090911 0.09090909090909091 0.1636363636363637 0.15454545454545457 0.08181818181818185 0.06363636363636366 0.28181818181818186 0.25454545454545463 0.22727272727272727 0.15454545454545457 0.30909090909090914 0.28181818181818186 0.25454545454545463 0.13636363636363635 0.06363636363636366 0.26363636363636367 0.23636363636363641 0.20909090909090916 0.13636363636363635 0.29090909090909095 0.26363636363636367 0.0 0.05454545454545459 0.0 0.21818181818181823 0.2 0.0727272727272728 0.1454545454545455 0.12727272727272732 0.0 0.0 0.045454545454545456 0.0727272727272728 0.0 0.0 0.0727272727272728 0.19090909090909103 0.2 0.22727272727272727 0.027272727272727337 0.1454545454545455 0.05454545454545459 0.027272727272727337 0.11818181818181825 0.19090909090909094 0.17272727272727276 0.2 0.22727272727272727 0.05454545454545459 0.0 0.09090909090909091 0.11818181818181825 0.1454545454545455 0.17272727272727276 0.027272727272727337 0.0 0.0 0.0 0.06363636363636366 0.09090909090909091 0.027272727272727337 0.0 0.0 0.09090909090909091 0.35454545454545455 0.21818181818181823 0.24545454545454548 0.19090909090909094 0.1636363636363637 0.21818181818181823 0.19090909090909094 0.13636363636363635 0.1636363636363637 0.19090909090909094 0.21818181818181823 0.24545454545454548 0.21818181818181823 0.1636363636363637 0.10909090909090911 0.13636363636363635 0.1636363636363637 0.19090909090909094 0.19090909090909094 0.1636363636363637 0.13636363636363635 0.10909090909090911 0.08181818181818185 0.10909090909090911 0.19090909090909094 0.1636363636363637 0.13636363636363635 0.10909090909090911 0.13636363636363635 0.18181818181818182 0.06363636363636366 0.09090909090909091 0.20909090909090916 0.18181818181818182 0.15454545454545457 0.08181818181818185 0.23636363636363641 0.20909090909090916 0.18181818181818182 0.0 0.05454545454545459 0.24545454545454548 0.22727272727272727 0.10000000000000005 0.17272727272727276 0.15454545454545457 0.0 0.0 0.027272727272727337 0.10000000000000005 0.0 0.0 0.0 0.0 0.12727272727272732 0.21818181818181823 0.2 0.0 0.0727272727272728 0.1454545454545455 0.12727272727272732 0.0 0.0 0.045454545454545456 0.0727272727272728 0.0 0.0 0.0 0.0 0.09090909090909091 0.11818181818181825 0.1454545454545455 0.11818181818181825 0.09090909090909091 0.06363636363636366 0.09090909090909091 0.0 0.0 0.0
0.3818181818181819 0.45454545454545453 0.33636363636363636 0.26363636363636367 0.4272727272727273 0.35454545454545455 0.5 0.45454545454545453 0.38181818181818183 0.10000000000000005 0.17272727272727276 0.19090909090909094 0.17272727272727276 0.26363636363636367 0.10000000000000005 0.19090909090909094 0.17272727272727276 0.19090909090909094 0.13636363636363635 0.11818181818181825 0.10000000000000005 0.26363636363636367 0.28181818181818186 0.20909090909090916 0.19090909090909094 0.4090909090909091 0.38181818181818183 0.35454545454545455 0.28181818181818186 0.1636363636363637 0.1454545454545455 0.26363636363636367 0.20909090909090916 0.13636363636363635 0.11818181818181825 0.33636363636363636 0.35454545454545455 0.28181818181818186 0.20909090909090916 0.45454545454545453 0.4272727272727273 0.35454545454545455 0.19090909090909094 0.11818181818181825 0.3181818181818182 0.33636363636363636 0.26363636363636367 0.19090909090909094 0.43636363636363645 0.4090909090909091 0.08181818181818185 0.10909090909090911 0.10000000000000005 0.2727272727272727 0.25454545454545463 0.12727272727272732 0.2 0.18181818181818182 0.045454545454545456 0.11818181818181825 0.10000000000000005 0.12727272727272732 0.11818181818181825 0.19090909090909094 0.21818181818181823 0.3363636363636365 0.25454545454545463 0.28181818181818197 0.17272727272727276 0.2 0.2 0.17272727272727276 0.17272727272727276 0.24545454545454548 0.22727272727272727 0.25454545454545463 0.28181818181818197 0.2 0.1454545454545455 0.1454545454545455 0.17272727272727276 0.2 0.22727272727272727 0.17272727272727276 0.1454545454545455 0.11818181818181825 0.13636363636363635 0.11818181818181825 0.1454545454545455 0.26363636363636367 0.23636363636363641 0.20909090909090916 0.23636363636363641 0.4090909090909091 0.18181818181818182 0.20909090909090916 0.24545454545454548 0.12727272727272732 0.2727272727272727 0.24545454545454548 0.1454545454545455 0.21818181818181823 0.2 0.18181818181818182 0.20909090909090916 0.2727272727272727 0.21818181818181823 0.11818181818181825 0.1454545454545455 0.12727272727272732 0.15454545454545457 0.24545454545454548 0.21818181818181823 0.19090909090909094 0.20909090909090916 0.13636363636363635 0.11818181818181825 0.33636363636363636 0.30909090909090914 0.28181818181818186 0.20909090909090916 0.19090909090909094 0.19090909090909094 0.11818181818181825 0.10000000000000005 0.26363636363636367 0.28181818181818186 0.20909090909090916 0.13636363636363635 0.38181818181818183 0.35454545454545455 0.28181818181818186 0.12727272727272732 0.15454545454545457 0.30000000000000004 0.28181818181818197 0.2 0.22727272727272727 0.25454545454545463 0.027272727272727337 0.1454545454545455 0.17272727272727276 0.2 0.027272727272727337 0.045454545454545456 0.11818181818181825 0.1454545454545455 0.2727272727272727 0.2727272727272727 0.30000000000000004 0.21818181818181823 0.21818181818181823 0.24545454545454548 0.2727272727272727 0.19090909090909094 0.1636363636363637 0.19090909090909094 0.21818181818181823 0.19090909090909094 0.1636363636363637 0.13636363636363635 0.1636363636363637 0.1454545454545455 0.17272727272727276 0.2 0.26363636363636367 0.23636363636363641 0.11818181818181825 0.1454545454545455 0.23636363636363641 0.20909090909090916 0.13636363636363635
0.3363636363636365 0.4090909090909091 0.33636363636363636 0.26363636363636367 0.4272727272727273 0.35454545454545455 0.45454545454545453 0.5 0.4272727272727273 0.10000000000000005 0.12727272727272732 0.19090909090909094 0.21818181818181823 0.21818181818181823 0.10000000000000005 0.1454545454545455 0.21818181818181823 0.19090909090909094 0.13636363636363635 0.11818181818181825 0.1454545454545455 0.30909090909090914 0.28181818181818186 0.20909090909090916 0.19090909090909094 0.36363636363636365 0.33636363636363636 0.30909090909090914 0.19090909090909094 0.11818181818181825 0.19090909090909094 0.26363636363636367 0.20909090909090916 0.13636363636363635 0.11818181818181825 0.38181818181818183 0.35454545454545455 0.28181818181818186 0.20909090909090916 0.4090909090909091 0.38181818181818183 0.26363636363636367 0.28181818181818186 0.20909090909090916 0.45454545454545453 0.4272727272727273 0.35454545454545455 0.28181818181818186 0.48181818181818187 0.45454545454545453 0.08181818181818185 0.10909090909090911 0.10000000000000005 0.22727272727272727 0.30000000000000004 0.17272727272727276 0.2 0.22727272727272727 0.045454545454545456 0.11818181818181825 0.1454545454545455 0.17272727272727276 0.027272727272727337 0.1454545454545455 0.17272727272727276 0.3818181818181819 0.30000000000000004 0.3272727272727274 0.21818181818181823 0.24545454545454548 0.24545454545454548 0.21818181818181823 0.21818181818181823 0.24545454545454548 0.2727272727272727 0.30000000000000004 0.3272727272727274 0.24545454545454548 0.19090909090909094 0.19090909090909094 0.21818181818181823 0.24545454545454548 0.2727272727272727 0.21818181818181823 0.19090909090909094 0.1636363636363637 0.13636363636363635 0.1636363636363637 0.19090909090909094 0.21818181818181823 0.19090909090909094 0.1636363636363637 0.19090909090909094 0.45454545454545453 0.22727272727272727 0.25454545454545463 0.29090909090909095 0.17272727272727276 0.3181818181818182 0.29090909090909095 0.1454545454545455 0.17272727272727276 0.24545454545454548 0.22727272727272727 0.25454545454545463 0.3181818181818182 0.26363636363636367 0.11818181818181825 0.1454545454545455 0.17272727272727276 0.2 0.29090909090909095 0.26363636363636367 0.23636363636363641 0.20909090909090916 0.13636363636363635 0.11818181818181825 0.29090909090909095 0.26363636363636367 0.23636363636363641 0.11818181818181825 0.1454545454545455 0.19090909090909094 0.11818181818181825 0.1454545454545455 0.30909090909090914 0.28181818181818186 0.20909090909090916 0.13636363636363635 0.33636363636363636 0.30909090909090914 0.19090909090909094 0.08181818181818185 0.10909090909090911 0.25454545454545463 0.3272727272727274 0.15454545454545457 0.18181818181818182 0.25454545454545463 0.027272727272727337 0.10000000000000005 0.12727272727272732 0.15454545454545457 0.0 0.0 0.027272727272727337 0.009090909090909139 0.22727272727272727 0.22727272727272727 0.30000000000000004 0.17272727272727276 0.17272727272727276 0.2 0.22727272727272727 0.1454545454545455 0.11818181818181825 0.1454545454545455 0.17272727272727276 0.05454545454545459 0.027272727272727337 0.045454545454545456 0.027272727272727337 0.10000000000000005 0.12727272727272732 0.2 0.21818181818181823 0.19090909090909094 0.11818181818181825 0.10000000000000005 0.10000000000000005 0.11818181818181825 0.045454545454545456
0.26363636363636367 0.3818181818181819 0.26363636363636367 0.23636363636363641 0.35454545454545455 0.3272727272727273 0.38181818181818183 0.4272727272727273 0.4 0.0727272727272728 0.10000000000000005 0.0727272727272728 0.1454545454545455 0.05454545454545459 0.11818181818181825 0.11818181818181825 0.19090909090909094 0.11818181818181825 0.10909090909090911 0.09090909090909091 0.11818181818181825 0.23636363636363641 0.20909090909090916 0.18181818181818182 0.20909090909090916 0.29090909090909095 0.26363636363636367 0.23636363636363641 0.20909090909090916 0.09090909090909091 0.1636363636363637 0.19090909090909094 0.18181818181818182 0.10909090909090911 0.09090909090909091 0.30909090909090914 0.28181818181818186 0.25454545454545463 0.18181818181818182 0.33636363636363636 0.30909090909090914 0.28181818181818186 0.25454545454545463 0.18181818181818182 0.38181818181818183 0.35454545454545455 0.3272727272727273 0.25454545454545463 0.4090909090909091 0.38181818181818183 0.0 0.0363636363636364 0.0 0.2 0.2727272727272727 0.10000000000000005 0.12727272727272732 0.2 0.0 0.0 0.0727272727272728 0.10000000000000005 0.0 0.0 0.10000000000000005 0.21818181818181823 0.22727272727272727 0.25454545454545463 0.05454545454545459 0.17272727272727276 0.08181818181818185 0.05454545454545459 0.1454545454545455 0.17272727272727276 0.24545454545454548 0.22727272727272727 0.25454545454545463 0.08181818181818185 0.027272727272727337 0.11818181818181825 0.1454545454545455 0.17272727272727276 0.2 0.05454545454545459 0.027272727272727337 0.0 0.0181818181818182 0.09090909090909091 0.11818181818181825 0.05454545454545459 0.027272727272727337 0.0 0.11818181818181825 0.3818181818181819 0.24545454545454548 0.2727272727272727 0.21818181818181823 0.19090909090909094 0.24545454545454548 0.21818181818181823 0.1636363636363637 0.19090909090909094 0.21818181818181823 0.24545454545454548 0.2727272727272727 0.24545454545454548 0.19090909090909094 0.13636363636363635 0.1636363636363637 0.19090909090909094 0.21818181818181823 0.21818181818181823 0.19090909090909094 0.1636363636363637 0.13636363636363635 0.10909090909090911 0.13636363636363635 0.21818181818181823 0.19090909090909094 0.1636363636363637 0.13636363636363635 0.11818181818181825 0.20909090909090916 0.09090909090909091 0.11818181818181825 0.23636363636363641 0.20909090909090916 0.18181818181818182 0.10909090909090911 0.26363636363636367 0.23636363636363641 0.20909090909090916 0.0 0.0363636363636364 0.22727272727272727 0.30000000000000004 0.08181818181818185 0.15454545454545457 0.22727272727272727 0.0 0.0 0.05454545454545459 0.08181818181818185 0.0 0.0 0.0 0.0 0.15454545454545457 0.2 0.2727272727272727 0.009090909090909139 0.10000000000000005 0.12727272727272732 0.2 0.0 0.0 0.0727272727272728 0.10000000000000005 0.0 0.0 0.0 0.0 0.11818181818181825 0.1454545454545455 0.17272727272727276 0.1454545454545455 0.11818181818181825 0.09090909090909091 0.11818181818181825 0.027272727272727337 0.0 0.0181818181818182
0.30000000000000004 0.4181818181818183 0.0727272727272728 0.045454545454545456 0.0727272727272728 0.045454545454545456 0.10000000000000005 0.10000000000000005 0.0727272727272728 0.2 0.22727272727272727 0.10909090909090911 0.22727272727272727 0.13636363636363635 0.10909090909090911 0.10909090909090911 0.13636363636363635 0.10909090909090911 0.05454545454545456 0.08181818181818185 0.10909090909090911 0.13636363636363635 0.10909090909090911 0.08181818181818185 0.10909090909090911 0.19090909090909094 0.1636363636363637 0.13636363636363635 0.10909090909090911 0.0 0.0 0.13636363636363635 0.0363636363636364 0.0 0.0 0.11818181818181825 0.09090909090909091 0.06363636363636366 0.0 0.1454545454545455 0.11818181818181825 0.09090909090909091 0.0181818181818182 0.0 0.1454545454545455 0.0727272727272728 0.045454545454545456 0.0 0.12727272727272732 0.10000000000000005 0.045454545454545456 0.1636363636363637 0.0181818181818182 0.28181818181818186 0.30909090909090914 0.22727272727272727 0.25454545454545463 0.28181818181818186 0.0 0.0363636363636364 0.10909090909090911 0.13636363636363635 0.0 0.0181818181818182 0.13636363636363635 0.20909090909090916 0.21818181818181823 0.24545454545454548 0.045454545454545456 0.1636363636363637 0.0727272727272728 0.09090909090909091 0.13636363636363635 0.1636363636363637 0.19090909090909094 0.21818181818181823 0.24545454545454548 0.0727272727272728 0.10909090909090911 0.10909090909090911 0.13636363636363635 0.1636363636363637 0.19090909090909094 0.0 0.0 0.0 0.0 0.0363636363636364 0.0181818181818182 0.0 0.0 0.0 0.0181818181818182 0.28181818181818197 0.1454545454545455 0.17272727272727276 0.11818181818181825 0.09090909090909091 0.1454545454545455 0.11818181818181825 0.06363636363636366 0.09090909090909091 0.11818181818181825 0.1454545454545455 0.17272727272727276 0.1454545454545455 0.13636363636363635 0.0363636363636364 0.06363636363636366 0.09090909090909091 0.11818181818181825 0.027272727272727337 0.0 0.0 0.0 0.0 0.0 0.027272727272727337 0.0 0.0 0.0 0.0 0.0181818181818182 0.0 0.0 0.0 0.0 0.0 0.0 0.0 0.0 0.0 0.045454545454545456 0.1636363636363637 0.30909090909090914 0.33636363636363636 0.25454545454545463 0.28181818181818186 0.30909090909090914 0.0 0.0181818181818182 0.13636363636363635 0.1636363636363637 0.0 0.0 0.0 0.0181818181818182 0.19090909090909094 0.19090909090909094 0.21818181818181823 0.13636363636363635 0.13636363636363635 0.1636363636363637 0.19090909090909094 0.0 0.0 0.0181818181818182 0.045454545454545456 0.0 0.0 0.0 0.0 0.0181818181818182 0.045454545454545456 0.0727272727272728 0.0 0.0 0.0 0.0 0.0 0.0 0.0
0.3272727272727274 0.4 0.10000000000000005 0.027272727272727337 0.1454545454545455 0.11818181818181825 0.17272727272727276 0.12727272727272732 0.10000000000000005 0.22727272727272727 0.30000000000000004 0.13636363636363635 0.20909090909090916 0.11818181818181825 0.09090909090909091 0.18181818181818182 0.20909090909090916 0.13636363636363635 0.08181818181818185 0.15454545454545457 0.18181818181818182 0.11818181818181825 0.09090909090909091 0.06363636363636366 0.18181818181818182 0.17272727272727276 0.1454545454545455 0.11818181818181825 0.09090909090909091 0.10909090909090911 0.13636363636363635 0.1636363636363637 0.10909090909090911 0.08181818181818185 0.10909090909090911 0.19090909090909094 0.1636363636363637 0.13636363636363635 0.10909090909090911 0.21818181818181823 0.19090909090909094 0.1636363636363637 0.09090909090909091 0.06363636363636366 0.17272727272727276 0.1454545454545455 0.11818181818181825 0.09090909090909091 0.2 0.17272727272727276 0.0727272727272728 0.1454545454545455 0.045454545454545456 0.35454545454545455 0.38181818181818183 0.25454545454545463 0.3272727272727273 0.35454545454545455 0.0 0.06363636363636366 0.13636363636363635 0.20909090909090916 0.0 0.045454545454545456 0.11818181818181825 0.19090909090909103 0.2 0.3181818181818182 0.027272727272727337 0.1454545454545455 0.10000000000000005 0.11818181818181825 0.11818181818181825 0.23636363636363641 0.26363636363636367 0.29090909090909095 0.3181818181818182 0.10000000000000005 0.13636363636363635 0.13636363636363635 0.20909090909090916 0.23636363636363641 0.26363636363636367 0.0 0.0 0.0 0.0 0.06363636363636366 0.13636363636363635 0.0 0.0 0.0 0.045454545454545456 0.26363636363636367 0.12727272727272732 0.24545454545454548 0.10000000000000005 0.0727272727272728 0.12727272727272732 0.1454545454545455 0.045454545454545456 0.1636363636363637 0.19090909090909094 0.21818181818181823 0.24545454545454548 0.12727272727272732 0.1636363636363637 0.06363636363636366 0.13636363636363635 0.1636363636363637 0.19090909090909094 0.009090909090909139 0.0 0.0 0.0 0.0 0.06363636363636366 0.009090909090909139 0.0 0.0 0.0 0.09090909090909091 0.09090909090909091 0.06363636363636366 0.09090909090909091 0.027272727272727337 0.0 0.0 0.0 0.05454545454545459 0.027272727272727337 0.0 0.0727272727272728 0.1454545454545455 0.38181818181818183 0.4090909090909091 0.28181818181818186 0.35454545454545455 0.38181818181818183 0.0 0.045454545454545456 0.11818181818181825 0.23636363636363641 0.0 0.0 0.0 0.045454545454545456 0.17272727272727276 0.26363636363636367 0.29090909090909095 0.1636363636363637 0.1636363636363637 0.23636363636363641 0.26363636363636367 0.0 0.0 0.045454545454545456 0.11818181818181825 0.0 0.0 0.0 0.0 0.045454545454545456 0.11818181818181825 0.1454545454545455 0.027272727272727337 0.0 0.0 0.045454545454545456 0.0 0.0 0.0
0.390909090909091 0.4181818181818183 0.1636363636363637 0.045454545454545456 0.1636363636363637 0.045454545454545456 0.19090909090909094 0.19090909090909094 0.0727272727272728 0.10909090909090911 0.13636363636363635 0.2 0.22727272727272727 0.22727272727272727 0.0 0.0 0.0 0.10909090909090911 0.0 0.0 0.0 0.18181818181818182 0.10909090909090911 0.0363636363636364 0.0181818181818182 0.19090909090909094 0.1636363636363637 0.13636363636363635 0.0181818181818182 0.0 0.0 0.13636363636363635 0.0 0.0 0.0 0.20909090909090916 0.13636363636363635 0.0181818181818182 0.0 0.19090909090909094 0.1636363636363637 0.045454545454545456 0.0 0.0 0.23636363636363641 0.1636363636363637 0.045454545454545456 0.0 0.21818181818181823 0.19090909090909094 0.13636363636363635 0.1636363636363637 0.10909090909090911 0.23636363636363641 0.26363636363636367 0.18181818181818182 0.20909090909090916 0.23636363636363641 0.05454545454545456 0.12727272727272732 0.15454545454545457 0.18181818181818182 0.0363636363636364 0.15454545454545457 0.18181818181818182 0.30000000000000004 0.21818181818181823 0.24545454545454548 0.13636363636363635 0.1636363636363637 0.1636363636363637 0.13636363636363635 0.13636363636363635 0.1636363636363637 0.19090909090909094 0.21818181818181823 0.24545454545454548 0.1636363636363637 0.10909090909090911 0.10909090909090911 0.13636363636363635 0.1636363636363637 0.19090909090909094 0.13636363636363635 0.10909090909090911 0.08181818181818185 0.05454545454545456 0.08181818181818185 0.10909090909090911 0.13636363636363635 0.10909090909090911 0.08181818181818185 0.10909090909090911 0.28181818181818197 0.05454545454545459 0.08181818181818185 0.11818181818181825 0.0 0.1454545454545455 0.11818181818181825 0.0 0.0 0.027272727272727337 0.05454545454545459 0.08181818181818185 0.1454545454545455 0.13636363636363635 0.0 0.0 0.0 0.027272727272727337 0.11818181818181825 0.09090909090909091 0.06363636363636366 0.0363636363636364 0.0 0.0 0.11818181818181825 0.09090909090909091 0.06363636363636366 0.0 0.0 0.0 0.0 0.0 0.09090909090909091 0.0181818181818182 0.0 0.0 0.0727272727272728 0.045454545454545456 0.0 0.13636363636363635 0.1636363636363637 0.21818181818181823 0.24545454545454548 0.1636363636363637 0.19090909090909094 0.21818181818181823 0.0363636363636364 0.10909090909090911 0.13636363636363635 0.1636363636363637 0.0 0.0 0.0363636363636364 0.0181818181818182 0.1454545454545455 0.1454545454545455 0.17272727272727276 0.13636363636363635 0.09090909090909091 0.11818181818181825 0.1454545454545455 0.06363636363636366 0.0363636363636364 0.06363636363636366 0.09090909090909091 0.0 0.0 0.0 0.0 0.0 0.0 0.0 0.09090909090909091 0.0181818181818182 0.0 0.0 0.0 0.0 0.0
