0.005776004973062578 0.010541856610029009 0.0054133858267716535 0.009738914214670534 0.00940219643597182 0.005594695399917115 0.0065271446332366345 0.009350393700787402 0.01144840447575632 0.007019270617488603 0.0062681309573145464 0.005698300870285951 0.005439287194363863 0.007925818483215915 0.005387484459179445 0.008158930791545794 0.007925818483215915 0.005568794032324907 0.005853709075839204 0.007925818483215915 0.006242229589722337 0.006941566514711977 0.005983215913800249 0.006578947368421052 0.005568794032324907 0.007304185661002901 0.005361583091587236 0.005361583091587236 0.009920223787815997 0.0058796104434314135 0.005853709075839204 0.009687111479486117 0.009816618317447161 0.007071073352673021 0.008184832159138003 0.012044135930377124 0.008573352673021135 0.005750103605470369 0.00572420223787816 0.005905511811023622 0.0064235391628678 0.0052579776212184 0.009505801906340655 0.005465188561956071 0.005309780356402818 0.008832366348943224 0.010878574388727726 0.005206174886033982 0.0061386241193535016 0.00870285951098218 0.011836924989639452 0.008728760878574389 0.006501243265644426 0.005750103605470369 0.005516991297140489 0.006371736427683382 0.0060091172813924575 0.006812059676750933 0.0062681309573145464 0.005698300870285951 0.005672399502693742 0.0052579776212184 0.0064235391628678 0.0052838789888106094 0.008987774554496477 0.00916908412764194 0.009039577289680896 0.006682552838789888 0.007848114380439287 0.010438251139660175 0.007485495234148363 0.005801906340654786 0.005698300870285951 0.005491089929548281 0.010878574388727726 0.005594695399917115 0.005439287194363863 0.010127434728553668 0.010826771653543307 0.005491089929548281 0.008314338997099047 0.009505801906340655 0.012251346871114795 0.00867695814338997 0.006682552838789888 0.005232076253626192 0.006035018648984666 0.006449440530460008 0.005983215913800249 0.010645462080397844 0.006708454206382097 0.006708454206382097 0.0052579776212184 0.011292996270203066 0.011862826357231663 0.005853709075839204 0.008184832159138003 0.009894322420223789 0.012743472855366764 0.00937629506837961 0.006734355573974306 0.005905511811023622 0.00663075010360547 0.006371736427683382 0.006112722751761293 0.006060920016576875 0.005905511811023622 0.00826253626191463 0.006086821384169084 0.009117281392457521 0.007640903439701616 0.008780563613758806 0.00823663489432242 0.009039577289680896 0.006112722751761293 0.0071228760878574385 0.010308744301699129 0.0072523829258184834 0.006371736427683382 0.0052838789888106094 0.005698300870285951 0.006086821384169084 0.005983215913800249 0.006734355573974306 0.005983215913800249 0.006786158309158723 0.005646498135101533 0.007355988396187319 0.005232076253626192 0.005905511811023622 0.005801906340654786 0.006035018648984666 0.005491089929548281 0.007640903439701616 0.005698300870285951 0.005620596767509325 0.005594695399917115 0.0061386241193535016
0.1111111111111111 0.044444444444444446 0.2 0.28888888888888886 0.24444444444444444 0.15555555555555556 0.4222222222222222 0.37777777777777777 0.3333333333333333 0.28888888888888886 0.24444444444444444 0.4222222222222222 0.37777777777777777 0.17777777777777778 0.0 0.022222222222222223 0.0 0.15555555555555556 0.1111111111111111 0.06666666666666667 0.022222222222222223 0.13333333333333333 0.1111111111111111 0.06666666666666667 0.2 0.15555555555555556 0.1111111111111111 0.2 0.26666666666666666 0.022222222222222223 0.1111111111111111 0.0 0.0 0.0 0.0 0.0 0.0 0.06666666666666667 0.022222222222222223 0.0 0.0 0.15555555555555556 0.2222222222222222 0.0 0.06666666666666667 0.0 0.0 0.06666666666666667 0.06666666666666667 0.022222222222222223 0.0 0.0 0.022222222222222223 0.1111111111111111 0.06666666666666667 0.022222222222222223 0.0 0.06666666666666667 0.17777777777777778 0.15555555555555556 0.1111111111111111 0.24444444444444444 0.2 0.3333333333333333 0.4 0.0 0.06666666666666667 0.0 0.0 0.0 0.0 0.06666666666666667 0.0 0.28888888888888886 0.35555555555555557 0.1111111111111111 0.2 0.0 0.022222222222222223 0.2 0.0 0.0 0.0 0.0 0.022222222222222223 0.0 0.0 0.0 0.24444444444444444 0.3111111111111111 0.06666666666666667 0.15555555555555556 0.0 0.0 0.0 0.15555555555555556 0.0 0.0 0.0 0.0 0.0 0.0 0.0 0.0 0.0 0.26666666666666666 0.0 0.0 0.0 0.0 0.0 0.2222222222222222 0.06666666666666667 0.022222222222222223 0.06666666666666667 0.022222222222222223 0.0 0.0 0.0 0.022222222222222223 0.4444444444444444 0.022222222222222223 0.0 0.4 0.0 0.06666666666666667 0.0 0.0 0.0 0.35555555555555557 0.0 0.022222222222222223 0.0 0.0 0.0 0.022222222222222223 0.0 0.0
0.044444444444444446 0.0 0.13333333333333333 0.2222222222222222 0.17777777777777778 0.13333333333333333 0.35555555555555557 0.3111111111111111 0.26666666666666666 0.2222222222222222 0.17777777777777778 0.35555555555555557 0.3111111111111111 0.13333333333333333 0.0 0.0 0.0 0.08888888888888889 0.044444444444444446 0.0 0.0 0.08888888888888889 0.044444444444444446 0.0 0.13333333333333333 0.08888888888888889 0.044444444444444446 0.13333333333333333 0.2222222222222222 0.0 0.044444444444444446 0.0 0.0 0.0 0.0 0.0 0.0 0.0 0.0 0.0 0.0 0.08888888888888889 0.17777777777777778 0.0 0.0 0.0 0.0 0.044444444444444446 0.0 0.0 0.0 0.0 0.0 0.044444444444444446 0.0 0.0 0.0 0.0 0.13333333333333333 0.08888888888888889 0.044444444444444446 0.17777777777777778 0.13333333333333333 0.26666666666666666 0.35555555555555557 0.0 0.0 0.0 0.0 0.0 0.0 0.0 0.0 0.2222222222222222 0.3111111111111111 0.044444444444444446 0.13333333333333333 0.0 0.0 0.17777777777777778 0.0 0.0 0.0 0.0 0.0 0.0 0.0 0.0 0.17777777777777778 0.26666666666666666 0.0 0.08888888888888889 0.0 0.0 0.0 0.13333333333333333 0.0 0.0 0.0 0.0 0.0 0.0 0.0 0.0 0.0 0.2222222222222222 0.0 0.0 0.0 0.0 0.0 0.17777777777777778 0.0 0.0 0.0 0.0 0.0 0.0 0.0 0.0 0.4 0.0 0.0 0.35555555555555557 0.0 0.0 0.0 0.0 0.0 0.3111111111111111 0.0 0.0 0.0 0.0 0.0 0.0 0.0 0.0
0.2 0.13333333333333333 0.3333333333333333 0.4222222222222222 0.37777777777777777 0.24444444444444444 0.5555555555555556 0.5111111111111111 0.4666666666666667 0.4222222222222222 0.3333333333333333 0.5555555555555556 0.5111111111111111 0.26666666666666666 0.13333333333333333 0.2222222222222222 0.17777777777777778 0.35555555555555557 0.3111111111111111 0.26666666666666666 0.2222222222222222 0.2222222222222222 0.28888888888888886 0.24444444444444444 0.37777777777777777 0.3333333333333333 0.28888888888888886 0.28888888888888886 0.35555555555555557 0.17777777777777778 0.2222222222222222 0.044444444444444446 0.1111111111111111 0.13333333333333333 0.08888888888888889 0.06666666666666667 0.13333333333333333 0.17777777777777778 0.17777777777777778 0.13333333333333333 0.08888888888888889 0.24444444444444444 0.3111111111111111 0.15555555555555556 0.2 0.1111111111111111 0.08888888888888889 0.2 0.24444444444444444 0.2 0.15555555555555556 0.1111111111111111 0.15555555555555556 0.28888888888888886 0.24444444444444444 0.2 0.15555555555555556 0.2222222222222222 0.26666666666666666 0.28888888888888886 0.24444444444444444 0.37777777777777777 0.3333333333333333 0.4222222222222222 0.4888888888888889 0.1111111111111111 0.2 0.0 0.0 0.044444444444444446 0.1111111111111111 0.15555555555555556 0.0 0.37777777777777777 0.4444444444444444 0.24444444444444444 0.3111111111111111 0.08888888888888889 0.15555555555555556 0.28888888888888886 0.0 0.0 0.022222222222222223 0.08888888888888889 0.1111111111111111 0.0 0.0 0.044444444444444446 0.3333333333333333 0.4 0.2 0.26666666666666666 0.08888888888888889 0.06666666666666667 0.13333333333333333 0.24444444444444444 0.044444444444444446 0.022222222222222223 0.0 0.06666666666666667 0.08888888888888889 0.06666666666666667 0.044444444444444446 0.022222222222222223 0.08888888888888889 0.35555555555555557 0.13333333333333333 0.1111111111111111 0.08888888888888889 0.06666666666666667 0.044444444444444446 0.3111111111111111 0.2 0.17777777777777778 0.2 0.15555555555555556 0.13333333333333333 0.1111111111111111 0.044444444444444446 0.15555555555555556 0.5333333333333333 0.15555555555555556 0.06666666666666667 0.4888888888888889 0.1111111111111111 0.2 0.0 0.044444444444444446 0.1111111111111111 0.4444444444444444 0.08888888888888889 0.15555555555555556 0.044444444444444446 0.022222222222222223 0.08888888888888889 0.15555555555555556 0.13333333333333333 0.08888888888888889
0.28888888888888886 0.2222222222222222 0.4222222222222222 0.5555555555555556 0.4888888888888889 0.37777777777777777 0.6888888888888889 0.6444444444444445 0.6 0.5111111111111111 0.4444444444444444 0.6888888888888889 0.6444444444444445 0.35555555555555557 0.2222222222222222 0.35555555555555557 0.28888888888888886 0.4888888888888889 0.4444444444444444 0.4 0.3111111111111111 0.3111111111111111 0.4222222222222222 0.35555555555555557 0.5111111111111111 0.4666666666666667 0.37777777777777777 0.4 0.4444444444444444 0.3111111111111111 0.35555555555555557 0.2222222222222222 0.26666666666666666 0.35555555555555557 0.3111111111111111 0.26666666666666666 0.3111111111111111 0.35555555555555557 0.4 0.35555555555555557 0.3111111111111111 0.3333333333333333 0.4 0.24444444444444444 0.28888888888888886 0.28888888888888886 0.2222222222222222 0.3333333333333333 0.4222222222222222 0.37777777777777777 0.3333333333333333 0.24444444444444444 0.28888888888888886 0.4666666666666667 0.4222222222222222 0.37777777777777777 0.28888888888888886 0.4 0.35555555555555557 0.4444444444444444 0.37777777777777777 0.5333333333333333 0.4888888888888889 0.5111111111111111 0.5777777777777777 0.28888888888888886 0.3333333333333333 0.08888888888888889 0.15555555555555556 0.2222222222222222 0.24444444444444444 0.28888888888888886 0.17777777777777778 0.4666666666666667 0.5333333333333333 0.35555555555555557 0.4 0.26666666666666666 0.3111111111111111 0.4444444444444444 0.15555555555555556 0.13333333333333333 0.2 0.2222222222222222 0.26666666666666666 0.17777777777777778 0.15555555555555556 0.2222222222222222 0.4222222222222222 0.4888888888888889 0.3333333333333333 0.37777777777777777 0.28888888888888886 0.24444444444444444 0.28888888888888886 0.4222222222222222 0.24444444444444444 0.2 0.17777777777777778 0.2 0.24444444444444444 0.28888888888888886 0.24444444444444444 0.2 0.24444444444444444 0.4444444444444444 0.3111111111111111 0.24444444444444444 0.26666666666666666 0.24444444444444444 0.17777777777777778 0.4 0.37777777777777777 0.3111111111111111 0.37777777777777777 0.3333333333333333 0.3111111111111111 0.24444444444444444 0.17777777777777778 0.3333333333333333 0.6222222222222222 0.3111111111111111 0.24444444444444444 0.5777777777777777 0.28888888888888886 0.3333333333333333 0.15555555555555556 0.2222222222222222 0.24444444444444444 0.5333333333333333 0.26666666666666666 0.3111111111111111 0.2222222222222222 0.2 0.2222222222222222 0.3333333333333333 0.26666666666666666 0.26666666666666666
0.24444444444444444 0.17777777777777778 0.37777777777777777 0.4888888888888889 0.4444444444444444 0.3333333333333333 0.6222222222222222 0.5777777777777777 0.5333333333333333 0.4888888888888889 0.4 0.6222222222222222 0.5777777777777777 0.3111111111111111 0.17777777777777778 0.28888888888888886 0.24444444444444444 0.4222222222222222 0.37777777777777777 0.3333333333333333 0.28888888888888886 0.26666666666666666 0.35555555555555557 0.3111111111111111 0.4444444444444444 0.4 0.35555555555555557 0.3333333333333333 0.4 0.24444444444444444 0.28888888888888886 0.13333333333333333 0.2 0.24444444444444444 0.2 0.15555555555555556 0.24444444444444444 0.28888888888888886 0.28888888888888886 0.24444444444444444 0.2 0.3111111111111111 0.35555555555555557 0.2222222222222222 0.26666666666666666 0.2222222222222222 0.17777777777777778 0.3111111111111111 0.35555555555555557 0.3111111111111111 0.26666666666666666 0.2222222222222222 0.26666666666666666 0.4 0.35555555555555557 0.3111111111111111 0.24444444444444444 0.3333333333333333 0.3111111111111111 0.37777777777777777 0.3333333333333333 0.4666666666666667 0.4222222222222222 0.4666666666666667 0.5333333333333333 0.2 0.26666666666666666 0.0 0.06666666666666667 0.13333333333333333 0.2 0.2222222222222222 0.08888888888888889 0.4222222222222222 0.4888888888888889 0.28888888888888886 0.35555555555555557 0.17777777777777778 0.24444444444444444 0.37777777777777777 0.06666666666666667 0.044444444444444446 0.1111111111111111 0.17777777777777778 0.2 0.08888888888888889 0.06666666666666667 0.13333333333333333 0.37777777777777777 0.4444444444444444 0.26666666666666666 0.3111111111111111 0.17777777777777778 0.15555555555555556 0.2222222222222222 0.35555555555555557 0.13333333333333333 0.1111111111111111 0.08888888888888889 0.15555555555555556 0.17777777777777778 0.17777777777777778 0.13333333333333333 0.1111111111111111 0.17777777777777778 0.4 0.24444444444444444 0.2 0.2 0.15555555555555556 0.13333333333333333 0.35555555555555557 0.3111111111111111 0.26666666666666666 0.3111111111111111 0.26666666666666666 0.2222222222222222 0.2 0.13333333333333333 0.26666666666666666 0.5777777777777777 0.2222222222222222 0.15555555555555556 0.5333333333333333 0.2 0.26666666666666666 0.06666666666666667 0.13333333333333333 0.2 0.4888888888888889 0.17777777777777778 0.24444444444444444 0.13333333333333333 0.1111111111111111 0.17777777777777778 0.26666666666666666 0.2222222222222222 0.17777777777777778
0.15555555555555556 0.13333333333333333 0.24444444444444444 0.37777777777777777 0.3333333333333333 0.3333333333333333 0.5111111111111111 0.4666666666666667 0.4222222222222222 0.37777777777777777 0.3333333333333333 0.5111111111111111 0.4666666666666667 0.26666666666666666 0.044444444444444446 0.13333333333333333 0.1111111111111111 0.24444444444444444 0.2 0.15555555555555556 0.13333333333333333 0.2222222222222222 0.2 0.17777777777777778 0.28888888888888886 0.24444444444444444 0.2 0.24444444444444444 0.35555555555555557 0.08888888888888889 0.17777777777777778 0.0 0.06666666666666667 0.06666666666666667 0.044444444444444446 0.022222222222222223 0.08888888888888889 0.15555555555555556 0.1111111111111111 0.06666666666666667 0.044444444444444446 0.2 0.3111111111111111 0.06666666666666667 0.13333333333333333 0.06666666666666667 0.044444444444444446 0.24444444444444444 0.15555555555555556 0.1111111111111111 0.08888888888888889 0.06666666666666667 0.13333333333333333 0.2 0.15555555555555556 0.1111111111111111 0.1111111111111111 0.17777777777777778 0.26666666666666666 0.3111111111111111 0.26666666666666666 0.4 0.35555555555555557 0.37777777777777777 0.4888888888888889 0.06666666666666667 0.15555555555555556 0.0 0.0 0.0 0.06666666666666667 0.15555555555555556 0.0 0.3333333333333333 0.4444444444444444 0.15555555555555556 0.26666666666666666 0.044444444444444446 0.1111111111111111 0.37777777777777777 0.0 0.0 0.0 0.044444444444444446 0.1111111111111111 0.0 0.0 0.0 0.28888888888888886 0.4 0.1111111111111111 0.2222222222222222 0.044444444444444446 0.022222222222222223 0.08888888888888889 0.3333333333333333 0.0 0.0 0.0 0.022222222222222223 0.08888888888888889 0.022222222222222223 0.0 0.0 0.044444444444444446 0.35555555555555557 0.08888888888888889 0.06666666666666667 0.044444444444444446 0.022222222222222223 0.0 0.3111111111111111 0.15555555555555556 0.13333333333333333 0.15555555555555556 0.1111111111111111 0.08888888888888889 0.06666666666666667 0.044444444444444446 0.1111111111111111 0.5333333333333333 0.1111111111111111 0.022222222222222223 0.4888888888888889 0.06666666666666667 0.15555555555555556 0.0 0.0 0.06666666666666667 0.4444444444444444 0.044444444444444446 0.1111111111111111 0.0 0.0 0.044444444444444446 0.1111111111111111 0.08888888888888889 0.044444444444444446
0.4222222222222222 0.35555555555555557 0.5555555555555556 0.6888888888888889 0.6222222222222222 0.5111111111111111 0.8888888888888888 0.8222222222222222 0.7555555555555555 0.6888888888888889 0.6222222222222222 0.8444444444444444 0.7777777777777778 0.4888888888888889 0.35555555555555557 0.4888888888888889 0.4222222222222222 0.6888888888888889 0.6222222222222222 0.5555555555555556 0.4888888888888889 0.4444444444444444 0.5555555555555556 0.4888888888888889 0.6888888888888889 0.6222222222222222 0.5555555555555556 0.5111111111111111 0.5777777777777777 0.4 0.4444444444444444 0.35555555555555557 0.37777777777777777 0.5555555555555556 0.4888888888888889 0.4222222222222222 0.4444444444444444 0.4666666666666667 0.6 0.5111111111111111 0.4444444444444444 0.4666666666666667 0.5333333333333333 0.37777777777777777 0.4 0.4222222222222222 0.35555555555555557 0.4222222222222222 0.6222222222222222 0.5555555555555556 0.4888888888888889 0.4222222222222222 0.4444444444444444 0.6666666666666666 0.5777777777777777 0.5111111111111111 0.4222222222222222 0.5555555555555556 0.4888888888888889 0.5777777777777777 0.5111111111111111 0.7111111111111111 0.6444444444444445 0.6666666666666666 0.7111111111111111 0.4888888888888889 0.5333333333333333 0.35555555555555557 0.4 0.4444444444444444 0.4888888888888889 0.5333333333333333 0.4444444444444444 0.6 0.6666666666666666 0.5111111111111111 0.5555555555555556 0.4222222222222222 0.4666666666666667 0.6 0.4222222222222222 0.35555555555555557 0.37777777777777777 0.4222222222222222 0.4666666666666667 0.4666666666666667 0.37777777777777777 0.4222222222222222 0.5555555555555556 0.6222222222222222 0.4444444444444444 0.4888888888888889 0.4444444444444444 0.37777777777777777 0.4 0.5333333333333333 0.4888888888888889 0.4222222222222222 0.35555555555555557 0.37777777777777777 0.4 0.5333333333333333 0.4444444444444444 0.37777777777777777 0.4 0.5777777777777777 0.4444444444444444 0.37777777777777777 0.4888888888888889 0.4222222222222222 0.35555555555555557 0.5333333333333333 0.5111111111111111 0.4444444444444444 0.6222222222222222 0.5555555555555556 0.4888888888888889 0.4222222222222222 0.35555555555555557 0.5111111111111111 0.7555555555555555 0.5111111111111111 0.4666666666666667 0.7111111111111111 0.4444444444444444 0.4888888888888889 0.37777777777777777 0.4 0.4444444444444444 0.6666666666666666 0.4 0.4222222222222222 0.4444444444444444 0.37777777777777777 0.4 0.4666666666666667 0.4 0.4444444444444444
0.37777777777777777 0.3111111111111111 0.5111111111111111 0.6444444444444445 0.5777777777777777 0.4666666666666667 0.8222222222222222 0.7777777777777778 0.7111111111111111 0.6444444444444445 0.5777777777777777 0.8222222222222222 0.7333333333333333 0.4444444444444444 0.3111111111111111 0.4444444444444444 0.37777777777777777 0.6222222222222222 0.5777777777777777 0.5111111111111111 0.4444444444444444 0.4 0.5111111111111111 0.4444444444444444 0.6444444444444445 0.5777777777777777 0.5111111111111111 0.4666666666666667 0.5333333333333333 0.35555555555555557 0.4 0.3111111111111111 0.3333333333333333 0.4888888888888889 0.4444444444444444 0.37777777777777777 0.4 0.4444444444444444 0.5333333333333333 0.4888888888888889 0.4 0.4222222222222222 0.4888888888888889 0.3333333333333333 0.35555555555555557 0.37777777777777777 0.3111111111111111 0.37777777777777777 0.5555555555555556 0.5111111111111111 0.4444444444444444 0.37777777777777777 0.4 0.6 0.5555555555555556 0.4666666666666667 0.37777777777777777 0.5111111111111111 0.4444444444444444 0.5333333333333333 0.4666666666666667 0.6666666666666666 0.6 0.6 0.6666666666666666 0.4222222222222222 0.4666666666666667 0.26666666666666666 0.3333333333333333 0.37777777777777777 0.4222222222222222 0.4666666666666667 0.37777777777777777 0.5777777777777777 0.6222222222222222 0.4888888888888889 0.5333333333333333 0.4 0.4444444444444444 0.5777777777777777 0.35555555555555557 0.3111111111111111 0.35555555555555557 0.4 0.4444444444444444 0.4 0.35555555555555557 0.4 0.5111111111111111 0.5777777777777777 0.4222222222222222 0.4666666666666667 0.4222222222222222 0.3333333333333333 0.37777777777777777 0.5111111111111111 0.4222222222222222 0.37777777777777777 0.3111111111111111 0.3333333333333333 0.37777777777777777 0.4666666666666667 0.4222222222222222 0.3333333333333333 0.37777777777777777 0.5333333333333333 0.4 0.3333333333333333 0.4444444444444444 0.37777777777777777 0.3111111111111111 0.4888888888888889 0.4666666666666667 0.4 0.5555555555555556 0.5111111111111111 0.4444444444444444 0.37777777777777777 0.3111111111111111 0.4666666666666667 0.7111111111111111 0.4444444444444444 0.4 0.6666666666666666 0.4222222222222222 0.4666666666666667 0.3333333333333333 0.37777777777777777 0.4222222222222222 0.6222222222222222 0.35555555555555557 0.4 0.4 0.3333333333333333 0.35555555555555557 0.4222222222222222 0.35555555555555557 0.4
0.3333333333333333 0.26666666666666666 0.4666666666666667 0.6 0.5333333333333333 0.4222222222222222 0.7555555555555555 0.7111111111111111 0.6666666666666666 0.6 0.5333333333333333 0.7555555555555555 0.7111111111111111 0.4 0.26666666666666666 0.4 0.3333333333333333 0.5555555555555556 0.5111111111111111 0.4666666666666667 0.4 0.35555555555555557 0.4666666666666667 0.4 0.5777777777777777 0.5333333333333333 0.4666666666666667 0.4222222222222222 0.4888888888888889 0.3333333333333333 0.37777777777777777 0.26666666666666666 0.28888888888888886 0.4222222222222222 0.37777777777777777 0.3333333333333333 0.37777777777777777 0.4222222222222222 0.4666666666666667 0.4222222222222222 0.37777777777777777 0.37777777777777777 0.4444444444444444 0.28888888888888886 0.3111111111111111 0.3333333333333333 0.26666666666666666 0.35555555555555557 0.4888888888888889 0.4444444444444444 0.4 0.3333333333333333 0.35555555555555557 0.5333333333333333 0.4888888888888889 0.4444444444444444 0.3333333333333333 0.4666666666666667 0.4 0.4888888888888889 0.4222222222222222 0.6 0.5555555555555556 0.5555555555555556 0.6222222222222222 0.35555555555555557 0.4 0.17777777777777778 0.24444444444444444 0.3111111111111111 0.35555555555555557 0.4 0.26666666666666666 0.5111111111111111 0.5777777777777777 0.4222222222222222 0.4666666666666667 0.3333333333333333 0.37777777777777777 0.5111111111111111 0.24444444444444444 0.2222222222222222 0.28888888888888886 0.3333333333333333 0.37777777777777777 0.28888888888888886 0.24444444444444444 0.3333333333333333 0.4888888888888889 0.5333333333333333 0.4 0.4444444444444444 0.35555555555555557 0.3111111111111111 0.35555555555555557 0.4888888888888889 0.35555555555555557 0.3111111111111111 0.26666666666666666 0.3111111111111111 0.35555555555555557 0.4 0.35555555555555557 0.3111111111111111 0.35555555555555557 0.4888888888888889 0.37777777777777777 0.28888888888888886 0.37777777777777777 0.3333333333333333 0.26666666666666666 0.4444444444444444 0.4444444444444444 0.35555555555555557 0.4888888888888889 0.4444444444444444 0.4 0.3333333333333333 0.26666666666666666 0.4444444444444444 0.6666666666666666 0.37777777777777777 0.3333333333333333 0.6222222222222222 0.35555555555555557 0.4 0.24444444444444444 0.3111111111111111 0.35555555555555557 0.5777777777777777 0.3333333333333333 0.37777777777777777 0.3333333333333333 0.28888888888888886 0.3333333333333333 0.4 0.3111111111111111 0.35555555555555557
0.28888888888888886 0.2222222222222222 0.4222222222222222 0.5111111111111111 0.4888888888888889 0.37777777777777777 0.6888888888888889 0.6444444444444445 0.6 0.5555555555555556 0.4888888888888889 0.6888888888888889 0.6444444444444445 0.35555555555555557 0.2222222222222222 0.3111111111111111 0.28888888888888886 0.4888888888888889 0.4444444444444444 0.4 0.35555555555555557 0.3111111111111111 0.37777777777777777 0.35555555555555557 0.5111111111111111 0.4666666666666667 0.4222222222222222 0.37777777777777777 0.4444444444444444 0.26666666666666666 0.3111111111111111 0.17777777777777778 0.24444444444444444 0.3111111111111111 0.26666666666666666 0.24444444444444444 0.3111111111111111 0.35555555555555557 0.35555555555555557 0.3111111111111111 0.26666666666666666 0.3333333333333333 0.4 0.24444444444444444 0.28888888888888886 0.24444444444444444 0.2222222222222222 0.3333333333333333 0.4222222222222222 0.37777777777777777 0.3333333333333333 0.28888888888888886 0.3333333333333333 0.4666666666666667 0.4222222222222222 0.37777777777777777 0.28888888888888886 0.4 0.35555555555555557 0.4 0.37777777777777777 0.5333333333333333 0.4888888888888889 0.5111111111111111 0.5777777777777777 0.24444444444444444 0.3333333333333333 0.08888888888888889 0.15555555555555556 0.2222222222222222 0.28888888888888886 0.3333333333333333 0.17777777777777778 0.4666666666666667 0.5333333333333333 0.35555555555555557 0.4 0.2222222222222222 0.3111111111111111 0.4444444444444444 0.15555555555555556 0.13333333333333333 0.2 0.26666666666666666 0.3111111111111111 0.17777777777777778 0.15555555555555556 0.2222222222222222 0.4222222222222222 0.4888888888888889 0.3333333333333333 0.37777777777777777 0.24444444444444444 0.2 0.28888888888888886 0.4222222222222222 0.24444444444444444 0.2 0.17777777777777778 0.24444444444444444 0.28888888888888886 0.28888888888888886 0.24444444444444444 0.2 0.28888888888888886 0.4444444444444444 0.3111111111111111 0.26666666666666666 0.3111111111111111 0.26666666666666666 0.2222222222222222 0.4 0.37777777777777777 0.3333333333333333 0.4222222222222222 0.37777777777777777 0.3333333333333333 0.28888888888888886 0.2222222222222222 0.37777777777777777 0.6222222222222222 0.26666666666666666 0.24444444444444444 0.5777777777777777 0.24444444444444444 0.3333333333333333 0.15555555555555556 0.2222222222222222 0.28888888888888886 0.5333333333333333 0.2222222222222222 0.3111111111111111 0.2222222222222222 0.2 0.26666666666666666 0.3333333333333333 0.28888888888888886 0.28888888888888886
0.24444444444444444 0.17777777777777778 0.3333333333333333 0.4444444444444444 0.4 0.3333333333333333 0.6222222222222222 0.5777777777777777 0.5333333333333333 0.4888888888888889 0.4444444444444444 0.6222222222222222 0.5777777777777777 0.3111111111111111 0.13333333333333333 0.2222222222222222 0.2 0.37777777777777777 0.3333333333333333 0.28888888888888886 0.26666666666666666 0.26666666666666666 0.3111111111111111 0.26666666666666666 0.4444444444444444 0.4 0.35555555555555557 0.3333333333333333 0.4 0.17777777777777778 0.26666666666666666 0.08888888888888889 0.15555555555555556 0.2 0.17777777777777778 0.15555555555555556 0.2222222222222222 0.28888888888888886 0.24444444444444444 0.2 0.17777777777777778 0.28888888888888886 0.35555555555555557 0.15555555555555556 0.2222222222222222 0.15555555555555556 0.13333333333333333 0.26666666666666666 0.3111111111111111 0.26666666666666666 0.2222222222222222 0.2 0.26666666666666666 0.35555555555555557 0.3111111111111111 0.26666666666666666 0.2 0.3333333333333333 0.3111111111111111 0.3333333333333333 0.28888888888888886 0.4666666666666667 0.4222222222222222 0.4666666666666667 0.5333333333333333 0.15555555555555556 0.2222222222222222 0.0 0.06666666666666667 0.13333333333333333 0.2 0.26666666666666666 0.08888888888888889 0.4222222222222222 0.4888888888888889 0.24444444444444444 0.35555555555555557 0.13333333333333333 0.2 0.37777777777777777 0.06666666666666667 0.044444444444444446 0.1111111111111111 0.17777777777777778 0.24444444444444444 0.08888888888888889 0.06666666666666667 0.13333333333333333 0.37777777777777777 0.4444444444444444 0.2222222222222222 0.3111111111111111 0.13333333333333333 0.1111111111111111 0.17777777777777778 0.35555555555555557 0.13333333333333333 0.1111111111111111 0.08888888888888889 0.15555555555555556 0.2222222222222222 0.17777777777777778 0.13333333333333333 0.1111111111111111 0.17777777777777778 0.4 0.2 0.15555555555555556 0.2 0.15555555555555556 0.13333333333333333 0.35555555555555557 0.3111111111111111 0.26666666666666666 0.35555555555555557 0.3111111111111111 0.26666666666666666 0.2222222222222222 0.17777777777777778 0.3111111111111111 0.5777777777777777 0.17777777777777778 0.15555555555555556 0.5333333333333333 0.15555555555555556 0.2222222222222222 0.06666666666666667 0.13333333333333333 0.2 0.4888888888888889 0.13333333333333333 0.2 0.13333333333333333 0.1111111111111111 0.17777777777777778 0.2222222222222222 0.17777777777777778 0.17777777777777778
0.4222222222222222 0.35555555555555557 0.5555555555555556 0.6888888888888889 0.6222222222222222 0.5111111111111111 0.8444444444444444 0.8222222222222222 0.7555555555555555 0.6888888888888889 0.6222222222222222 0.8888888888888888 0.8222222222222222 0.4888888888888889 0.35555555555555557 0.4888888888888889 0.4222222222222222 0.6444444444444445 0.6222222222222222 0.5555555555555556 0.4888888888888889 0.4444444444444444 0.5555555555555556 0.4888888888888889 0.6888888888888889 0.6222222222222222 0.5555555555555556 0.5111111111111111 0.5777777777777777 0.4 0.4444444444444444 0.35555555555555557 0.37777777777777777 0.5111111111111111 0.4888888888888889 0.4222222222222222 0.4444444444444444 0.4666666666666667 0.6 0.5555555555555556 0.4888888888888889 0.4666666666666667 0.5333333333333333 0.37777777777777777 0.4 0.4222222222222222 0.35555555555555557 0.4222222222222222 0.5777777777777777 0.5555555555555556 0.4888888888888889 0.4222222222222222 0.4444444444444444 0.6666666666666666 0.6222222222222222 0.5555555555555556 0.4222222222222222 0.5555555555555556 0.4888888888888889 0.5777777777777777 0.5111111111111111 0.7111111111111111 0.6444444444444445 0.6444444444444445 0.7111111111111111 0.4444444444444444 0.4888888888888889 0.3111111111111111 0.37777777777777777 0.4 0.4444444444444444 0.4888888888888889 0.4444444444444444 0.6 0.6666666666666666 0.5111111111111111 0.5555555555555556 0.4222222222222222 0.4666666666666667 0.6 0.37777777777777777 0.35555555555555557 0.37777777777777777 0.4222222222222222 0.4666666666666667 0.4666666666666667 0.4222222222222222 0.4666666666666667 0.5555555555555556 0.6222222222222222 0.4444444444444444 0.4888888888888889 0.4444444444444444 0.37777777777777777 0.4 0.5333333333333333 0.4444444444444444 0.4222222222222222 0.35555555555555557 0.37777777777777777 0.4 0.5333333333333333 0.4888888888888889 0.4222222222222222 0.4444444444444444 0.5777777777777777 0.4444444444444444 0.37777777777777777 0.4888888888888889 0.4222222222222222 0.35555555555555557 0.5333333333333333 0.5111111111111111 0.4444444444444444 0.5777777777777777 0.5555555555555556 0.4888888888888889 0.4222222222222222 0.35555555555555557 0.5555555555555556 0.7555555555555555 0.5111111111111111 0.4666666666666667 0.7111111111111111 0.4888888888888889 0.5333333333333333 0.4 0.4444444444444444 0.4888888888888889 0.6666666666666666 0.4222222222222222 0.4666666666666667 0.4666666666666667 0.37777777777777777 0.4222222222222222 0.4888888888888889 0.4 0.4444444444444444
0.37777777777777777 0.3111111111111111 0.5111111111111111 0.6444444444444445 0.5777777777777777 0.4666666666666667 0.7777777777777778 0.7333333333333333 0.7111111111111111 0.6444444444444445 0.5777777777777777 0.8222222222222222 0.7777777777777778 0.4444444444444444 0.3111111111111111 0.4444444444444444 0.37777777777777777 0.5777777777777777 0.5333333333333333 0.5111111111111111 0.4444444444444444 0.4 0.5111111111111111 0.4444444444444444 0.6 0.5777777777777777 0.5111111111111111 0.4666666666666667 0.5333333333333333 0.35555555555555557 0.4 0.3111111111111111 0.3333333333333333 0.4444444444444444 0.4 0.37777777777777777 0.4 0.4444444444444444 0.5333333333333333 0.4888888888888889 0.4444444444444444 0.4222222222222222 0.4888888888888889 0.3333333333333333 0.35555555555555557 0.37777777777777777 0.3111111111111111 0.37777777777777777 0.5111111111111111 0.4666666666666667 0.4444444444444444 0.37777777777777777 0.4 0.6 0.5555555555555556 0.5111111111111111 0.37777777777777777 0.5111111111111111 0.4444444444444444 0.5333333333333333 0.4666666666666667 0.6222222222222222 0.6 0.6 0.6666666666666666 0.37777777777777777 0.4222222222222222 0.2222222222222222 0.28888888888888886 0.35555555555555557 0.37777777777777777 0.4222222222222222 0.35555555555555557 0.5555555555555556 0.6222222222222222 0.4444444444444444 0.4888888888888889 0.35555555555555557 0.4 0.5333333333333333 0.28888888888888886 0.26666666666666666 0.3333333333333333 0.35555555555555557 0.4 0.35555555555555557 0.3333333333333333 0.4 0.5111111111111111 0.5777777777777777 0.4222222222222222 0.4666666666666667 0.37777777777777777 0.3333333333333333 0.37777777777777777 0.5111111111111111 0.37777777777777777 0.3333333333333333 0.3111111111111111 0.3333333333333333 0.37777777777777777 0.4666666666666667 0.4222222222222222 0.37777777777777777 0.4222222222222222 0.5333333333333333 0.4 0.3333333333333333 0.4 0.37777777777777777 0.3111111111111111 0.4888888888888889 0.4666666666666667 0.4 0.5111111111111111 0.4666666666666667 0.4444444444444444 0.37777777777777777 0.3111111111111111 0.5111111111111111 0.7111111111111111 0.4444444444444444 0.4 0.6666666666666666 0.4222222222222222 0.4666666666666667 0.28888888888888886 0.37777777777777777 0.4222222222222222 0.6222222222222222 0.4 0.4444444444444444 0.4 0.35555555555555557 0.4 0.4666666666666667 0.37777777777777777 0.4222222222222222
0.17777777777777778 0.13333333333333333 0.26666666666666666 0.35555555555555557 0.3111111111111111 0.26666666666666666 0.4888888888888889 0.4444444444444444 0.4 0.35555555555555557 0.3111111111111111 0.4888888888888889 0.4444444444444444 0.3333333333333333 0.13333333333333333 0.17777777777777778 0.15555555555555556 0.28888888888888886 0.24444444444444444 0.2 0.17777777777777778 0.26666666666666666 0.2222222222222222 0.2 0.3111111111111111 0.26666666666666666 0.2222222222222222 0.35555555555555557 0.4222222222222222 0.2222222222222222 0.28888888888888886 0.044444444444444446 0.1111111111111111 0.1111111111111111 0.08888888888888889 0.06666666666666667 0.13333333333333333 0.2 0.15555555555555556 0.1111111111111111 0.08888888888888889 0.3111111111111111 0.37777777777777777 0.17777777777777778 0.24444444444444444 0.1111111111111111 0.08888888888888889 0.24444444444444444 0.2 0.15555555555555556 0.13333333333333333 0.1111111111111111 0.17777777777777778 0.24444444444444444 0.2 0.15555555555555556 0.1111111111111111 0.15555555555555556 0.24444444444444444 0.2222222222222222 0.2 0.28888888888888886 0.24444444444444444 0.4888888888888889 0.5555555555555556 0.13333333333333333 0.24444444444444444 0.0 0.0 0.044444444444444446 0.13333333333333333 0.2 0.0 0.4444444444444444 0.5111111111111111 0.3111111111111111 0.37777777777777777 0.08888888888888889 0.2 0.37777777777777777 0.0 0.0 0.022222222222222223 0.08888888888888889 0.15555555555555556 0.0 0.0 0.044444444444444446 0.4 0.4666666666666667 0.26666666666666666 0.3333333333333333 0.08888888888888889 0.06666666666666667 0.15555555555555556 0.3333333333333333 0.044444444444444446 0.022222222222222223 0.0 0.06666666666666667 0.13333333333333333 0.06666666666666667 0.044444444444444446 0.022222222222222223 0.08888888888888889 0.4222222222222222 0.13333333333333333 0.1111111111111111 0.08888888888888889 0.06666666666666667 0.044444444444444446 0.3333333333333333 0.17777777777777778 0.15555555555555556 0.15555555555555556 0.1111111111111111 0.08888888888888889 0.06666666666666667 0.044444444444444446 0.1111111111111111 0.6 0.17777777777777778 0.06666666666666667 0.5555555555555556 0.13333333333333333 0.24444444444444444 0.0 0.044444444444444446 0.13333333333333333 0.5111111111111111 0.08888888888888889 0.2 0.044444444444444446 0.022222222222222223 0.08888888888888889 0.17777777777777778 0.15555555555555556 0.08888888888888889
0.0 0.0 0.13333333333333333 0.2222222222222222 0.17777777777777778 0.044444444444444446 0.35555555555555557 0.3111111111111111 0.26666666666666666 0.2222222222222222 0.13333333333333333 0.35555555555555557 0.3111111111111111 0.13333333333333333 0.0 0.08888888888888889 0.044444444444444446 0.2222222222222222 0.17777777777777778 0.13333333333333333 0.08888888888888889 0.044444444444444446 0.13333333333333333 0.08888888888888889 0.2222222222222222 0.17777777777777778 0.13333333333333333 0.17777777777777778 0.2222222222222222 0.08888888888888889 0.13333333333333333 0.0 0.0 0.044444444444444446 0.0 0.0 0.044444444444444446 0.08888888888888889 0.08888888888888889 0.044444444444444446 0.0 0.13333333333333333 0.17777777777777778 0.044444444444444446 0.08888888888888889 0.0 0.0 0.08888888888888889 0.13333333333333333 0.08888888888888889 0.044444444444444446 0.0 0.044444444444444446 0.17777777777777778 0.13333333333333333 0.08888888888888889 0.0 0.08888888888888889 0.044444444444444446 0.13333333333333333 0.08888888888888889 0.2222222222222222 0.17777777777777778 0.3111111111111111 0.35555555555555557 0.044444444444444446 0.13333333333333333 0.0 0.0 0.0 0.044444444444444446 0.08888888888888889 0.0 0.26666666666666666 0.3111111111111111 0.17777777777777778 0.2222222222222222 0.0 0.08888888888888889 0.2222222222222222 0.0 0.0 0.0 0.0 0.044444444444444446 0.0 0.0 0.0 0.2222222222222222 0.26666666666666666 0.13333333333333333 0.17777777777777778 0.0 0.0 0.044444444444444446 0.17777777777777778 0.0 0.0 0.0 0.0 0.0 0.0 0.0 0.0 0.0 0.2222222222222222 0.044444444444444446 0.0 0.0 0.0 0.0 0.13333333333333333 0.08888888888888889 0.044444444444444446 0.08888888888888889 0.044444444444444446 0.0 0.0 0.0 0.044444444444444446 0.4 0.08888888888888889 0.0 0.35555555555555557 0.044444444444444446 0.13333333333333333 0.0 0.0 0.044444444444444446 0.3111111111111111 0.0 0.08888888888888889 0.0 0.0 0.0 0.08888888888888889 0.044444444444444446 0.0
0.022222222222222223 0.0 0.2222222222222222 0.35555555555555557 0.28888888888888886 0.13333333333333333 0.4888888888888889 0.4444444444444444 0.4 0.3111111111111111 0.2222222222222222 0.4888888888888889 0.4444444444444444 0.17777777777777778 0.08888888888888889 0.2222222222222222 0.15555555555555556 0.35555555555555557 0.3111111111111111 0.26666666666666666 0.17777777777777778 0.08888888888888889 0.26666666666666666 0.2 0.35555555555555557 0.3111111111111111 0.2222222222222222 0.26666666666666666 0.3111111111111111 0.17777777777777778 0.2222222222222222 0.08888888888888889 0.13333333333333333 0.2222222222222222 0.17777777777777778 0.13333333333333333 0.17777777777777778 0.2222222222222222 0.26666666666666666 0.2222222222222222 0.17777777777777778 0.2 0.24444444444444444 0.13333333333333333 0.15555555555555556 0.15555555555555556 0.08888888888888889 0.2 0.28888888888888886 0.24444444444444444 0.2 0.1111111111111111 0.15555555555555556 0.3333333333333333 0.28888888888888886 0.24444444444444444 0.1111111111111111 0.2222222222222222 0.08888888888888889 0.26666666666666666 0.2 0.35555555555555557 0.3111111111111111 0.35555555555555557 0.4 0.17777777777777778 0.24444444444444444 0.0 0.022222222222222223 0.08888888888888889 0.13333333333333333 0.17777777777777778 0.044444444444444446 0.3111111111111111 0.35555555555555557 0.26666666666666666 0.28888888888888886 0.13333333333333333 0.2 0.3111111111111111 0.022222222222222223 0.0 0.06666666666666667 0.08888888888888889 0.13333333333333333 0.044444444444444446 0.022222222222222223 0.08888888888888889 0.28888888888888886 0.3333333333333333 0.2222222222222222 0.24444444444444444 0.15555555555555556 0.1111111111111111 0.15555555555555556 0.28888888888888886 0.1111111111111111 0.06666666666666667 0.044444444444444446 0.06666666666666667 0.1111111111111111 0.15555555555555556 0.1111111111111111 0.06666666666666667 0.1111111111111111 0.26666666666666666 0.17777777777777778 0.1111111111111111 0.13333333333333333 0.1111111111111111 0.044444444444444446 0.17777777777777778 0.2222222222222222 0.15555555555555556 0.2222222222222222 0.17777777777777778 0.13333333333333333 0.06666666666666667 0.0 0.17777777777777778 0.4444444444444444 0.2222222222222222 0.13333333333333333 0.4 0.17777777777777778 0.24444444444444444 0.022222222222222223 0.08888888888888889 0.13333333333333333 0.35555555555555557 0.13333333333333333 0.2 0.08888888888888889 0.06666666666666667 0.08888888888888889 0.2222222222222222 0.15555555555555556 0.13333333333333333
