0.005776004973062578 0.010541856610029009 0.0054133858267716535 0.009738914214670534 0.00940219643597182 0.005594695399917115 0.0065271446332366345 0.009350393700787402 0.01144840447575632 0.007019270617488603 0.0062681309573145464 0.005698300870285951 0.005439287194363863 0.007925818483215915 0.005387484459179445 0.008158930791545794 0.007925818483215915 0.005568794032324907 0.005853709075839204 0.007925818483215915 0.006242229589722337 0.006941566514711977 0.005983215913800249 0.006578947368421052 0.005568794032324907 0.007304185661002901 0.005361583091587236 0.005361583091587236 0.009920223787815997 0.0058796104434314135 0.005853709075839204 0.009687111479486117 0.009816618317447161 0.007071073352673021 0.008184832159138003 0.012044135930377124 0.008573352673021135 0.005750103605470369 0.00572420223787816 0.005905511811023622 0.0064235391628678 0.0052579776212184 0.009505801906340655 0.005465188561956071 0.005309780356402818 0.008832366348943224 0.010878574388727726 0.005206174886033982 0.0061386241193535016 0.00870285951098218 0.011836924989639452 0.008728760878574389 0.006501243265644426 0.005750103605470369 0.005516991297140489 0.006371736427683382 0.0060091172813924575 0.006812059676750933 0.0062681309573145464 0.005698300870285951 0.005672399502693742 0.0052579776212184 0.0064235391628678 0.0052838789888106094 0.008987774554496477 0.00916908412764194 0.009039577289680896 0.006682552838789888 0.007848114380439287 0.010438251139660175 0.007485495234148363 0.005801906340654786 0.005698300870285951 0.005491089929548281 0.010878574388727726 0.005594695399917115 0.005439287194363863 0.010127434728553668 0.010826771653543307 0.005491089929548281 0.008314338997099047 0.009505801906340655 0.012251346871114795 0.00867695814338997 0.006682552838789888 0.005232076253626192 0.006035018648984666 0.006449440530460008 0.005983215913800249 0.010645462080397844 0.006708454206382097 0.006708454206382097 0.0052579776212184 0.011292996270203066 0.011862826357231663 0.005853709075839204 0.008184832159138003 0.009894322420223789 0.012743472855366764 0.00937629506837961 0.006734355573974306 0.005905511811023622 0.00663075010360547 0.006371736427683382 0.006112722751761293 0.006060920016576875 0.005905511811023622 0.00826253626191463 0.006086821384169084 0.009117281392457521 0.007640903439701616 0.008780563613758806 0.00823663489432242 0.009039577289680896 0.006112722751761293 0.0071228760878574385 0.010308744301699129 0.0072523829258184834 0.006371736427683382 0.0052838789888106094 0.005698300870285951 0.006086821384169084 0.005983215913800249 0.006734355573974306 0.005983215913800249 0.006786158309158723 0.005646498135101533 0.007355988396187319 0.005232076253626192 0.005905511811023622 0.005801906340654786 0.006035018648984666 0.005491089929548281 0.007640903439701616 0.005698300870285951 0.005620596767509325 0.005594695399917115 0.0061386241193535016
0.11111111111111112 0.015873015873015872 0.14285714285714288 0.17460317460317457 0.15873015873015875 0.0 0.22222222222222218 0.20634920634920637 0.19047619047619055 0.17460317460317457 0.15873015873015875 0.22222222222222218 0.20634920634920637 0.06349206349206349 0.0 0.0 0.0 0.0 0.0 0.0 0.0 0.047619047619047596 0.0 0.0 0.0 0.0 0.0 0.0 0.09523809523809519 0.0 0.0 0.0 0.0 0.0 0.0 0.0 0.0 0.0 0.0 0.0 0.0 0.0 0.07936507936507937 0.0 0.0 0.0 0.0 0.0 0.0 0.0 0.0 0.0 0.0 0.0 0.0 0.0 0.0 0.0 0.06349206349206349 0.0 0.0 0.0 0.0 0.047619047619047596 0.1428571428571428 0.0 0.0 0.0 0.0 0.0 0.0 0.0 0.0 0.03174603174603178 0.12698412698412698 0.0 0.0 0.0 0.0 0.0 0.0 0.0 0.0 0.0 0.0 0.0 0.0 0.0 0.01587301587301582 0.11111111111111116 0.0 0.0 0.0 0.0 0.0 0.0 0.0 0.0 0.0 0.0 0.0 0.0 0.0 0.0 0.0 0.09523809523809519 0.0 0.0 0.0 0.0 0.0 0.07936507936507937 0.0 0.0 0.0 0.0 0.0 0.0 0.0 0.0 0.15873015873015875 0.0 0.0 0.1428571428571428 0.0 0.0 0.0 0.0 0.0 0.12698412698412698 0.0 0.0 0.0 0.0 0.0 0.0 0.0 0.0
0.015873015873015872 0.0 0.047619047619047596 0.07936507936507937 0.06349206349206349 0.047619047619047596 0.12698412698412698 0.11111111111111116 0.09523809523809519 0.07936507936507937 0.06349206349206349 0.12698412698412698 0.11111111111111116 0.047619047619047596 0.0 0.0 0.0 0.0 0.0 0.0 0.0 0.031746031746031744 0.0 0.0 0.0 0.0 0.0 0.0 0.07936507936507937 0.0 0.0 0.0 0.0 0.0 0.0 0.0 0.0 0.0 0.0 0.0 0.0 0.0 0.06349206349206349 0.0 0.0 0.0 0.0 0.0 0.0 0.0 0.0 0.0 0.0 0.0 0.0 0.0 0.0 0.0 0.047619047619047596 0.0 0.0 0.0 0.0 0.0 0.12698412698412698 0.0 0.0 0.0 0.0 0.0 0.0 0.0 0.0 0.0 0.11111111111111116 0.0 0.0 0.0 0.0 0.0 0.0 0.0 0.0 0.0 0.0 0.0 0.0 0.0 0.0 0.09523809523809519 0.0 0.0 0.0 0.0 0.0 0.0 0.0 0.0 0.0 0.0 0.0 0.0 0.0 0.0 0.0 0.07936507936507937 0.0 0.0 0.0 0.0 0.0 0.06349206349206349 0.0 0.0 0.0 0.0 0.0 0.0 0.0 0.0 0.1428571428571428 0.0 0.0 0.12698412698412698 0.0 0.0 0.0 0.0 0.0 0.11111111111111116 0.0 0.0 0.0 0.0 0.0 0.0 0.0 0.0
0.14285714285714288 0.047619047619047596 0.3333333333333333 0.3650793650793651 0.3492063492063493 0.01587301587301582 0.41269841269841273 0.3968253968253969 0.38095238095238093 0.3650793650793651 0.19047619047619055 0.41269841269841273 0.3968253968253969 0.09523809523809519 0.047619047619047596 0.07936507936507937 0.06349206349206349 0.12698412698412698 0.11111111111111116 0.09523809523809519 0.07936507936507937 0.07936507936507937 0.17460317460317457 0.15873015873015875 0.20634920634920637 0.19047619047619055 0.17460317460317457 0.03174603174603178 0.12698412698412698 0.0 0.0 0.0 0.0 0.0 0.0 0.0 0.0 0.0 0.0 0.0 0.0 0.01587301587301582 0.11111111111111116 0.0 0.0 0.0 0.0 0.0 0.0 0.0 0.0 0.0 0.0 0.0 0.0 0.0 0.0 0.0 0.09523809523809519 0.03174603174603178 0.01587301587301582 0.06349206349206342 0.047619047619047596 0.07936507936507937 0.17460317460317457 0.0 0.0 0.0 0.0 0.0 0.0 0.0 0.0 0.06349206349206342 0.15873015873015875 0.0 0.0 0.0 0.0 0.0 0.0 0.0 0.0 0.0 0.0 0.0 0.0 0.0 0.047619047619047596 0.1428571428571428 0.0 0.0 0.0 0.0 0.0 0.0 0.0 0.0 0.0 0.0 0.0 0.0 0.0 0.0 0.0 0.12698412698412698 0.0 0.0 0.0 0.0 0.0 0.11111111111111116 0.0 0.0 0.0 0.0 0.0 0.0 0.0 0.0 0.19047619047619038 0.0 0.0 0.17460317460317457 0.0 0.0 0.0 0.0 0.0 0.15873015873015875 0.0 0.0 0.0 0.0 0.0 0.0 0.0 0.0
0.17460317460317457 0.07936507936507937 0.3650793650793651 0.5555555555555557 0.4603174603174603 0.20634920634920637 0.6031746031746033 0.5873015873015873 0.5714285714285715 0.3968253968253969 0.30158730158730157 0.6031746031746033 0.5873015873015873 0.12698412698412698 0.07936507936507937 0.26984126984126994 0.17460317460317457 0.3174603174603175 0.30158730158730157 0.28571428571428575 0.11111111111111116 0.11111111111111116 0.3650793650793651 0.26984126984126994 0.3968253968253969 0.38095238095238093 0.20634920634920637 0.1428571428571428 0.15873015873015875 0.11111111111111116 0.12698412698412698 0.07936507936507937 0.09523809523809519 0.12698412698412698 0.11111111111111116 0.09523809523809519 0.11111111111111116 0.12698412698412698 0.1428571428571428 0.12698412698412698 0.11111111111111116 0.047619047619047596 0.1428571428571428 0.01587301587301582 0.03174603174603178 0.17460317460317457 0.07936507936507937 0.047619047619047596 0.22222222222222218 0.20634920634920637 0.19047619047619055 0.01587301587301582 0.03174603174603178 0.23809523809523814 0.22222222222222218 0.20634920634920637 0.17460317460317457 0.28571428571428575 0.12698412698412698 0.30158730158730157 0.20634920634920637 0.3333333333333333 0.3174603174603175 0.11111111111111102 0.20634920634920637 0.0 0.0 0.0 0.0 0.0 0.0 0.0 0.0 0.09523809523809519 0.19047619047619038 0.0 0.0 0.0 0.0 0.01587301587301582 0.0 0.0 0.0 0.0 0.0 0.0 0.0 0.0 0.07936507936507937 0.17460317460317457 0.047619047619047596 0.06349206349206342 0.03174603174603178 0.01587301587301582 0.03174603174603178 0.07936507936507937 0.0 0.0 0.0 0.0 0.0 0.0 0.0 0.0 0.0 0.15873015873015875 0.11111111111111116 0.01587301587301582 0.0 0.01587301587301582 0.0 0.1428571428571428 0.20634920634920637 0.11111111111111116 0.06349206349206342 0.047619047619047596 0.11111111111111116 0.01587301587301582 0.0 0.047619047619047596 0.22222222222222232 0.0 0.0 0.20634920634920637 0.0 0.0 0.0 0.0 0.0 0.19047619047619038 0.0 0.0 0.0 0.0 0.0 0.047619047619047596 0.0 0.0
0.15873015873015875 0.06349206349206349 0.3492063492063493 0.4603174603174603 0.4444444444444445 0.19047619047619055 0.5079365079365079 0.4920634920634921 0.4761904761904763 0.4603174603174603 0.28571428571428575 0.5079365079365079 0.4920634920634921 0.11111111111111116 0.06349206349206349 0.17460317460317457 0.15873015873015875 0.22222222222222218 0.20634920634920637 0.19047619047619055 0.17460317460317457 0.09523809523809519 0.26984126984126994 0.25396825396825395 0.30158730158730157 0.28571428571428575 0.26984126984126994 0.047619047619047596 0.1428571428571428 0.01587301587301582 0.03174603174603178 0.0 0.0 0.0 0.0 0.0 0.01587301587301582 0.03174603174603178 0.0 0.0 0.0 0.11111111111111116 0.12698412698412698 0.07936507936507937 0.09523809523809519 0.07936507936507937 0.06349206349206349 0.11111111111111116 0.12698412698412698 0.11111111111111116 0.09523809523809519 0.07936507936507937 0.09523809523809519 0.1428571428571428 0.12698412698412698 0.11111111111111116 0.15873015873015875 0.19047619047619055 0.11111111111111116 0.20634920634920637 0.19047619047619055 0.23809523809523814 0.22222222222222218 0.09523809523809519 0.19047619047619038 0.0 0.0 0.0 0.0 0.0 0.0 0.0 0.0 0.07936507936507937 0.17460317460317457 0.0 0.0 0.0 0.0 0.0 0.0 0.0 0.0 0.0 0.0 0.0 0.0 0.0 0.06349206349206342 0.15873015873015875 0.0 0.0 0.0 0.0 0.0 0.0 0.0 0.0 0.0 0.0 0.0 0.0 0.0 0.0 0.0 0.1428571428571428 0.01587301587301582 0.0 0.0 0.0 0.0 0.12698412698412698 0.11111111111111116 0.09523809523809519 0.0 0.0 0.0 0.0 0.0 0.0 0.20634920634920637 0.0 0.0 0.19047619047619038 0.0 0.0 0.0 0.0 0.0 0.17460317460317457 0.0 0.0 0.0 0.0 0.0 0.0 0.0 0.0
0.0 0.047619047619047596 0.01587301587301582 0.20634920634920637 0.19047619047619055 0.3333333333333333 0.25396825396825395 0.23809523809523814 0.22222222222222218 0.20634920634920637 0.19047619047619055 0.25396825396825395 0.23809523809523814 0.09523809523809519 0.0 0.0 0.0 0.0 0.0 0.0 0.0 0.07936507936507937 0.0 0.0 0.0 0.0 0.0 0.0 0.12698412698412698 0.0 0.0 0.0 0.0 0.0 0.0 0.0 0.0 0.0 0.0 0.0 0.0 0.0 0.11111111111111116 0.0 0.0 0.0 0.0 0.01587301587301582 0.0 0.0 0.0 0.0 0.0 0.0 0.0 0.0 0.0 0.0 0.09523809523809519 0.11111111111111116 0.09523809523809519 0.1428571428571428 0.12698412698412698 0.0 0.17460317460317457 0.0 0.0 0.0 0.0 0.0 0.0 0.0 0.0 0.0 0.15873015873015875 0.0 0.0 0.0 0.0 0.06349206349206342 0.0 0.0 0.0 0.0 0.0 0.0 0.0 0.0 0.0 0.1428571428571428 0.0 0.0 0.0 0.0 0.0 0.047619047619047596 0.0 0.0 0.0 0.0 0.0 0.0 0.0 0.0 0.0 0.12698412698412698 0.0 0.0 0.0 0.0 0.0 0.11111111111111116 0.0 0.0 0.0 0.0 0.0 0.0 0.0 0.0 0.19047619047619038 0.0 0.0 0.17460317460317457 0.0 0.0 0.0 0.0 0.0 0.15873015873015875 0.0 0.0 0.0 0.0 0.0 0.0 0.0 0.0
0.22222222222222218 0.12698412698412698 0.41269841269841273 0.6031746031746033 0.5079365079365079 0.25396825396825395 0.888888888888889 0.7936507936507938 0.6984126984126986 0.6031746031746033 0.5079365079365079 0.7301587301587302 0.634920634920635 0.17460317460317457 0.12698412698412698 0.3174603174603175 0.22222222222222218 0.6031746031746033 0.5079365079365079 0.41269841269841273 0.3174603174603175 0.15873015873015875 0.41269841269841273 0.3174603174603175 0.6031746031746033 0.5079365079365079 0.41269841269841273 0.11111111111111102 0.20634920634920637 0.0 0.01587301587301582 0.12698412698412698 0.06349206349206342 0.41269841269841273 0.3174603174603175 0.22222222222222218 0.15873015873015875 0.09523809523809519 0.42857142857142855 0.25396825396825395 0.15873015873015875 0.09523809523809519 0.19047619047619038 0.06349206349206342 0.0 0.22222222222222218 0.12698412698412698 0.0 0.5079365079365079 0.41269841269841273 0.3174603174603175 0.22222222222222218 0.15873015873015875 0.5238095238095238 0.34920634920634913 0.25396825396825395 0.22222222222222218 0.41269841269841273 0.17460317460317457 0.34920634920634913 0.25396825396825395 0.5396825396825399 0.4444444444444445 0.23809523809523814 0.25396825396825395 0.17460317460317457 0.19047619047619038 0.12698412698412698 0.1428571428571428 0.15873015873015875 0.17460317460317457 0.19047619047619038 0.15873015873015875 0.14285714285714293 0.23809523809523814 0.11111111111111102 0.12698412698412698 0.07936507936507937 0.09523809523809519 0.14285714285714293 0.22222222222222218 0.12698412698412698 0.06349206349206342 0.07936507936507937 0.09523809523809519 0.23809523809523814 0.06349206349206342 0.07936507936507937 0.12698412698412698 0.22222222222222232 0.01587301587301582 0.03174603174603164 0.15873015873015875 0.06349206349206342 0.0 0.047619047619047596 0.3174603174603175 0.22222222222222218 0.12698412698412698 0.06349206349206342 0.0 0.3333333333333333 0.15873015873015875 0.06349206349206342 0.0 0.20634920634920637 0.15873015873015875 0.06349206349206342 0.3174603174603175 0.22222222222222218 0.12698412698412698 0.19047619047619038 0.25396825396825395 0.15873015873015875 0.5079365079365079 0.41269841269841273 0.3174603174603175 0.22222222222222218 0.12698412698412698 0.25396825396825395 0.26984126984126977 0.11111111111111102 0.09523809523809519 0.25396825396825395 0.01587301587301582 0.03174603174603164 0.06349206349206342 0.0 0.01587301587301582 0.23809523809523814 0.0 0.0 0.15873015873015875 0.06349206349206342 0.0 0.09523809523809519 0.0 0.15873015873015875
0.20634920634920637 0.11111111111111116 0.3968253968253969 0.5873015873015873 0.4920634920634921 0.23809523809523814 0.7936507936507938 0.777777777777778 0.6825396825396827 0.5873015873015873 0.4920634920634921 0.7936507936507938 0.6190476190476192 0.15873015873015875 0.11111111111111116 0.30158730158730157 0.20634920634920637 0.5079365079365079 0.4920634920634921 0.3968253968253969 0.30158730158730157 0.1428571428571428 0.3968253968253969 0.30158730158730157 0.5873015873015873 0.4920634920634921 0.3968253968253969 0.09523809523809519 0.19047619047619038 0.0 0.0 0.11111111111111116 0.047619047619047596 0.3174603174603175 0.30158730158730157 0.20634920634920637 0.1428571428571428 0.15873015873015875 0.3333333333333333 0.3174603174603175 0.1428571428571428 0.07936507936507937 0.17460317460317457 0.047619047619047596 0.0 0.20634920634920637 0.11111111111111116 0.0 0.41269841269841273 0.3968253968253969 0.30158730158730157 0.20634920634920637 0.1428571428571428 0.42857142857142855 0.41269841269841273 0.23809523809523814 0.20634920634920637 0.3968253968253969 0.15873015873015875 0.3333333333333333 0.23809523809523814 0.5238095238095238 0.42857142857142855 0.14285714285714293 0.23809523809523814 0.07936507936507937 0.09523809523809519 0.0 0.047619047619047596 0.06349206349206342 0.07936507936507937 0.09523809523809519 0.06349206349206342 0.20634920634920637 0.22222222222222232 0.17460317460317457 0.19047619047619038 0.1428571428571428 0.15873015873015875 0.20634920634920637 0.12698412698412698 0.11111111111111116 0.12698412698412698 0.1428571428571428 0.15873015873015875 0.1428571428571428 0.12698412698412698 0.1428571428571428 0.11111111111111102 0.20634920634920637 0.07936507936507937 0.09523809523809519 0.22222222222222218 0.047619047619047596 0.06349206349206342 0.11111111111111102 0.22222222222222218 0.20634920634920637 0.11111111111111116 0.047619047619047596 0.06349206349206342 0.23809523809523814 0.22222222222222218 0.047619047619047596 0.06349206349206342 0.19047619047619038 0.1428571428571428 0.047619047619047596 0.30158730158730157 0.20634920634920637 0.11111111111111116 0.17460317460317457 0.23809523809523814 0.1428571428571428 0.41269841269841273 0.3968253968253969 0.30158730158730157 0.20634920634920637 0.11111111111111116 0.23809523809523814 0.25396825396825395 0.01587301587301582 0.0 0.23809523809523814 0.07936507936507937 0.09523809523809519 0.047619047619047596 0.06349206349206342 0.07936507936507937 0.22222222222222232 0.0 0.0 0.1428571428571428 0.047619047619047596 0.0 0.07936507936507937 0.0 0.1428571428571428
0.19047619047619055 0.09523809523809519 0.38095238095238093 0.5714285714285715 0.4761904761904763 0.22222222222222218 0.6984126984126986 0.6825396825396827 0.6666666666666666 0.5714285714285715 0.4761904761904763 0.6984126984126986 0.6825396825396827 0.1428571428571428 0.09523809523809519 0.28571428571428575 0.19047619047619055 0.41269841269841273 0.3968253968253969 0.38095238095238093 0.28571428571428575 0.12698412698412698 0.38095238095238093 0.28571428571428575 0.4920634920634921 0.4761904761904763 0.38095238095238093 0.07936507936507937 0.17460317460317457 0.047619047619047596 0.06349206349206342 0.09523809523809519 0.03174603174603178 0.22222222222222218 0.20634920634920637 0.19047619047619055 0.20634920634920637 0.22222222222222218 0.23809523809523814 0.22222222222222218 0.20634920634920637 0.06349206349206342 0.15873015873015875 0.03174603174603178 0.0 0.19047619047619055 0.09523809523809519 0.0 0.3174603174603175 0.30158730158730157 0.28571428571428575 0.19047619047619055 0.12698412698412698 0.3333333333333333 0.3174603174603175 0.30158730158730157 0.19047619047619055 0.38095238095238093 0.1428571428571428 0.3174603174603175 0.22222222222222218 0.42857142857142855 0.41269841269841273 0.12698412698412698 0.22222222222222232 0.0 0.0 0.0 0.0 0.0 0.0 0.0 0.0 0.11111111111111102 0.20634920634920637 0.07936507936507937 0.09523809523809519 0.047619047619047596 0.06349206349206342 0.11111111111111102 0.0 0.0 0.03174603174603178 0.047619047619047596 0.06349206349206342 0.0 0.0 0.047619047619047596 0.17460317460317457 0.19047619047619038 0.1428571428571428 0.15873015873015875 0.12698412698412698 0.11111111111111116 0.12698412698412698 0.17460317460317457 0.12698412698412698 0.11111111111111116 0.09523809523809519 0.11111111111111116 0.12698412698412698 0.1428571428571428 0.12698412698412698 0.11111111111111116 0.12698412698412698 0.17460317460317457 0.20634920634920637 0.03174603174603178 0.20634920634920637 0.19047619047619055 0.09523809523809519 0.15873015873015875 0.30158730158730157 0.12698412698412698 0.3174603174603175 0.30158730158730157 0.28571428571428575 0.19047619047619055 0.09523809523809519 0.30158730158730157 0.23809523809523814 0.0 0.0 0.22222222222222232 0.0 0.0 0.0 0.0 0.0 0.20634920634920637 0.047619047619047596 0.06349206349206342 0.047619047619047596 0.03174603174603178 0.047619047619047596 0.1428571428571428 0.0 0.12698412698412698
0.17460317460317457 0.07936507936507937 0.3650793650793651 0.3968253968253969 0.4603174603174603 0.20634920634920637 0.6031746031746033 0.5873015873015873 0.5714285714285715 0.5555555555555557 0.4603174603174603 0.6031746031746033 0.5873015873015873 0.12698412698412698 0.07936507936507937 0.11111111111111116 0.17460317460317457 0.3174603174603175 0.30158730158730157 0.28571428571428575 0.26984126984126994 0.11111111111111116 0.20634920634920637 0.26984126984126994 0.3968253968253969 0.38095238095238093 0.3650793650793651 0.06349206349206342 0.15873015873015875 0.0 0.0 0.0 0.01587301587301582 0.0 0.0 0.01587301587301582 0.11111111111111116 0.12698412698412698 0.0 0.0 0.0 0.047619047619047596 0.1428571428571428 0.01587301587301582 0.03174603174603178 0.01587301587301582 0.07936507936507937 0.047619047619047596 0.22222222222222218 0.20634920634920637 0.19047619047619055 0.17460317460317457 0.19047619047619055 0.23809523809523814 0.22222222222222218 0.20634920634920637 0.17460317460317457 0.28571428571428575 0.12698412698412698 0.1428571428571428 0.20634920634920637 0.3333333333333333 0.3174603174603175 0.11111111111111102 0.20634920634920637 0.0 0.0 0.0 0.0 0.0 0.0 0.0 0.0 0.09523809523809519 0.19047619047619038 0.0 0.0 0.0 0.0 0.01587301587301582 0.0 0.0 0.0 0.0 0.0 0.0 0.0 0.0 0.07936507936507937 0.17460317460317457 0.047619047619047596 0.06349206349206342 0.0 0.0 0.03174603174603178 0.07936507936507937 0.0 0.0 0.0 0.01587301587301582 0.03174603174603178 0.0 0.0 0.0 0.03174603174603178 0.15873015873015875 0.11111111111111116 0.09523809523809519 0.11111111111111116 0.09523809523809519 0.07936507936507937 0.1428571428571428 0.20634920634920637 0.19047619047619055 0.22222222222222218 0.20634920634920637 0.19047619047619055 0.17460317460317457 0.07936507936507937 0.20634920634920637 0.22222222222222232 0.0 0.0 0.20634920634920637 0.0 0.0 0.0 0.0 0.0 0.19047619047619038 0.0 0.0 0.0 0.0 0.0 0.047619047619047596 0.03174603174603178 0.03174603174603178
0.15873015873015875 0.06349206349206349 0.19047619047619055 0.30158730158730157 0.28571428571428575 0.19047619047619055 0.5079365079365079 0.4920634920634921 0.4761904761904763 0.4603174603174603 0.4444444444444445 0.5079365079365079 0.4920634920634921 0.11111111111111116 0.0 0.0 0.0 0.06349206349206342 0.047619047619047596 0.03174603174603178 0.09523809523809519 0.09523809523809519 0.11111111111111116 0.09523809523809519 0.30158730158730157 0.28571428571428575 0.26984126984126994 0.047619047619047596 0.1428571428571428 0.0 0.0 0.0 0.0 0.0 0.0 0.0 0.0 0.03174603174603178 0.0 0.0 0.0 0.03174603174603178 0.12698412698412698 0.0 0.0 0.0 0.0 0.0 0.0 0.0 0.0 0.0 0.09523809523809519 0.0 0.0 0.0 0.0 0.19047619047619055 0.11111111111111116 0.047619047619047596 0.03174603174603178 0.23809523809523814 0.22222222222222218 0.09523809523809519 0.19047619047619038 0.0 0.0 0.0 0.0 0.0 0.0 0.0 0.0 0.07936507936507937 0.17460317460317457 0.0 0.0 0.0 0.0 0.0 0.0 0.0 0.0 0.0 0.0 0.0 0.0 0.0 0.06349206349206342 0.15873015873015875 0.0 0.0 0.0 0.0 0.0 0.0 0.0 0.0 0.0 0.0 0.0 0.0 0.0 0.0 0.0 0.1428571428571428 0.0 0.0 0.0 0.0 0.0 0.12698412698412698 0.11111111111111116 0.09523809523809519 0.12698412698412698 0.11111111111111116 0.09523809523809519 0.07936507936507937 0.06349206349206349 0.11111111111111116 0.20634920634920637 0.0 0.0 0.19047619047619038 0.0 0.0 0.0 0.0 0.0 0.17460317460317457 0.0 0.0 0.0 0.0 0.0 0.0 0.0 0.0
0.22222222222222218 0.12698412698412698 0.41269841269841273 0.6031746031746033 0.5079365079365079 0.25396825396825395 0.7301587301587302 0.7936507936507938 0.6984126984126986 0.6031746031746033 0.5079365079365079 0.888888888888889 0.7936507936507938 0.17460317460317457 0.12698412698412698 0.3174603174603175 0.22222222222222218 0.4444444444444445 0.5079365079365079 0.41269841269841273 0.3174603174603175 0.15873015873015875 0.41269841269841273 0.3174603174603175 0.6031746031746033 0.5079365079365079 0.41269841269841273 0.11111111111111102 0.20634920634920637 0.0 0.01587301587301582 0.12698412698412698 0.06349206349206342 0.25396825396825395 0.3174603174603175 0.22222222222222218 0.15873015873015875 0.09523809523809519 0.42857142857142855 0.41269841269841273 0.3174603174603175 0.09523809523809519 0.19047619047619038 0.06349206349206342 0.0 0.22222222222222218 0.12698412698412698 0.0 0.34920634920634913 0.41269841269841273 0.3174603174603175 0.22222222222222218 0.15873015873015875 0.5238095238095238 0.5079365079365079 0.41269841269841273 0.22222222222222218 0.41269841269841273 0.17460317460317457 0.34920634920634913 0.25396825396825395 0.5396825396825399 0.4444444444444445 0.15873015873015875 0.25396825396825395 0.01587301587301582 0.03174603174603164 0.0 0.06349206349206342 0.0 0.01587301587301582 0.03174603174603164 0.15873015873015875 0.14285714285714293 0.23809523809523814 0.11111111111111102 0.12698412698412698 0.07936507936507937 0.09523809523809519 0.14285714285714293 0.06349206349206342 0.12698412698412698 0.06349206349206342 0.07936507936507937 0.09523809523809519 0.23809523809523814 0.22222222222222218 0.23809523809523814 0.12698412698412698 0.22222222222222232 0.01587301587301582 0.03174603174603164 0.15873015873015875 0.06349206349206342 0.0 0.047619047619047596 0.15873015873015875 0.22222222222222218 0.12698412698412698 0.06349206349206342 0.0 0.3333333333333333 0.3174603174603175 0.22222222222222218 0.15873015873015875 0.20634920634920637 0.15873015873015875 0.06349206349206342 0.3174603174603175 0.22222222222222218 0.12698412698412698 0.19047619047619038 0.25396825396825395 0.15873015873015875 0.34920634920634913 0.41269841269841273 0.3174603174603175 0.22222222222222218 0.12698412698412698 0.41269841269841273 0.26984126984126977 0.11111111111111102 0.09523809523809519 0.25396825396825395 0.17460317460317457 0.19047619047619038 0.1428571428571428 0.15873015873015875 0.17460317460317457 0.23809523809523814 0.07936507936507937 0.09523809523809519 0.23809523809523814 0.06349206349206342 0.07936507936507937 0.17460317460317457 0.0 0.15873015873015875
0.20634920634920637 0.11111111111111116 0.3968253968253969 0.5873015873015873 0.4920634920634921 0.23809523809523814 0.634920634920635 0.6190476190476192 0.6825396825396827 0.5873015873015873 0.4920634920634921 0.7936507936507938 0.777777777777778 0.15873015873015875 0.11111111111111116 0.30158730158730157 0.20634920634920637 0.34920634920634913 0.3333333333333333 0.3968253968253969 0.30158730158730157 0.1428571428571428 0.3968253968253969 0.30158730158730157 0.42857142857142855 0.4920634920634921 0.3968253968253969 0.09523809523809519 0.19047619047619038 0.0 0.0 0.11111111111111116 0.047619047619047596 0.15873015873015875 0.1428571428571428 0.20634920634920637 0.1428571428571428 0.15873015873015875 0.3333333333333333 0.3174603174603175 0.30158730158730157 0.07936507936507937 0.17460317460317457 0.047619047619047596 0.0 0.20634920634920637 0.11111111111111116 0.0 0.25396825396825395 0.23809523809523814 0.30158730158730157 0.20634920634920637 0.1428571428571428 0.42857142857142855 0.41269841269841273 0.3968253968253969 0.20634920634920637 0.3968253968253969 0.15873015873015875 0.3333333333333333 0.23809523809523814 0.3650793650793651 0.42857142857142855 0.14285714285714293 0.23809523809523814 0.0 0.0 0.0 0.0 0.0 0.0 0.0 0.0 0.12698412698412698 0.22222222222222232 0.01587301587301582 0.03174603174603164 0.0 0.0 0.047619047619047596 0.0 0.0 0.047619047619047596 0.0 0.0 0.0 0.047619047619047596 0.1428571428571428 0.11111111111111102 0.20634920634920637 0.07936507936507937 0.09523809523809519 0.06349206349206342 0.047619047619047596 0.06349206349206342 0.11111111111111102 0.06349206349206342 0.047619047619047596 0.11111111111111116 0.047619047619047596 0.06349206349206342 0.23809523809523814 0.22222222222222218 0.20634920634920637 0.22222222222222218 0.19047619047619038 0.1428571428571428 0.047619047619047596 0.1428571428571428 0.20634920634920637 0.11111111111111116 0.17460317460317457 0.23809523809523814 0.1428571428571428 0.25396825396825395 0.23809523809523814 0.30158730158730157 0.20634920634920637 0.11111111111111116 0.3968253968253969 0.25396825396825395 0.01587301587301582 0.0 0.23809523809523814 0.07936507936507937 0.09523809523809519 0.0 0.06349206349206342 0.07936507936507937 0.22222222222222232 0.1428571428571428 0.15873015873015875 0.1428571428571428 0.12698412698412698 0.1428571428571428 0.23809523809523814 0.06349206349206342 0.22222222222222218
0.06349206349206349 0.047619047619047596 0.09523809523809519 0.12698412698412698 0.11111111111111116 0.09523809523809519 0.17460317460317457 0.15873015873015875 0.1428571428571428 0.12698412698412698 0.11111111111111116 0.17460317460317457 0.15873015873015875 0.3333333333333333 0.047619047619047596 0.0 0.0 0.0 0.0 0.0 0.0 0.23809523809523814 0.0 0.0 0.0 0.0 0.0 0.26984126984126994 0.3650793650793651 0.07936507936507937 0.17460317460317457 0.0 0.0 0.0 0.0 0.0 0.0 0.0 0.0 0.0 0.0 0.25396825396825395 0.3492063492063493 0.06349206349206349 0.15873015873015875 0.0 0.0 0.01587301587301582 0.0 0.0 0.0 0.0 0.0 0.0 0.0 0.0 0.0 0.0 0.01587301587301582 0.0 0.0 0.0 0.0 0.3174603174603175 0.41269841269841273 0.0 0.0 0.0 0.0 0.0 0.0 0.0 0.0 0.30158730158730157 0.3968253968253969 0.11111111111111116 0.20634920634920637 0.0 0.0 0.06349206349206342 0.0 0.0 0.0 0.0 0.0 0.0 0.0 0.0 0.28571428571428575 0.38095238095238093 0.09523809523809519 0.19047619047619055 0.0 0.0 0.0 0.047619047619047596 0.0 0.0 0.0 0.0 0.0 0.0 0.0 0.0 0.0 0.3650793650793651 0.0 0.0 0.0 0.0 0.0 0.19047619047619055 0.0 0.0 0.0 0.0 0.0 0.0 0.0 0.0 0.42857142857142855 0.0 0.0 0.41269841269841273 0.0 0.0 0.0 0.0 0.0 0.3968253968253969 0.0 0.0 0.0 0.0 0.0 0.0 0.0 0.0
0.0 0.0 0.047619047619047596 0.07936507936507937 0.06349206349206349 0.0 0.12698412698412698 0.11111111111111116 0.09523809523809519 0.07936507936507937 0.0 0.12698412698412698 0.11111111111111116 0.047619047619047596 0.0 0.031746031746031744 0.015873015873015872 0.07936507936507937 0.06349206349206349 0.047619047619047596 0.031746031746031744 0.0 0.047619047619047596 0.031746031746031744 0.07936507936507937 0.06349206349206349 0.047619047619047596 0.06349206349206349 0.07936507936507937 0.031746031746031744 0.047619047619047596 0.0 0.0 0.0 0.0 0.0 0.0 0.0 0.0 0.0 0.0 0.047619047619047596 0.06349206349206349 0.015873015873015872 0.031746031746031744 0.0 0.0 0.0 0.0 0.0 0.0 0.0 0.0 0.0 0.0 0.0 0.0 0.0 0.0 0.0 0.0 0.0 0.0 0.11111111111111116 0.12698412698412698 0.0 0.0 0.0 0.0 0.0 0.0 0.0 0.0 0.09523809523809519 0.11111111111111116 0.06349206349206349 0.07936507936507937 0.0 0.0 0.0 0.0 0.0 0.0 0.0 0.0 0.0 0.0 0.0 0.07936507936507937 0.09523809523809519 0.047619047619047596 0.06349206349206349 0.0 0.0 0.0 0.0 0.0 0.0 0.0 0.0 0.0 0.0 0.0 0.0 0.0 0.07936507936507937 0.0 0.0 0.0 0.0 0.0 0.0 0.0 0.0 0.0 0.0 0.0 0.0 0.0 0.0 0.1428571428571428 0.0 0.0 0.12698412698412698 0.0 0.0 0.0 0.0 0.0 0.11111111111111116 0.0 0.0 0.0 0.0 0.0 0.0 0.0 0.0
0.0 0.0 0.07936507936507937 0.26984126984126994 0.17460317460317457 0.0 0.3174603174603175 0.30158730158730157 0.28571428571428575 0.11111111111111116 0.0 0.3174603174603175 0.30158730158730157 0.0 0.031746031746031744 0.22222222222222224 0.12698412698412698 0.26984126984126994 0.25396825396825395 0.23809523809523814 0.06349206349206349 0.0 0.23809523809523814 0.14285714285714288 0.26984126984126994 0.25396825396825395 0.07936507936507937 0.09523809523809519 0.11111111111111116 0.06349206349206349 0.07936507936507937 0.031746031746031744 0.047619047619047596 0.07936507936507937 0.06349206349206349 0.047619047619047596 0.06349206349206349 0.07936507936507937 0.09523809523809519 0.07936507936507937 0.06349206349206349 0.0 0.01587301587301582 0.047619047619047596 0.0 0.12698412698412698 0.031746031746031744 0.0 0.17460317460317457 0.15873015873015875 0.14285714285714288 0.0 0.0 0.19047619047619055 0.17460317460317457 0.15873015873015875 0.0 0.07936507936507937 0.0 0.09523809523809519 0.0 0.12698412698412698 0.11111111111111116 0.0 0.0 0.0 0.01587301587301582 0.0 0.0 0.0 0.0 0.0 0.0 0.0 0.0 0.09523809523809519 0.03174603174603178 0.0 0.0 0.0 0.0 0.0 0.0 0.0 0.0 0.0 0.0 0.0 0.03174603174603178 0.047619047619047596 0.07936507936507937 0.01587301587301582 0.0 0.0 0.0 0.03174603174603178 0.0 0.0 0.0 0.0 0.0 0.0 0.0 0.0 0.0 0.0 0.06349206349206349 0.0 0.0 0.0 0.0 0.0 0.07936507936507937 0.0 0.0 0.0 0.0 0.0 0.0 0.0 0.01587301587301582 0.0 0.0 0.0 0.0 0.01587301587301582 0.0 0.0 0.0 0.0 0.0 0.0 0.0 0.0 0.0 0.07936507936507937 0.0 0.0
0.0 0.0 0.06349206349206349 0.17460317460317457 0.15873015873015875 0.0 0.22222222222222218 0.20634920634920637 0.19047619047619055 0.17460317460317457 0.0 0.22222222222222218 0.20634920634920637 0.0 0.015873015873015872 0.12698412698412698 0.11111111111111112 0.17460317460317457 0.15873015873015875 0.14285714285714288 0.12698412698412698 0.0 0.14285714285714288 0.12698412698412698 0.17460317460317457 0.15873015873015875 0.14285714285714288 0.0 0.01587301587301582 0.047619047619047596 0.0 0.0 0.0 0.0 0.0 0.0 0.0 0.0 0.0 0.0 0.0 0.06349206349206349 0.07936507936507937 0.031746031746031744 0.047619047619047596 0.031746031746031744 0.015873015873015872 0.06349206349206349 0.07936507936507937 0.06349206349206349 0.047619047619047596 0.031746031746031744 0.047619047619047596 0.09523809523809519 0.07936507936507937 0.06349206349206349 0.0 0.0 0.0 0.0 0.0 0.03174603174603178 0.01587301587301582 0.047619047619047596 0.06349206349206342 0.0 0.0 0.0 0.0 0.0 0.0 0.0 0.0 0.03174603174603178 0.047619047619047596 0.07936507936507937 0.01587301587301582 0.0 0.0 0.03174603174603178 0.0 0.0 0.0 0.0 0.0 0.0 0.0 0.0 0.01587301587301582 0.03174603174603178 0.06349206349206349 0.0 0.0 0.0 0.0 0.01587301587301582 0.0 0.0 0.0 0.0 0.0 0.0 0.0 0.0 0.0 0.01587301587301582 0.0 0.0 0.0 0.0 0.0 0.0 0.0 0.0 0.0 0.0 0.0 0.0 0.0 0.0 0.07936507936507937 0.0 0.0 0.06349206349206342 0.0 0.0 0.0 0.0 0.0 0.047619047619047596 0.0 0.0 0.0 0.0 0.0 0.0 0.0 0.0
0.0 0.0 0.12698412698412698 0.3174603174603175 0.22222222222222218 0.0 0.6031746031746033 0.5079365079365079 0.41269841269841273 0.3174603174603175 0.06349206349206342 0.4444444444444445 0.34920634920634913 0.0 0.07936507936507937 0.26984126984126994 0.17460317460317457 0.5555555555555557 0.4603174603174603 0.3650793650793651 0.26984126984126994 0.0 0.28571428571428575 0.19047619047619055 0.4761904761904763 0.38095238095238093 0.28571428571428575 0.0 0.0 0.11111111111111116 0.047619047619047596 0.07936507936507937 0.01587301587301582 0.3650793650793651 0.26984126984126994 0.17460317460317457 0.11111111111111116 0.047619047619047596 0.38095238095238093 0.20634920634920637 0.11111111111111116 0.0 0.0 0.09523809523809519 0.03174603174603178 0.17460317460317457 0.07936507936507937 0.0 0.4603174603174603 0.3650793650793651 0.26984126984126994 0.17460317460317457 0.11111111111111116 0.4761904761904763 0.30158730158730157 0.20634920634920637 0.01587301587301582 0.20634920634920637 0.0 0.1428571428571428 0.047619047619047596 0.3333333333333333 0.23809523809523814 0.19047619047619038 0.20634920634920637 0.12698412698412698 0.1428571428571428 0.07936507936507937 0.09523809523809519 0.11111111111111116 0.12698412698412698 0.1428571428571428 0.11111111111111116 0.09523809523809519 0.11111111111111102 0.1428571428571428 0.07936507936507937 0.03174603174603178 0.047619047619047596 0.09523809523809519 0.17460317460317457 0.07936507936507937 0.01587301587301582 0.03174603174603178 0.047619047619047596 0.19047619047619055 0.01587301587301582 0.03174603174603178 0.0 0.01587301587301582 0.12698412698412698 0.06349206349206342 0.11111111111111116 0.01587301587301582 0.03174603174603178 0.0 0.26984126984126994 0.17460317460317457 0.07936507936507937 0.01587301587301582 0.0 0.28571428571428575 0.11111111111111116 0.01587301587301582 0.0 0.0 0.11111111111111116 0.01587301587301582 0.26984126984126994 0.17460317460317457 0.07936507936507937 0.0 0.12698412698412698 0.03174603174603178 0.30158730158730157 0.20634920634920637 0.11111111111111116 0.01587301587301582 0.0 0.047619047619047596 0.14285714285714293 0.06349206349206342 0.047619047619047596 0.047619047619047596 0.0 0.06349206349206342 0.01587301587301582 0.0 0.0 0.0 0.0 0.047619047619047596 0.11111111111111116 0.01587301587301582 0.0 0.12698412698412698 0.03174603174603178 0.11111111111111116
0.0 0.0 0.11111111111111116 0.30158730158730157 0.20634920634920637 0.0 0.5079365079365079 0.4920634920634921 0.3968253968253969 0.30158730158730157 0.047619047619047596 0.5079365079365079 0.3333333333333333 0.0 0.06349206349206349 0.25396825396825395 0.15873015873015875 0.4603174603174603 0.4444444444444445 0.3492063492063493 0.25396825396825395 0.0 0.26984126984126994 0.17460317460317457 0.4603174603174603 0.3650793650793651 0.26984126984126994 0.0 0.0 0.09523809523809519 0.03174603174603178 0.06349206349206349 0.0 0.26984126984126994 0.25396825396825395 0.15873015873015875 0.09523809523809519 0.11111111111111116 0.28571428571428575 0.26984126984126994 0.09523809523809519 0.0 0.0 0.07936507936507937 0.01587301587301582 0.15873015873015875 0.06349206349206349 0.0 0.3650793650793651 0.3492063492063493 0.25396825396825395 0.15873015873015875 0.09523809523809519 0.38095238095238093 0.3650793650793651 0.19047619047619055 0.0 0.19047619047619055 0.0 0.12698412698412698 0.03174603174603178 0.3174603174603175 0.22222222222222218 0.09523809523809519 0.11111111111111102 0.03174603174603178 0.047619047619047596 0.0 0.0 0.01587301587301582 0.03174603174603178 0.047619047619047596 0.01587301587301582 0.15873015873015875 0.17460317460317457 0.12698412698412698 0.1428571428571428 0.09523809523809519 0.11111111111111116 0.15873015873015875 0.07936507936507937 0.06349206349206349 0.07936507936507937 0.09523809523809519 0.11111111111111116 0.09523809523809519 0.07936507936507937 0.09523809523809519 0.06349206349206342 0.07936507936507937 0.11111111111111116 0.047619047619047596 0.17460317460317457 0.0 0.01587301587301582 0.06349206349206342 0.17460317460317457 0.15873015873015875 0.06349206349206349 0.0 0.01587301587301582 0.19047619047619055 0.17460317460317457 0.0 0.01587301587301582 0.0 0.09523809523809519 0.0 0.25396825396825395 0.15873015873015875 0.06349206349206349 0.0 0.11111111111111116 0.01587301587301582 0.20634920634920637 0.19047619047619055 0.09523809523809519 0.0 0.0 0.03174603174603178 0.047619047619047596 0.0 0.0 0.11111111111111102 0.03174603174603178 0.047619047619047596 0.0 0.01587301587301582 0.03174603174603178 0.01587301587301582 0.0 0.03174603174603178 0.09523809523809519 0.0 0.0 0.11111111111111116 0.01587301587301582 0.09523809523809519
0.0 0.0 0.09523809523809519 0.28571428571428575 0.19047619047619055 0.0 0.41269841269841273 0.3968253968253969 0.38095238095238093 0.28571428571428575 0.03174603174603178 0.41269841269841273 0.3968253968253969 0.0 0.047619047619047596 0.23809523809523814 0.14285714285714288 0.3650793650793651 0.3492063492063493 0.3333333333333333 0.23809523809523814 0.0 0.25396825396825395 0.15873015873015875 0.3650793650793651 0.3492063492063493 0.25396825396825395 0.03174603174603178 0.047619047619047596 0.07936507936507937 0.01587301587301582 0.047619047619047596 0.0 0.17460317460317457 0.15873015873015875 0.14285714285714288 0.15873015873015875 0.17460317460317457 0.19047619047619055 0.17460317460317457 0.15873015873015875 0.0 0.0 0.06349206349206349 0.0 0.14285714285714288 0.047619047619047596 0.0 0.26984126984126994 0.25396825396825395 0.23809523809523814 0.14285714285714288 0.07936507936507937 0.28571428571428575 0.26984126984126994 0.25396825396825395 0.0 0.17460317460317457 0.0 0.11111111111111116 0.01587301587301582 0.22222222222222218 0.20634920634920637 0.0 0.01587301587301582 0.0 0.03174603174603178 0.0 0.0 0.0 0.0 0.0 0.0 0.06349206349206342 0.07936507936507937 0.11111111111111116 0.047619047619047596 0.0 0.01587301587301582 0.06349206349206342 0.0 0.0 0.0 0.0 0.01587301587301582 0.0 0.0 0.0 0.12698412698412698 0.1428571428571428 0.09523809523809519 0.11111111111111116 0.07936507936507937 0.06349206349206349 0.07936507936507937 0.12698412698412698 0.07936507936507937 0.06349206349206349 0.047619047619047596 0.06349206349206349 0.07936507936507937 0.09523809523809519 0.07936507936507937 0.06349206349206349 0.07936507936507937 0.047619047619047596 0.15873015873015875 0.0 0.15873015873015875 0.14285714285714288 0.047619047619047596 0.0 0.09523809523809519 0.0 0.11111111111111116 0.09523809523809519 0.07936507936507937 0.0 0.0 0.09523809523809519 0.0 0.0 0.0 0.01587301587301582 0.0 0.03174603174603178 0.0 0.0 0.0 0.07936507936507937 0.0 0.01587301587301582 0.0 0.0 0.0 0.09523809523809519 0.0 0.07936507936507937
