0.005776004973062578 0.010541856610029009 0.0054133858267716535 0.009738914214670534 0.00940219643597182 0.005594695399917115 0.0065271446332366345 0.009350393700787402 0.01144840447575632 0.007019270617488603 0.0062681309573145464 0.005698300870285951 0.005439287194363863 0.007925818483215915 0.005387484459179445 0.008158930791545794 0.007925818483215915 0.005568794032324907 0.005853709075839204 0.007925818483215915 0.006242229589722337 0.006941566514711977 0.005983215913800249 0.006578947368421052 0.005568794032324907 0.007304185661002901 0.005361583091587236 0.005361583091587236 0.009920223787815997 0.0058796104434314135 0.005853709075839204 0.009687111479486117 0.009816618317447161 0.007071073352673021 0.008184832159138003 0.012044135930377124 0.008573352673021135 0.005750103605470369 0.00572420223787816 0.005905511811023622 0.0064235391628678 0.0052579776212184 0.009505801906340655 0.005465188561956071 0.005309780356402818 0.008832366348943224 0.010878574388727726 0.005206174886033982 0.0061386241193535016 0.00870285951098218 0.011836924989639452 0.008728760878574389 0.006501243265644426 0.005750103605470369 0.005516991297140489 0.006371736427683382 0.0060091172813924575 0.006812059676750933 0.0062681309573145464 0.005698300870285951 0.005672399502693742 0.0052579776212184 0.0064235391628678 0.0052838789888106094 0.008987774554496477 0.00916908412764194 0.009039577289680896 0.006682552838789888 0.007848114380439287 0.010438251139660175 0.007485495234148363 0.005801906340654786 0.005698300870285951 0.005491089929548281 0.010878574388727726 0.005594695399917115 0.005439287194363863 0.010127434728553668 0.010826771653543307 0.005491089929548281 0.008314338997099047 0.009505801906340655 0.012251346871114795 0.00867695814338997 0.006682552838789888 0.005232076253626192 0.006035018648984666 0.006449440530460008 0.005983215913800249 0.010645462080397844 0.006708454206382097 0.006708454206382097 0.0052579776212184 0.011292996270203066 0.011862826357231663 0.005853709075839204 0.008184832159138003 0.009894322420223789 0.012743472855366764 0.00937629506837961 0.006734355573974306 0.005905511811023622 0.00663075010360547 0.006371736427683382 0.006112722751761293 0.006060920016576875 0.005905511811023622 0.00826253626191463 0.006086821384169084 0.009117281392457521 0.007640903439701616 0.008780563613758806 0.00823663489432242 0.009039577289680896 0.006112722751761293 0.0071228760878574385 0.010308744301699129 0.0072523829258184834 0.006371736427683382 0.0052838789888106094 0.005698300870285951 0.006086821384169084 0.005983215913800249 0.006734355573974306 0.005983215913800249 0.006786158309158723 0.005646498135101533 0.007355988396187319 0.005232076253626192 0.005905511811023622 0.005801906340654786 0.006035018648984666 0.005491089929548281 0.007640903439701616 0.005698300870285951 0.005620596767509325 0.005594695399917115 0.0061386241193535016
0.1111111111111111 0.024691358024691353 0.16049382716049382 0.20987654320987648 0.1851851851851852 0.037037037037037014 0.2839506172839506 0.25925925925925924 0.23456790123456783 0.20987654320987648 0.1851851851851852 0.2839506172839506 0.25925925925925924 0.09876543209876541 0.0 0.0 0.0 0.0 0.0 0.0 0.0 0.07407407407407403 0.0 0.0 0.0 0.0 0.0 0.0617283950617284 0.14814814814814806 0.0 0.0 0.0 0.0 0.0 0.0 0.0 0.0 0.0 0.0 0.0 0.0 0.037037037037037014 0.1234567901234568 0.0 0.0 0.0 0.0 0.0 0.0 0.0 0.0 0.0 0.0 0.0 0.0 0.0 0.0 0.0 0.09876543209876541 0.0 0.0 0.0 0.0 0.13580246913580243 0.2222222222222222 0.0 0.0 0.0 0.0 0.0 0.0 0.0 0.0 0.11111111111111105 0.19753086419753083 0.0 0.0 0.0 0.0 0.0 0.0 0.0 0.0 0.0 0.0 0.0 0.0 0.0 0.08641975308641967 0.17283950617283944 0.0 0.0 0.0 0.0 0.0 0.0 0.0 0.0 0.0 0.0 0.0 0.0 0.0 0.0 0.0 0.14814814814814806 0.0 0.0 0.0 0.0 0.0 0.1234567901234568 0.0 0.0 0.0 0.0 0.0 0.0 0.0 0.0 0.2469135802469136 0.0 0.0 0.2222222222222222 0.0 0.0 0.0 0.0 0.0 0.19753086419753083 0.0 0.0 0.0 0.0 0.0 0.0 0.0 0.0
0.024691358024691353 0.0 0.07407407407407403 0.1234567901234568 0.09876543209876541 0.07407407407407403 0.19753086419753083 0.17283950617283944 0.14814814814814806 0.1234567901234568 0.09876543209876541 0.19753086419753083 0.17283950617283944 0.07407407407407403 0.0 0.0 0.0 0.0 0.0 0.0 0.0 0.049382716049382706 0.0 0.0 0.0 0.0 0.0 0.0 0.1234567901234568 0.0 0.0 0.0 0.0 0.0 0.0 0.0 0.0 0.0 0.0 0.0 0.0 0.0 0.09876543209876541 0.0 0.0 0.0 0.0 0.0 0.0 0.0 0.0 0.0 0.0 0.0 0.0 0.0 0.0 0.0 0.07407407407407403 0.0 0.0 0.0 0.0 0.04938271604938265 0.19753086419753083 0.0 0.0 0.0 0.0 0.0 0.0 0.0 0.0 0.02469135802469127 0.17283950617283944 0.0 0.0 0.0 0.0 0.0 0.0 0.0 0.0 0.0 0.0 0.0 0.0 0.0 0.0 0.14814814814814806 0.0 0.0 0.0 0.0 0.0 0.0 0.0 0.0 0.0 0.0 0.0 0.0 0.0 0.0 0.0 0.1234567901234568 0.0 0.0 0.0 0.0 0.0 0.09876543209876541 0.0 0.0 0.0 0.0 0.0 0.0 0.0 0.0 0.2222222222222222 0.0 0.0 0.19753086419753083 0.0 0.0 0.0 0.0 0.0 0.17283950617283944 0.0 0.0 0.0 0.0 0.0 0.0 0.0 0.0
0.16049382716049382 0.07407407407407403 0.33333333333333326 0.38271604938271603 0.3580246913580246 0.08641975308641967 0.45679012345679004 0.4320987654320988 0.4074074074074074 0.38271604938271603 0.23456790123456783 0.45679012345679004 0.4320987654320988 0.14814814814814806 0.07407407407407403 0.1234567901234568 0.09876543209876541 0.19753086419753083 0.17283950617283944 0.14814814814814806 0.1234567901234568 0.1234567901234568 0.20987654320987648 0.1851851851851852 0.25925925925925924 0.23456790123456783 0.20987654320987648 0.11111111111111105 0.19753086419753083 0.0 0.02469135802469127 0.0 0.0 0.0 0.0 0.0 0.0 0.0 0.0 0.0 0.0 0.08641975308641967 0.17283950617283944 0.037037037037037014 0.0617283950617284 0.0 0.0 0.0 0.0 0.0 0.0 0.0 0.0 0.012345679012345635 0.0 0.0 0.037037037037037014 0.02469135802469127 0.14814814814814806 0.11111111111111105 0.08641975308641967 0.16049382716049382 0.13580246913580243 0.1851851851851852 0.27160493827160487 0.0 0.0 0.0 0.0 0.0 0.0 0.0 0.0 0.16049382716049382 0.2469135802469136 0.0 0.07407407407407403 0.0 0.0 0.0 0.0 0.0 0.0 0.0 0.0 0.0 0.0 0.0 0.13580246913580243 0.2222222222222222 0.0 0.04938271604938265 0.0 0.0 0.0 0.0 0.0 0.0 0.0 0.0 0.0 0.0 0.0 0.0 0.0 0.19753086419753083 0.0 0.0 0.0 0.0 0.0 0.17283950617283944 0.0 0.0 0.0 0.0 0.0 0.0 0.0 0.0 0.2962962962962961 0.0 0.0 0.27160493827160487 0.0 0.0 0.0 0.0 0.0 0.2469135802469136 0.0 0.0 0.0 0.0 0.0 0.0 0.0 0.0
0.20987654320987648 0.1234567901234568 0.38271604938271603 0.5555555555555556 0.4691358024691358 0.25925925925925924 0.6296296296296297 0.6049382716049381 0.5802469135802468 0.4320987654320988 0.345679012345679 0.6296296296296297 0.6049382716049381 0.19753086419753083 0.1234567901234568 0.2962962962962962 0.20987654320987648 0.3703703703703704 0.345679012345679 0.32098765432098764 0.17283950617283944 0.17283950617283944 0.38271604938271603 0.2962962962962962 0.4320987654320988 0.4074074074074074 0.25925925925925924 0.2222222222222222 0.2469135802469136 0.17283950617283944 0.19753086419753083 0.1234567901234568 0.14814814814814806 0.19753086419753083 0.17283950617283944 0.14814814814814806 0.17283950617283944 0.19753086419753083 0.2222222222222222 0.19753086419753083 0.17283950617283944 0.13580246913580243 0.2222222222222222 0.08641975308641967 0.11111111111111105 0.20987654320987648 0.1234567901234568 0.13580246913580243 0.2839506172839506 0.25925925925925924 0.23456790123456783 0.08641975308641967 0.11111111111111105 0.308641975308642 0.2839506172839506 0.25925925925925924 0.20987654320987648 0.32098765432098764 0.19753086419753083 0.345679012345679 0.25925925925925924 0.39506172839506165 0.3703703703703704 0.23456790123456775 0.32098765432098764 0.012345679012345635 0.037037037037037014 0.0 0.0 0.0 0.0 0.0 0.0 0.20987654320987648 0.2962962962962961 0.09876543209876541 0.1234567901234568 0.04938271604938265 0.07407407407407403 0.14814814814814806 0.0 0.0 0.0 0.0 0.0 0.0 0.0 0.0 0.1851851851851852 0.27160493827160487 0.13580246913580243 0.16049382716049382 0.11111111111111105 0.08641975308641967 0.11111111111111105 0.1851851851851852 0.0 0.0 0.0 0.0 0.0 0.012345679012345635 0.0 0.0 0.0 0.2469135802469136 0.17283950617283944 0.08641975308641967 0.04938271604938265 0.08641975308641967 0.0 0.2222222222222222 0.25925925925925924 0.17283950617283944 0.16049382716049382 0.13580246913580243 0.17283950617283944 0.08641975308641967 0.0 0.13580246913580243 0.3456790123456789 0.0 0.0 0.32098765432098764 0.012345679012345635 0.037037037037037014 0.0 0.0 0.0 0.2962962962962961 0.04938271604938265 0.07407407407407403 0.0 0.0 0.0 0.13580246913580243 0.04938271604938265 0.04938271604938265
0.1851851851851852 0.09876543209876541 0.3580246913580246 0.4691358024691358 0.4444444444444444 0.23456790123456783 0.5432098765432097 0.5185185185185185 0.4938271604938272 0.4691358024691358 0.32098765432098764 0.5432098765432097 0.5185185185185185 0.17283950617283944 0.09876543209876541 0.20987654320987648 0.1851851851851852 0.2839506172839506 0.25925925925925924 0.23456790123456783 0.20987654320987648 0.14814814814814806 0.2962962962962962 0.27160493827160487 0.345679012345679 0.32098765432098764 0.2962962962962962 0.13580246913580243 0.2222222222222222 0.08641975308641967 0.11111111111111105 0.0 0.0617283950617284 0.0 0.0 0.0 0.08641975308641967 0.11111111111111105 0.012345679012345635 0.0 0.0 0.17283950617283944 0.19753086419753083 0.1234567901234568 0.14814814814814806 0.1234567901234568 0.09876543209876541 0.17283950617283944 0.19753086419753083 0.17283950617283944 0.14814814814814806 0.1234567901234568 0.14814814814814806 0.2222222222222222 0.19753086419753083 0.17283950617283944 0.1851851851851852 0.23456790123456783 0.17283950617283944 0.25925925925925924 0.23456790123456783 0.308641975308642 0.2839506172839506 0.20987654320987648 0.2962962962962961 0.0 0.0 0.0 0.0 0.0 0.0 0.0 0.0 0.1851851851851852 0.27160493827160487 0.012345679012345635 0.09876543209876541 0.0 0.0 0.0617283950617284 0.0 0.0 0.0 0.0 0.0 0.0 0.0 0.0 0.16049382716049382 0.2469135802469136 0.04938271604938265 0.07407407407407403 0.0 0.0 0.02469135802469127 0.09876543209876541 0.0 0.0 0.0 0.0 0.0 0.0 0.0 0.0 0.0 0.2222222222222222 0.08641975308641967 0.0617283950617284 0.0 0.0 0.0 0.19753086419753083 0.17283950617283944 0.14814814814814806 0.07407407407407403 0.04938271604938265 0.02469135802469127 0.0617283950617284 0.0 0.04938271604938265 0.32098765432098764 0.0 0.0 0.2962962962962961 0.0 0.0 0.0 0.0 0.0 0.27160493827160487 0.0 0.0 0.0 0.0 0.0 0.04938271604938265 0.02469135802469127 0.0
0.037037037037037014 0.07407407407407403 0.08641975308641967 0.25925925925925924 0.23456790123456783 0.33333333333333326 0.33333333333333326 0.308641975308642 0.2839506172839506 0.25925925925925924 0.23456790123456783 0.33333333333333326 0.308641975308642 0.14814814814814806 0.0 0.0 0.0 0.0 0.0 0.0 0.0 0.1234567901234568 0.0 0.0 0.012345679012345635 0.0 0.0 0.0 0.19753086419753083 0.0 0.0 0.0 0.0 0.0 0.0 0.0 0.0 0.0 0.0 0.0 0.0 0.0 0.17283950617283944 0.0 0.0 0.0 0.0 0.08641975308641967 0.0 0.0 0.0 0.0 0.0 0.0 0.0 0.0 0.0 0.0 0.14814814814814806 0.17283950617283944 0.14814814814814806 0.2222222222222222 0.19753086419753083 0.0617283950617284 0.27160493827160487 0.0 0.0 0.0 0.0 0.0 0.0 0.0 0.0 0.037037037037037014 0.2469135802469136 0.0 0.0 0.0 0.0 0.16049382716049382 0.0 0.0 0.0 0.0 0.0 0.0 0.0 0.0 0.012345679012345635 0.2222222222222222 0.0 0.0 0.0 0.0 0.0 0.13580246913580243 0.0 0.0 0.0 0.0 0.0 0.0 0.0 0.0 0.0 0.19753086419753083 0.0 0.0 0.0 0.0 0.0 0.17283950617283944 0.0 0.0 0.0 0.0 0.0 0.0 0.0 0.0 0.2962962962962961 0.0 0.0 0.27160493827160487 0.0 0.0 0.0 0.0 0.0 0.2469135802469136 0.0 0.0 0.0 0.0 0.0 0.0 0.0 0.0
0.2839506172839506 0.19753086419753083 0.45679012345679004 0.6296296296296297 0.5432098765432097 0.33333333333333326 0.8888888888888888 0.8024691358024691 0.7160493827160492 0.6296296296296297 0.5432098765432097 0.7654320987654321 0.6790123456790124 0.27160493827160487 0.19753086419753083 0.3703703703703704 0.2839506172839506 0.6296296296296297 0.5432098765432097 0.45679012345679004 0.3703703703703704 0.2469135802469136 0.45679012345679004 0.3703703703703704 0.6296296296296297 0.5432098765432097 0.45679012345679004 0.23456790123456775 0.32098765432098764 0.1234567901234568 0.14814814814814806 0.19753086419753083 0.16049382716049382 0.45679012345679004 0.3703703703703704 0.2839506172839506 0.2469135802469136 0.20987654320987648 0.48148148148148134 0.33333333333333326 0.2469135802469136 0.20987654320987648 0.2962962962962961 0.16049382716049382 0.1234567901234568 0.2839506172839506 0.19753086419753083 0.08641975308641967 0.5432098765432097 0.45679012345679004 0.3703703703703704 0.2839506172839506 0.2469135802469136 0.5679012345679012 0.41975308641975295 0.33333333333333326 0.2839506172839506 0.45679012345679004 0.27160493827160487 0.41975308641975295 0.33333333333333326 0.5925925925925924 0.5061728395061729 0.3703703703703704 0.39506172839506165 0.27160493827160487 0.2962962962962961 0.19753086419753083 0.2222222222222222 0.2469135802469136 0.27160493827160487 0.2962962962962961 0.2469135802469136 0.2839506172839505 0.3703703703703704 0.23456790123456775 0.25925925925925924 0.1851851851851852 0.20987654320987648 0.2839506172839505 0.2839506172839506 0.19753086419753083 0.16049382716049382 0.1851851851851852 0.20987654320987648 0.308641975308642 0.16049382716049382 0.1851851851851852 0.25925925925925924 0.3456790123456789 0.14814814814814806 0.17283950617283933 0.2469135802469136 0.16049382716049382 0.1234567901234568 0.19753086419753083 0.3703703703703704 0.2839506172839506 0.19753086419753083 0.16049382716049382 0.1234567901234568 0.39506172839506165 0.2469135802469136 0.16049382716049382 0.1234567901234568 0.32098765432098764 0.2469135802469136 0.16049382716049382 0.3703703703703704 0.2839506172839506 0.19753086419753083 0.2962962962962961 0.33333333333333326 0.2469135802469136 0.5432098765432097 0.45679012345679004 0.3703703703703704 0.2839506172839506 0.19753086419753083 0.33333333333333326 0.41975308641975295 0.23456790123456775 0.20987654320987648 0.39506172839506165 0.14814814814814806 0.17283950617283933 0.16049382716049382 0.1234567901234568 0.14814814814814806 0.3703703703703704 0.1234567901234568 0.08641975308641967 0.2469135802469136 0.16049382716049382 0.1234567901234568 0.20987654320987648 0.1234567901234568 0.2469135802469136
0.25925925925925924 0.17283950617283944 0.4320987654320988 0.6049382716049381 0.5185185185185185 0.308641975308642 0.8024691358024691 0.7777777777777777 0.691358024691358 0.6049382716049381 0.5185185185185185 0.8024691358024691 0.6543209876543209 0.2469135802469136 0.17283950617283944 0.345679012345679 0.25925925925925924 0.5432098765432097 0.5185185185185185 0.4320987654320988 0.345679012345679 0.2222222222222222 0.4320987654320988 0.345679012345679 0.6049382716049381 0.5185185185185185 0.4320987654320988 0.20987654320987648 0.2962962962962961 0.09876543209876541 0.1234567901234568 0.17283950617283944 0.13580246913580243 0.3703703703703704 0.345679012345679 0.25925925925925924 0.2222222222222222 0.2469135802469136 0.39506172839506165 0.3703703703703704 0.2222222222222222 0.1851851851851852 0.27160493827160487 0.13580246913580243 0.09876543209876541 0.25925925925925924 0.17283950617283944 0.0617283950617284 0.45679012345679004 0.4320987654320988 0.345679012345679 0.25925925925925924 0.2222222222222222 0.48148148148148134 0.45679012345679004 0.308641975308642 0.25925925925925924 0.4320987654320988 0.2469135802469136 0.39506172839506165 0.308641975308642 0.5679012345679012 0.48148148148148134 0.2839506172839505 0.3703703703703704 0.1851851851851852 0.20987654320987648 0.04938271604938265 0.13580246913580243 0.16049382716049382 0.1851851851851852 0.20987654320987648 0.16049382716049382 0.32098765432098764 0.3456790123456789 0.27160493827160487 0.2962962962962961 0.2222222222222222 0.2469135802469136 0.32098765432098764 0.19753086419753083 0.17283950617283944 0.19753086419753083 0.2222222222222222 0.2469135802469136 0.2222222222222222 0.19753086419753083 0.2222222222222222 0.23456790123456775 0.32098765432098764 0.1851851851851852 0.20987654320987648 0.2839506172839506 0.13580246913580243 0.16049382716049382 0.23456790123456775 0.2839506172839506 0.25925925925925924 0.17283950617283944 0.13580246913580243 0.16049382716049382 0.308641975308642 0.2839506172839506 0.13580246913580243 0.16049382716049382 0.2962962962962961 0.2222222222222222 0.13580246913580243 0.345679012345679 0.25925925925925924 0.17283950617283944 0.27160493827160487 0.308641975308642 0.2222222222222222 0.45679012345679004 0.4320987654320988 0.345679012345679 0.25925925925925924 0.17283950617283944 0.308641975308642 0.39506172839506165 0.14814814814814806 0.1234567901234568 0.3703703703703704 0.1851851851851852 0.20987654320987648 0.13580246913580243 0.16049382716049382 0.1851851851851852 0.3456790123456789 0.09876543209876541 0.1234567901234568 0.2222222222222222 0.13580246913580243 0.09876543209876541 0.1851851851851852 0.09876543209876541 0.2222222222222222
0.23456790123456783 0.14814814814814806 0.4074074074074074 0.5802469135802468 0.4938271604938272 0.2839506172839506 0.7160493827160492 0.691358024691358 0.6666666666666665 0.5802469135802468 0.4938271604938272 0.7160493827160492 0.691358024691358 0.2222222222222222 0.14814814814814806 0.32098765432098764 0.23456790123456783 0.45679012345679004 0.4320987654320988 0.4074074074074074 0.32098765432098764 0.19753086419753083 0.4074074074074074 0.32098765432098764 0.5185185185185185 0.4938271604938272 0.4074074074074074 0.1851851851851852 0.27160493827160487 0.13580246913580243 0.16049382716049382 0.14814814814814806 0.11111111111111105 0.2839506172839506 0.25925925925925924 0.23456790123456783 0.25925925925925924 0.2839506172839506 0.308641975308642 0.2839506172839506 0.25925925925925924 0.16049382716049382 0.2469135802469136 0.11111111111111105 0.07407407407407403 0.23456790123456783 0.14814814814814806 0.09876543209876541 0.3703703703703704 0.345679012345679 0.32098765432098764 0.23456790123456783 0.19753086419753083 0.39506172839506165 0.3703703703703704 0.345679012345679 0.23456790123456783 0.4074074074074074 0.2222222222222222 0.3703703703703704 0.2839506172839506 0.48148148148148134 0.45679012345679004 0.25925925925925924 0.3456790123456789 0.09876543209876541 0.1234567901234568 0.0 0.0 0.07407407407407403 0.09876543209876541 0.1234567901234568 0.0 0.23456790123456775 0.32098765432098764 0.1851851851851852 0.20987654320987648 0.13580246913580243 0.16049382716049382 0.23456790123456775 0.0 0.02469135802469127 0.11111111111111105 0.13580246913580243 0.16049382716049382 0.012345679012345635 0.0 0.13580246913580243 0.27160493827160487 0.2962962962962961 0.2222222222222222 0.2469135802469136 0.19753086419753083 0.17283950617283944 0.19753086419753083 0.27160493827160487 0.19753086419753083 0.17283950617283944 0.14814814814814806 0.17283950617283944 0.19753086419753083 0.2222222222222222 0.19753086419753083 0.17283950617283944 0.19753086419753083 0.27160493827160487 0.25925925925925924 0.11111111111111105 0.25925925925925924 0.23456790123456783 0.14814814814814806 0.2469135802469136 0.345679012345679 0.19753086419753083 0.3703703703703704 0.345679012345679 0.32098765432098764 0.23456790123456783 0.14814814814814806 0.345679012345679 0.3703703703703704 0.0617283950617284 0.037037037037037014 0.3456790123456789 0.09876543209876541 0.1234567901234568 0.0 0.07407407407407403 0.09876543209876541 0.32098765432098764 0.13580246913580243 0.16049382716049382 0.13580246913580243 0.11111111111111105 0.13580246913580243 0.2222222222222222 0.07407407407407403 0.19753086419753083
0.20987654320987648 0.1234567901234568 0.38271604938271603 0.4320987654320988 0.4691358024691358 0.25925925925925924 0.6296296296296297 0.6049382716049381 0.5802469135802468 0.5555555555555556 0.4691358024691358 0.6296296296296297 0.6049382716049381 0.19753086419753083 0.1234567901234568 0.17283950617283944 0.20987654320987648 0.3703703703703704 0.345679012345679 0.32098765432098764 0.2962962962962962 0.17283950617283944 0.25925925925925924 0.2962962962962962 0.4320987654320988 0.4074074074074074 0.38271604938271603 0.16049382716049382 0.2469135802469136 0.04938271604938265 0.07407407407407403 0.0 0.08641975308641967 0.07407407407407403 0.04938271604938265 0.08641975308641967 0.17283950617283944 0.19753086419753083 0.09876543209876541 0.07407407407407403 0.04938271604938265 0.13580246913580243 0.2222222222222222 0.08641975308641967 0.11111111111111105 0.08641975308641967 0.1234567901234568 0.13580246913580243 0.2839506172839506 0.25925925925925924 0.23456790123456783 0.20987654320987648 0.23456790123456783 0.308641975308642 0.2839506172839506 0.25925925925925924 0.20987654320987648 0.32098765432098764 0.19753086419753083 0.2222222222222222 0.25925925925925924 0.39506172839506165 0.3703703703703704 0.23456790123456775 0.32098765432098764 0.0 0.037037037037037014 0.0 0.0 0.0 0.012345679012345635 0.037037037037037014 0.0 0.20987654320987648 0.2962962962962961 0.09876543209876541 0.1234567901234568 0.0 0.07407407407407403 0.14814814814814806 0.0 0.0 0.0 0.04938271604938265 0.07407407407407403 0.0 0.0 0.0 0.1851851851851852 0.27160493827160487 0.13580246913580243 0.16049382716049382 0.0 0.0 0.11111111111111105 0.1851851851851852 0.0 0.0 0.0 0.08641975308641967 0.11111111111111105 0.012345679012345635 0.0 0.0 0.11111111111111105 0.2469135802469136 0.17283950617283944 0.14814814814814806 0.17283950617283944 0.14814814814814806 0.1234567901234568 0.2222222222222222 0.25925925925925924 0.23456790123456783 0.2839506172839506 0.25925925925925924 0.23456790123456783 0.20987654320987648 0.1234567901234568 0.25925925925925924 0.3456790123456789 0.0 0.0 0.32098765432098764 0.0 0.037037037037037014 0.0 0.0 0.012345679012345635 0.2962962962962961 0.0 0.07407407407407403 0.0 0.0 0.04938271604938265 0.13580246913580243 0.11111111111111105 0.11111111111111105
0.1851851851851852 0.09876543209876541 0.23456790123456783 0.345679012345679 0.32098765432098764 0.23456790123456783 0.5432098765432097 0.5185185185185185 0.4938271604938272 0.4691358024691358 0.4444444444444444 0.5432098765432097 0.5185185185185185 0.17283950617283944 0.0 0.02469135802469127 0.0617283950617284 0.16049382716049382 0.13580246913580243 0.11111111111111105 0.14814814814814806 0.14814814814814806 0.17283950617283944 0.14814814814814806 0.345679012345679 0.32098765432098764 0.2962962962962962 0.13580246913580243 0.2222222222222222 0.0 0.04938271604938265 0.0 0.0 0.0 0.0 0.0 0.02469135802469127 0.11111111111111105 0.0 0.0 0.0 0.11111111111111105 0.19753086419753083 0.0 0.02469135802469127 0.0 0.0 0.04938271604938265 0.07407407407407403 0.04938271604938265 0.02469135802469127 0.0617283950617284 0.14814814814814806 0.09876543209876541 0.07407407407407403 0.04938271604938265 0.0617283950617284 0.23456790123456783 0.17283950617283944 0.13580246913580243 0.11111111111111105 0.308641975308642 0.2839506172839506 0.20987654320987648 0.2962962962962961 0.0 0.0 0.0 0.0 0.0 0.0 0.0 0.0 0.1851851851851852 0.27160493827160487 0.0 0.09876543209876541 0.0 0.0 0.0617283950617284 0.0 0.0 0.0 0.0 0.0 0.0 0.0 0.0 0.16049382716049382 0.2469135802469136 0.0 0.07407407407407403 0.0 0.0 0.0 0.09876543209876541 0.0 0.0 0.0 0.0 0.02469135802469127 0.0 0.0 0.0 0.0 0.2222222222222222 0.0 0.0 0.0 0.0 0.0 0.19753086419753083 0.17283950617283944 0.14814814814814806 0.19753086419753083 0.17283950617283944 0.14814814814814806 0.1234567901234568 0.09876543209876541 0.17283950617283944 0.32098765432098764 0.0 0.0 0.2962962962962961 0.0 0.0 0.0 0.0 0.0 0.27160493827160487 0.0 0.0 0.0 0.0 0.0 0.0 0.0 0.0
0.2839506172839506 0.19753086419753083 0.45679012345679004 0.6296296296296297 0.5432098765432097 0.33333333333333326 0.7654320987654321 0.8024691358024691 0.7160493827160492 0.6296296296296297 0.5432098765432097 0.8888888888888888 0.8024691358024691 0.27160493827160487 0.19753086419753083 0.3703703703703704 0.2839506172839506 0.5061728395061729 0.5432098765432097 0.45679012345679004 0.3703703703703704 0.2469135802469136 0.45679012345679004 0.3703703703703704 0.6296296296296297 0.5432098765432097 0.45679012345679004 0.23456790123456775 0.32098765432098764 0.1234567901234568 0.14814814814814806 0.19753086419753083 0.16049382716049382 0.33333333333333326 0.3703703703703704 0.2839506172839506 0.2469135802469136 0.20987654320987648 0.48148148148148134 0.45679012345679004 0.3703703703703704 0.20987654320987648 0.2962962962962961 0.16049382716049382 0.1234567901234568 0.2839506172839506 0.19753086419753083 0.08641975308641967 0.41975308641975295 0.45679012345679004 0.3703703703703704 0.2839506172839506 0.2469135802469136 0.5679012345679012 0.5432098765432097 0.45679012345679004 0.2839506172839506 0.45679012345679004 0.27160493827160487 0.41975308641975295 0.33333333333333326 0.5925925925925924 0.5061728395061729 0.308641975308642 0.39506172839506165 0.14814814814814806 0.17283950617283933 0.07407407407407403 0.16049382716049382 0.1234567901234568 0.14814814814814806 0.17283950617283933 0.2469135802469136 0.2839506172839505 0.3703703703703704 0.23456790123456775 0.25925925925925924 0.1851851851851852 0.20987654320987648 0.2839506172839505 0.16049382716049382 0.19753086419753083 0.16049382716049382 0.1851851851851852 0.20987654320987648 0.308641975308642 0.2839506172839506 0.308641975308642 0.25925925925925924 0.3456790123456789 0.14814814814814806 0.17283950617283933 0.2469135802469136 0.16049382716049382 0.1234567901234568 0.19753086419753083 0.2469135802469136 0.2839506172839506 0.19753086419753083 0.16049382716049382 0.1234567901234568 0.39506172839506165 0.3703703703703704 0.2839506172839506 0.2469135802469136 0.32098765432098764 0.2469135802469136 0.16049382716049382 0.3703703703703704 0.2839506172839506 0.19753086419753083 0.2962962962962961 0.33333333333333326 0.2469135802469136 0.41975308641975295 0.45679012345679004 0.3703703703703704 0.2839506172839506 0.19753086419753083 0.45679012345679004 0.41975308641975295 0.23456790123456775 0.20987654320987648 0.39506172839506165 0.27160493827160487 0.2962962962962961 0.2222222222222222 0.2469135802469136 0.27160493827160487 0.3703703703703704 0.1851851851851852 0.20987654320987648 0.308641975308642 0.16049382716049382 0.1851851851851852 0.27160493827160487 0.1234567901234568 0.2469135802469136
0.25925925925925924 0.17283950617283944 0.4320987654320988 0.6049382716049381 0.5185185185185185 0.308641975308642 0.6790123456790124 0.6543209876543209 0.691358024691358 0.6049382716049381 0.5185185185185185 0.8024691358024691 0.7777777777777777 0.2469135802469136 0.17283950617283944 0.345679012345679 0.25925925925925924 0.41975308641975295 0.39506172839506165 0.4320987654320988 0.345679012345679 0.2222222222222222 0.4320987654320988 0.345679012345679 0.48148148148148134 0.5185185185185185 0.4320987654320988 0.20987654320987648 0.2962962962962961 0.09876543209876541 0.1234567901234568 0.17283950617283944 0.13580246913580243 0.2469135802469136 0.2222222222222222 0.25925925925925924 0.2222222222222222 0.2469135802469136 0.39506172839506165 0.3703703703703704 0.345679012345679 0.1851851851851852 0.27160493827160487 0.13580246913580243 0.09876543209876541 0.25925925925925924 0.17283950617283944 0.0617283950617284 0.33333333333333326 0.308641975308642 0.345679012345679 0.25925925925925924 0.2222222222222222 0.48148148148148134 0.45679012345679004 0.4320987654320988 0.25925925925925924 0.4320987654320988 0.2469135802469136 0.39506172839506165 0.308641975308642 0.4444444444444444 0.48148148148148134 0.2839506172839505 0.3703703703703704 0.0617283950617284 0.08641975308641967 0.0 0.012345679012345635 0.09876543209876541 0.0617283950617284 0.08641975308641967 0.09876543209876541 0.25925925925925924 0.3456790123456789 0.14814814814814806 0.17283950617283933 0.09876543209876541 0.1234567901234568 0.19753086419753083 0.012345679012345635 0.04938271604938265 0.13580246913580243 0.09876543209876541 0.1234567901234568 0.09876543209876541 0.13580246913580243 0.2222222222222222 0.23456790123456775 0.32098765432098764 0.1851851851851852 0.20987654320987648 0.16049382716049382 0.13580246913580243 0.16049382716049382 0.23456790123456775 0.16049382716049382 0.13580246913580243 0.17283950617283944 0.13580246913580243 0.16049382716049382 0.308641975308642 0.2839506172839506 0.25925925925925924 0.2839506172839506 0.2962962962962961 0.2222222222222222 0.13580246913580243 0.2222222222222222 0.25925925925925924 0.17283950617283944 0.27160493827160487 0.308641975308642 0.2222222222222222 0.33333333333333326 0.308641975308642 0.345679012345679 0.25925925925925924 0.17283950617283944 0.4320987654320988 0.39506172839506165 0.14814814814814806 0.1234567901234568 0.3703703703703704 0.1851851851851852 0.20987654320987648 0.012345679012345635 0.16049382716049382 0.1851851851851852 0.3456790123456789 0.2222222222222222 0.2469135802469136 0.2222222222222222 0.19753086419753083 0.2222222222222222 0.308641975308642 0.16049382716049382 0.2839506172839506
0.09876543209876541 0.07407407407407403 0.14814814814814806 0.19753086419753083 0.17283950617283944 0.14814814814814806 0.27160493827160487 0.2469135802469136 0.2222222222222222 0.19753086419753083 0.17283950617283944 0.27160493827160487 0.2469135802469136 0.33333333333333326 0.07407407407407403 0.0 0.037037037037037014 0.012345679012345635 0.0 0.0 0.0 0.2469135802469136 0.02469135802469127 0.0617283950617284 0.07407407407407403 0.04938271604938265 0.02469135802469127 0.2962962962962962 0.38271604938271603 0.1234567901234568 0.20987654320987648 0.0 0.0 0.0 0.0 0.0 0.0 0.0 0.0 0.0 0.0 0.27160493827160487 0.3580246913580246 0.09876543209876541 0.1851851851851852 0.0 0.0 0.08641975308641967 0.0 0.0 0.0 0.0 0.0 0.0 0.0 0.0 0.0 0.0 0.08641975308641967 0.0 0.0 0.0 0.0 0.3703703703703704 0.45679012345679004 0.0 0.0 0.0 0.0 0.0 0.0 0.0 0.0 0.345679012345679 0.4320987654320988 0.17283950617283944 0.25925925925925924 0.0 0.0 0.16049382716049382 0.0 0.0 0.0 0.0 0.0 0.0 0.0 0.0 0.32098765432098764 0.4074074074074074 0.14814814814814806 0.23456790123456783 0.0 0.0 0.0 0.13580246913580243 0.0 0.0 0.0 0.0 0.0 0.0 0.0 0.0 0.0 0.38271604938271603 0.0 0.0 0.0 0.0 0.0 0.23456790123456783 0.0 0.0 0.0 0.0 0.0 0.0 0.0 0.0 0.48148148148148134 0.0 0.0 0.45679012345679004 0.0 0.0 0.0 0.0 0.0 0.4320987654320988 0.0 0.0 0.0 0.0 0.0 0.0 0.0 0.0
0.0 0.0 0.07407407407407403 0.1234567901234568 0.09876543209876541 0.0 0.19753086419753083 0.17283950617283944 0.14814814814814806 0.1234567901234568 0.0 0.19753086419753083 0.17283950617283944 0.07407407407407403 0.0 0.049382716049382706 0.024691358024691353 0.1234567901234568 0.09876543209876541 0.07407407407407403 0.049382716049382706 0.0 0.07407407407407403 0.049382716049382706 0.1234567901234568 0.09876543209876541 0.07407407407407403 0.09876543209876541 0.1234567901234568 0.049382716049382706 0.07407407407407403 0.0 0.0 0.0 0.0 0.0 0.0 0.0 0.0 0.0 0.0 0.07407407407407403 0.09876543209876541 0.024691358024691353 0.049382716049382706 0.0 0.0 0.0 0.0 0.0 0.0 0.0 0.0 0.0 0.0 0.0 0.0 0.0 0.0 0.0 0.0 0.02469135802469127 0.0 0.17283950617283944 0.19753086419753083 0.0 0.0 0.0 0.0 0.0 0.0 0.0 0.0 0.14814814814814806 0.17283950617283944 0.09876543209876541 0.1234567901234568 0.0 0.0 0.02469135802469127 0.0 0.0 0.0 0.0 0.0 0.0 0.0 0.0 0.1234567901234568 0.14814814814814806 0.07407407407407403 0.09876543209876541 0.0 0.0 0.0 0.0 0.0 0.0 0.0 0.0 0.0 0.0 0.0 0.0 0.0 0.1234567901234568 0.0 0.0 0.0 0.0 0.0 0.0 0.0 0.0 0.0 0.0 0.0 0.0 0.0 0.0 0.2222222222222222 0.0 0.0 0.19753086419753083 0.0 0.0 0.0 0.0 0.0 0.17283950617283944 0.0 0.0 0.0 0.0 0.0 0.0 0.0 0.0
0.0 0.0 0.1234567901234568 0.2962962962962962 0.20987654320987648 0.0 0.3703703703703704 0.345679012345679 0.32098765432098764 0.17283950617283944 0.02469135802469127 0.3703703703703704 0.345679012345679 0.0 0.049382716049382706 0.2222222222222222 0.13580246913580243 0.2962962962962962 0.27160493827160487 0.2469135802469136 0.09876543209876541 0.0 0.2469135802469136 0.16049382716049382 0.2962962962962962 0.27160493827160487 0.1234567901234568 0.14814814814814806 0.17283950617283944 0.09876543209876541 0.1234567901234568 0.049382716049382706 0.07407407407407403 0.1234567901234568 0.09876543209876541 0.07407407407407403 0.09876543209876541 0.1234567901234568 0.14814814814814806 0.1234567901234568 0.09876543209876541 0.0617283950617284 0.08641975308641967 0.07407407407407403 0.037037037037037014 0.13580246913580243 0.049382716049382706 0.0617283950617284 0.20987654320987648 0.1851851851851852 0.16049382716049382 0.012345679012345635 0.037037037037037014 0.23456790123456783 0.20987654320987648 0.1851851851851852 0.012345679012345635 0.1234567901234568 0.0 0.14814814814814806 0.0617283950617284 0.19753086419753083 0.17283950617283944 0.09876543209876541 0.1234567901234568 0.0 0.08641975308641967 0.0 0.0 0.0 0.0 0.0 0.0 0.07407407407407403 0.09876543209876541 0.14814814814814806 0.11111111111111105 0.0 0.0617283950617284 0.07407407407407403 0.0 0.0 0.0 0.0 0.0 0.0 0.0 0.0 0.11111111111111105 0.13580246913580243 0.1234567901234568 0.08641975308641967 0.037037037037037014 0.012345679012345635 0.037037037037037014 0.11111111111111105 0.0 0.0 0.0 0.0 0.0 0.0 0.0 0.0 0.0 0.04938271604938265 0.09876543209876541 0.012345679012345635 0.0 0.012345679012345635 0.0 0.0 0.1234567901234568 0.037037037037037014 0.02469135802469127 0.0 0.0 0.0 0.0 0.0 0.14814814814814806 0.02469135802469127 0.0 0.1234567901234568 0.0 0.08641975308641967 0.0 0.0 0.0 0.09876543209876541 0.0 0.0617283950617284 0.0 0.0 0.0 0.1234567901234568 0.037037037037037014 0.0
0.0 0.0 0.09876543209876541 0.20987654320987648 0.1851851851851852 0.0 0.2839506172839506 0.25925925925925924 0.23456790123456783 0.20987654320987648 0.0617283950617284 0.2839506172839506 0.25925925925925924 0.037037037037037014 0.024691358024691353 0.13580246913580243 0.1111111111111111 0.20987654320987648 0.1851851851851852 0.16049382716049382 0.13580246913580243 0.0 0.16049382716049382 0.13580246913580243 0.20987654320987648 0.1851851851851852 0.16049382716049382 0.0617283950617284 0.08641975308641967 0.07407407407407403 0.037037037037037014 0.0 0.0 0.0 0.0 0.0 0.012345679012345635 0.037037037037037014 0.0 0.0 0.0 0.09876543209876541 0.1234567901234568 0.049382716049382706 0.07407407407407403 0.049382716049382706 0.024691358024691353 0.09876543209876541 0.1234567901234568 0.09876543209876541 0.07407407407407403 0.049382716049382706 0.07407407407407403 0.14814814814814806 0.1234567901234568 0.09876543209876541 0.0 0.037037037037037014 0.0 0.0617283950617284 0.037037037037037014 0.11111111111111105 0.08641975308641967 0.13580246913580243 0.16049382716049382 0.0 0.0617283950617284 0.0 0.0 0.0 0.0 0.0 0.0 0.11111111111111105 0.13580246913580243 0.1234567901234568 0.08641975308641967 0.0 0.037037037037037014 0.11111111111111105 0.0 0.0 0.0 0.0 0.0 0.0 0.0 0.0 0.08641975308641967 0.11111111111111105 0.09876543209876541 0.0617283950617284 0.0 0.0 0.012345679012345635 0.08641975308641967 0.0 0.0 0.0 0.0 0.0 0.0 0.0 0.0 0.0 0.08641975308641967 0.012345679012345635 0.0 0.0 0.0 0.0 0.0 0.037037037037037014 0.012345679012345635 0.0 0.0 0.0 0.0 0.0 0.0 0.1851851851851852 0.0 0.0 0.16049382716049382 0.0 0.0617283950617284 0.0 0.0 0.0 0.13580246913580243 0.0 0.037037037037037014 0.0 0.0 0.0 0.037037037037037014 0.012345679012345635 0.0
0.0 0.0 0.19753086419753083 0.3703703703703704 0.2839506172839506 0.0 0.6296296296296297 0.5432098765432097 0.45679012345679004 0.3703703703703704 0.16049382716049382 0.5061728395061729 0.41975308641975295 0.012345679012345635 0.1234567901234568 0.2962962962962962 0.20987654320987648 0.5555555555555556 0.4691358024691358 0.38271604938271603 0.2962962962962962 0.0 0.32098765432098764 0.23456790123456783 0.4938271604938272 0.4074074074074074 0.32098765432098764 0.09876543209876541 0.0617283950617284 0.17283950617283944 0.13580246913580243 0.1234567901234568 0.08641975308641967 0.38271604938271603 0.2962962962962962 0.20987654320987648 0.17283950617283944 0.13580246913580243 0.4074074074074074 0.25925925925925924 0.17283950617283944 0.07407407407407403 0.037037037037037014 0.14814814814814806 0.11111111111111105 0.20987654320987648 0.1234567901234568 0.012345679012345635 0.4691358024691358 0.38271604938271603 0.2962962962962962 0.20987654320987648 0.17283950617283944 0.4938271604938272 0.345679012345679 0.25925925925925924 0.08641975308641967 0.25925925925925924 0.0 0.2222222222222222 0.13580246913580243 0.39506172839506165 0.308641975308642 0.2962962962962961 0.32098765432098764 0.19753086419753083 0.2222222222222222 0.1234567901234568 0.14814814814814806 0.17283950617283944 0.19753086419753083 0.2222222222222222 0.17283950617283944 0.20987654320987648 0.23456790123456775 0.2222222222222222 0.1851851851851852 0.11111111111111105 0.13580246913580243 0.20987654320987648 0.20987654320987648 0.1234567901234568 0.08641975308641967 0.11111111111111105 0.13580246913580243 0.23456790123456783 0.08641975308641967 0.11111111111111105 0.1234567901234568 0.14814814814814806 0.19753086419753083 0.16049382716049382 0.17283950617283944 0.08641975308641967 0.11111111111111105 0.1234567901234568 0.2962962962962962 0.20987654320987648 0.1234567901234568 0.08641975308641967 0.04938271604938265 0.32098765432098764 0.17283950617283944 0.08641975308641967 0.04938271604938265 0.0617283950617284 0.17283950617283944 0.08641975308641967 0.2962962962962962 0.20987654320987648 0.1234567901234568 0.0 0.19753086419753083 0.11111111111111105 0.345679012345679 0.25925925925925924 0.17283950617283944 0.08641975308641967 0.0 0.13580246913580243 0.2839506172839505 0.16049382716049382 0.13580246913580243 0.19753086419753083 0.07407407407407403 0.16049382716049382 0.08641975308641967 0.04938271604938265 0.07407407407407403 0.11111111111111094 0.04938271604938265 0.13580246913580243 0.17283950617283944 0.08641975308641967 0.04938271604938265 0.19753086419753083 0.11111111111111105 0.17283950617283944
