0.029470330545599364 0.09179609717244126 0.020749726842916805 0.02855129736850167 0.07064812261944878 0.00968048279876237 0.12420733388475325 0.08200839383635082 0.004513474047524227 0.00741864003512749 0.13328533937852935 0.023838699465939608 0.0030123865249313277 0.024420753811434815 0.019238427840578377 0.15874255838413545 0.018222385605898152 0.04082039028275587 0.09740219955273718 0.011972960001633837
0.11411154920304512 0.0 0.0 0.0 0.04281760755064923 0.21509805203272592 0.007860489925658243 0.05876622914111351 0.0 0.09601644233363515 0.0 0.1439911058068617 0.0 0.0 0.14376535657056877 0.009215704297407257 0.0 0.0 0.0 0.07056420169368138
0.0 0.007963031260430853 0.0 0.0 0.0 0.08743998216524673 0.0 0.0 0.0 0.06628372246513692 0.0 0.0 0.0738357268294898 0.010399547954271782 0.0 0.0 0.0 0.0 0.01458669517860045 0.0
0.0 0.0 0.018791719980299604 0.0 0.0 0.14408438742875873 0.0 0.0 0.0 0.09127761294012515 0.0 0.06905579146792462 0.0 0.0 0.03853104036806343 0.0 0.0 0.0 0.0 0.05242034917446503
0.0 0.0 0.0 0.012654140754051468 0.0 0.010162612719415876 0.0 0.0 0.0 0.0 0.0 0.0 0.0 0.0 0.08683831609883441 0.0 0.0 0.0 0.0 0.0
0.04281760755064923 0.0 0.0 0.0 0.12773730302153297 0.1636117818782168 0.022306793290077565 0.06805172787754188 0.0 0.10136781036609577 0.03370382293843477 0.0772288991070873 0.049627907365774604 0.06847299509077587 0.0824478298931588 0.033821997876238186 0.0 0.0 0.060812783893826605 0.09454967756784782
0.21509805203272592 0.08743998216524673 0.14408438742875873 0.010162612719415876 0.1636117818782168 0.5497752978387069 0.10993341024104808 0.15975273197079431 0.13194924183785517 0.25179958077230324 0.09132200663879786 0.3006120935590353 0.05402424342853607 0.24226352500682324 0.15462512302076803 0.10693396268005273 0.12826391897197453 0.16980933628104822 0.14717786715639036 0.19552203065170914
0.007860489925658243 0.0 0.0 0.0 0.022306793290077565 0.10993341024104808 0.06100833085791635 0.0728999931049934 0.0 0.08300700827271257 0.0 0.047372342924003163 0.05290181970794805 0.03744366668226107 0.029111510488117887 0.0 0.0 0.0 0.031751719337048456 0.01450298333071487
0.05876622914111351 0.0 0.0 0.0 0.06805172787754188 0.15975273197079431 0.0728999931049934 0.15945542860697515 0.0 0.142091890405311 0.05283959518396486 0.09911226619526303 0.01798247690617316 0.022838419531566956 0.15799246782987098 0.039234633111458805 0.0 0.000532449047316419 0.04114827376794494 0.06970640267314465
0.0 0.0 0.0 0.0 0.0 0.13194924183785517 0.0 0.0 0.06354674886878797 0.18054939097024203 0.0 0.0 0.0 0.0 0.0 0.0 0.0 0.0 0.0 0.0
0.09601644233363515 0.06628372246513692 0.09127761294012515 0.0 0.10136781036609577 0.25179958077230324 0.08300700827271257 0.142091890405311 0.18054939097024203 0.5315573172746042 0.044033060310059824 0.12136426398483025 0.0734349631463651 0.11333541348464848 0.1156938347261729 0.047094340962875236 0.09247227401555236 0.12210082537819389 0.06772881945462927 0.21358366286222363
0.0 0.0 0.0 0.0 0.03370382293843477 0.09132200663879786 0.0 0.05283959518396486 0.0 0.044033060310059824 0.01730098404296143 0.024465526225089462 0.0 0.0 0.09032344856551688 0.0 0.0 0.0 0.0 0.015959187899774463
0.1439911058068617 0.0 0.06905579146792462 0.0 0.0772288991070873 0.3006120935590353 0.047372342924003163 0.09911226619526303 0.0 0.12136426398483025 0.024465526225089462 0.2415555925449837 0.0 0.0 0.13257686097625765 0.05179883180771938 0.0 0.0030853730183899586 0.028397190915981696 0.09789347757654454
0.0 0.0738357268294898 0.0 0.0 0.049627907365774604 0.05402424342853607 0.05290181970794805 0.01798247690617316 0.0 0.0734349631463651 0.0 0.0 0.44471496610169936 0.11336635266547646 0.0 0.020599869526392922 0.02220174350536297 0.011004286282521036 0.09250622378094064 0.03962699472914011
0.0 0.010399547954271782 0.0 0.0 0.06847299509077587 0.24226352500682324 0.03744366668226107 0.022838419531566956 0.0 0.11333541348464848 0.0 0.0 0.11336635266547646 0.17194987920586868 0.0 0.013270619509928139 0.05122348476099958 0.01624083513487662 0.058248732762493205 0.08031618827270037
0.14376535657056877 0.0 0.03853104036806343 0.08683831609883441 0.0824478298931588 0.15462512302076803 0.029111510488117887 0.15799246782987098 0.0 0.1156938347261729 0.09032344856551688 0.13257686097625765 0.0 0.0 0.30939084213318324 0.05319317787850153 0.0 0.0028596237820970316 0.021876240091074806 0.10887570192792495
0.009215704297407257 0.0 0.0 0.0 0.033821997876238186 0.10693396268005273 0.0 0.039234633111458805 0.0 0.047094340962875236 0.0 0.05179883180771938 0.020599869526392922 0.013270619509928139 0.05319317787850153 0.0025168961611399254 0.0 0.0 0.009648159578521387 0.03586806890876204
0.0 0.0 0.0 0.0 0.0 0.12826391897197453 0.0 0.0 0.0 0.09247227401555236 0.0 0.0 0.02220174350536297 0.05122348476099958 0.0 0.0 0.015658004484308208 0.0 0.0 0.0
0.0 0.0 0.0 0.0 0.0 0.16980933628104822 0.0 0.000532449047316419 0.0 0.12210082537819389 0.0 0.0030853730183899586 0.011004286282521036 0.01624083513487662 0.0028596237820970316 0.0 0.0 0.043154015761828646 0.0 0.0
0.0 0.01458669517860045 0.0 0.0 0.060812783893826605 0.14717786715639036 0.031751719337048456 0.04114827376794494 0.0 0.06772881945462927 0.0 0.028397190915981696 0.09250622378094064 0.058248732762493205 0.021876240091074806 0.009648159578521387 0.0 0.0 0.0794132985707563 0.051111383272168354
0.07056420169368138 0.0 0.05242034917446503 0.0 0.09454967756784782 0.19552203065170914 0.01450298333071487 0.06970640267314465 0.0 0.21358366286222363 0.015959187899774463 0.09789347757654454 0.03962699472914011 0.08031618827270037 0.10887570192792495 0.03586806890876204 0.0 0.0 0.051111383272168354 0.2067655300639757
