0.029470330545599364 0.09179609717244126 0.020749726842916805 0.02855129736850167 0.07064812261944878 0.00968048279876237 0.12420733388475325 0.08200839383635082 0.004513474047524227 0.00741864003512749 0.13328533937852935 0.023838699465939608 0.0030123865249313277 0.024420753811434815 0.019238427840578377 0.15874255838413545 0.018222385605898152 0.04082039028275587 0.09740219955273718 0.011972960001633837
0.10270039428274058 0.0 0.0 0.0 0.03072516493942032 0.1819037096806383 0.0 0.0450878802506125 0.0 0.06373299900975266 0.0 0.12620774871946025 0.0 0.0 0.12259023700375732 0.0033842820291979936 0.0 0.0 0.0 0.05452034773033032
0.0 0.007166728134387767 0.0 0.0 0.0 0.05955306571028984 0.0 0.0 0.0 0.039307705038385155 0.0 0.0 0.05120182696138326 0.0014039024309568104 0.0 0.0 0.0 0.0 0.01021787868704109 0.0
0.0 0.0 0.01691254798226964 0.0 0.0 0.11565603653780837 0.0 0.0 0.0 0.06376016107737992 0.0 0.05603842584166044 0.0 0.0 0.02212191226238927 0.0 0.0 0.0 0.0 0.04114248667225126
0.0 0.0 0.0 0.011388726678646321 0.0 0.0 0.0 0.0 0.0 0.0 0.0 0.0 0.0 0.0 0.07073606695447265 0.0 0.0 0.0 0.0 0.0
0.03072516493942032 0.0 0.0 0.0 0.11496357271937965 0.12973615183520476 0.012869511596105082 0.05369209129611646 0.0 0.06840307935128886 0.026451908585210043 0.05876425432876148 0.021005293909612976 0.053488635979405785 0.06059142263542294 0.027309287917104533 0.0 0.0 0.05045525381421212 0.07782453591357238
0.1819037096806383 0.05955306571028984 0.11565603653780837 0.0 0.12973615183520476 0.4947977680548362 0.07939422880621688 0.12429119564851016 0.10128313950248041 0.1977329500166376 0.06296819254471442 0.26104554903985067 0.004299730231515753 0.20617726615459442 0.11166681602217343 0.07931935298006038 0.09999225385582378 0.1401628706010214 0.11571843733591719 0.157694989256575
0.0 0.0 0.0 0.0 0.012869511596105082 0.07939422880621688 0.05490749777212471 0.06187680513174881 0.0 0.053378725866086496 0.0 0.032244146753858144 0.027615654859967254 0.025795756179071816 0.010591551838562918 0.0 0.0 0.0 0.024730637865614816 0.0011142902846202618
0.0450878802506125 0.0 0.0 0.0 0.05369209129611646 0.12429119564851016 0.06187680513174881 0.14350988574627763 0.0 0.10754125311123203 0.04400177455146802 0.07906171513766508 0.0 0.006268154140924742 0.13455015429286304 0.03113601687305305 0.0 0.0 0.029204837409058354 0.05139535473959711
0.0 0.0 0.0 0.0 0.0 0.10128313950248041 0.0 0.0 0.057192073981909175 0.1507941876630724 0.0 0.0 0.0 0.0 0.0 0.0 0.0 0.0 0.0 0.0
0.06373299900975266 0.039307705038385155 0.06376016107737992 0.0 0.06840307935128886 0.1977329500166376 0.053378725866086496 0.10754125311123203 0.1507941876630724 0.47840158554714374 0.01659014524418151 0.0827086184938508 0.024621348977549862 0.07816005366062478 0.07364642675578348 0.020390630291088008 0.06511150792760673 0.09336525872637225 0.03718028866236123 0.17666752049529466
0.0 0.0 0.0 0.0 0.026451908585210043 0.06296819254471442 0.0 0.04400177455146802 0.0 0.01659014524418151 0.015570885638665287 0.0115226973956922 0.0 0.0 0.07398885725670964 0.0 0.0 0.0 0.0 0.004755862194427585
0.12620774871946025 0.0 0.05603842584166044 0.0 0.05876425432876148 0.26104554903985067 0.032244146753858144 0.07906171513766508 0.0 0.0827086184938508 0.0115226973956922 0.2174000332904853 0.0 0.0 0.10502953924234926 0.03959520737241318 0.0 0.0 0.012348746360194673 0.07547742144609654
0.0 0.05120182696138326 0.0 0.0 0.021005293909612976 0.004299730231515753 0.027615654859967254 0.0 0.0 0.024621348977549862 0.0 0.0 0.40024346949152934 0.08253311040009803 0.0 0.0 0.0 0.0 0.06629981054731782 0.0070529699208563
0.0 0.0014039024309568104 0.0 0.0 0.053488635979405785 0.20617726615459442 0.025795756179071816 0.006268154140924742 0.0 0.07816005366062478 0.0 0.0 0.08253311040009803 0.1547548912852818 0.0 0.004547280741577703 0.041843090576490716 0.005485640386491741 0.04568057387366195 0.06138041780920811
0.12259023700375732 0.0 0.02212191226238927 0.07073606695447265 0.06059142263542294 0.11166681602217343 0.010591551838562918 0.13455015429286304 0.0 0.07364642675578348 0.07398885725670964 0.10502953924234926 0.0 0.0 0.2784517579198649 0.03759779096378535 0.0 0.0 0.0024360330558778065 0.08306788331806697
0.0033842820291979936 0.0 0.0 0.0 0.027309287917104533 0.07931935298006038 0.0 0.03113601687305305 0.0 0.020390630291088008 0.0 0.03959520737241318 0.0 0.004547280741577703 0.03759779096378535 0.0022652065450259324 0.0 0.0 0.005551649841926569 0.02540394759750625
0.0 0.0 0.0 0.0 0.0 0.09999225385582378 0.0 0.0 0.0 0.06511150792760673 0.0 0.0 0.0 0.041843090576490716 0.0 0.0 0.014092204035877385 0.0 0.0 0.0
0.0 0.0 0.0 0.0 0.0 0.1401628706010214 0.0 0.0 0.0 0.09336525872637225 0.0 0.0 0.0 0.005485640386491741 0.0 0.0 0.0 0.03883861418564578 0.0 0.0
0.0 0.01021787868704109 0.0 0.0 0.05045525381421212 0.11571843733591719 0.024730637865614816 0.029204837409058354 0.0 0.03718028866236123 0.0 0.012348746360194673 0.06629981054731782 0.04568057387366195 0.0024360330558778065 0.005551649841926569 0.0 0.0 0.07147196871368065 0.03680244184043174
0.05452034773033032 0.0 0.04114248667225126 0.0 0.07782453591357238 0.157694989256575 0.0011142902846202618 0.05139535473959711 0.0 0.17666752049529466 0.004755862194427585 0.07547742144609654 0.0070529699208563 0.06138041780920811 0.08306788331806697 0.02540394759750625 0.0 0.0 0.03680244184043174 0.1860889770575781
