0.005776004973062578 0.010541856610029009 0.0054133858267716535 0.009738914214670534 0.00940219643597182 0.005594695399917115 0.0065271446332366345 0.009350393700787402 0.01144840447575632 0.007019270617488603 0.0062681309573145464 0.005698300870285951 0.005439287194363863 0.007925818483215915 0.005387484459179445 0.008158930791545794 0.007925818483215915 0.005568794032324907 0.005853709075839204 0.007925818483215915 0.006242229589722337 0.006941566514711977 0.005983215913800249 0.006578947368421052 0.005568794032324907 0.007304185661002901 0.005361583091587236 0.005361583091587236 0.009920223787815997 0.0058796104434314135 0.005853709075839204 0.009687111479486117 0.009816618317447161 0.007071073352673021 0.008184832159138003 0.012044135930377124 0.008573352673021135 0.005750103605470369 0.00572420223787816 0.005905511811023622 0.0064235391628678 0.0052579776212184 0.009505801906340655 0.005465188561956071 0.005309780356402818 0.008832366348943224 0.010878574388727726 0.005206174886033982 0.0061386241193535016 0.00870285951098218 0.011836924989639452 0.008728760878574389 0.006501243265644426 0.005750103605470369 0.005516991297140489 0.006371736427683382 0.0060091172813924575 0.006812059676750933 0.0062681309573145464 0.005698300870285951 0.005672399502693742 0.0052579776212184 0.0064235391628678 0.0052838789888106094 0.008987774554496477 0.00916908412764194 0.009039577289680896 0.006682552838789888 0.007848114380439287 0.010438251139660175 0.007485495234148363 0.005801906340654786 0.005698300870285951 0.005491089929548281 0.010878574388727726 0.005594695399917115 0.005439287194363863 0.010127434728553668 0.010826771653543307 0.005491089929548281 0.008314338997099047 0.009505801906340655 0.012251346871114795 0.00867695814338997 0.006682552838789888 0.005232076253626192 0.006035018648984666 0.006449440530460008 0.005983215913800249 0.010645462080397844 0.006708454206382097 0.006708454206382097 0.0052579776212184 0.011292996270203066 0.011862826357231663 0.005853709075839204 0.008184832159138003 0.009894322420223789 0.012743472855366764 0.00937629506837961 0.006734355573974306 0.005905511811023622 0.00663075010360547 0.006371736427683382 0.006112722751761293 0.006060920016576875 0.005905511811023622 0.00826253626191463 0.006086821384169084 0.009117281392457521 0.007640903439701616 0.008780563613758806 0.00823663489432242 0.009039577289680896 0.006112722751761293 0.0071228760878574385 0.010308744301699129 0.0072523829258184834 0.006371736427683382 0.0052838789888106094 0.005698300870285951 0.006086821384169084 0.005983215913800249 0.006734355573974306 0.005983215913800249 0.006786158309158723 0.005646498135101533 0.007355988396187319 0.005232076253626192 0.005905511811023622 0.005801906340654786 0.006035018648984666 0.005491089929548281 0.007640903439701616 0.005698300870285951 0.005620596767509325 0.005594695399917115 0.0061386241193535016
1.2932755364576156 2.3776143771025637 16.479731543911804 3.418873340136649 17.56613953453953 8.613888995677707 15.893858004489346 27.89688397992336 28.720599113795203 23.14888394684197 13.873563077905239 10.392206629836721 9.141297585321446 7.377306517886559 0 1.5869000892607943 0 12.833584679595596 2.440719148977152 0 2.568976829460947 9.199248096792036 3.099220482053669 0 5.283299275879191 16.005137886911136 0.1294550316176828 3.5330424286864375 3.8562550069969443 0 0 0 0 2.13433843396054 0 0 0 0 0.17087882682891653 6.920903768311952 0 14.576054327846219 2.058081374954172 0 4.224372785592944 0.47438280588700543 0 0 6.389583252519735 1.0566599845405857 2.969089029726872 0 0 5.415937745415462 0 0 0 3.217651416456661 11.38631012834881 0 10.094646663132565 9.446545547709661 4.756351766536165 28.1283386910861 15.98560004221562 1.229360552461527 0 0 0 0 6.769286464265136 10.4485249547166 0 13.420702580278302 29.930107701210908 13.592577446596774 9.08833946710342 0 0 0 0 0 0 0 8.807755847666183 0 0 0 2.4797835963090122 21.715671004427392 5.90407308878004 14.646530637714555 0.26440583231197756 0 0 12.908274953391608 0 0 0 0 1.580212952927189 0 0 0 0 23.623436141699553 0 0 0 0 0 1.3819602626593142 4.6330735722237755 3.385320888840498 0 0 4.65511909102603 0 0 0 34.7584764483929 0.35763749856477745 1.5175854058759342 3.9078429363540224 4.168509222229105 10.102610921843336 0 0 0 26.407993308261382 0 6.039469723931493 0 0 0 0 4.8622379577465225 0
2.3776143771025637 0.0 11.166849173443055 8.863110966230565 4.540544951369377 11.767402535503509 15.291373849732455 6.421536575234384 1.7091669591288419 3.5586215998311115 1.9991533811094033 24.917816947857006 13.46415083741324 6.445798976268993 0 0 0 7.545960802901224 9.21214301239064 1.2234606565100279 0 1.8270025985165317 2.3476235235937626 0.7376866007824976 4.128666082050099 11.03795545737465 0 0 13.206246731161318 0 1.419009306277193 0 0 0 0 0 0 2.6109377189851433 0 0 0 7.539705249129691 11.213145133523813 0 0 0 0 0 6.684071345940701 0 0 0 0 11.445342223537452 5.777453140925971 0 0 5.932197579368756 4.5872192244127135 0 0 0 2.876432932506651 18.671291138250908 8.732501748543523 0 4.897118971569444 0 0 0 0 0 0 3.558832464884322 10.090041372957174 0 7.570008661911821 0 1.5321552707043864 0 0 0 0 0 3.0447248998220857 0 0 0 1.3371428929823228 13.818088560153377 0 0.42825226682331774 0 0 0 0 0 0 0 0 0 0 0 0 0 16.543400637541925 0 0 0 0 0 1.1273635051843396 1.8339777184516581 0.9743332991553864 0 0 0 0 0 0 24.40586719864944 0 0 3.777583873501669 0 0 0 0 0 24.30330913570552 0 0.9905905551443954 0 0 0 0 0 0
16.479731543911804 11.166849173443055 16.878924824549863 7.663116294374234 7.05793608084487 0.6308381296330499 23.36550327145608 22.47570411270955 34.050147772346435 23.76737525757167 1.7022744099199851 38.41185257810905 20.59549351092224 8.122168930394759 5.142727681676044 6.097891381994193 10.425780760008761 11.395503882867523 14.11379578212809 5.681758017563627 7.854426009319255 6.727222259414399 15.781677966199226 2.6649268328623323 5.967636808795088 25.933328342051254 3.255262452030358 20.31533778303446 6.880490177640159 8.552421790006681 9.670748458755497 7.062941217576656 2.1825597949087356 0 10.32126720331594 3.2030011734914456 0 16.56025246522951 3.4899518220167707 4.026934834478954 0 7.665917145771937 12.999299638780503 0 10.92689318275811 0 0 0 2.6842786446014717 17.29933655609838 0.8935737456995163 0.6663552376221489 15.423654995328462 14.125589565760077 18.51035851413519 12.798142390604006 14.55408742595305 0.5809424043730971 6.630714300266719 8.384337708091046 0.9945958283242753 8.123641979192623 25.55152524747224 15.162855426562622 10.437415325875069 3.9546504771361626 21.62777242760947 0 0 0 5.75455307308788 5.7187256174186984 9.929674855284762 33.26843995366152 19.755540032007342 0 1.1527432841846874 4.187976875442164 9.216961796368246 7.583492300009993 0.7596236306168844 0 0 0 4.319227161161525 0 0.4882005215717111 0 14.47195857629561 18.373969749151858 7.0802837445036175 7.315365536025439 4.297673982819507 8.91869650898732 0 13.419005554024338 4.424155217718603 6.702736029925276 3.0379754493239783 6.772651314956377 7.928923457522902 0 0 0 0 20.959772018345344 0 7.54706853019543 12.428831612993793 9.384060801834995 0 3.771558121278561 3.7163914658478614 0 10.952363176044987 17.65992867580495 10.978705655683584 0 0 1.6907489269331482 47.69433290462296 13.096752615139554 3.12099790005211 11.918483408332218 2.523022019845728 8.137662901033757 2.512342155321635 0 4.02013640350971 4.997542228474373 4.864338223610723 11.808755153270127 3.2310584934076445 8.437604128485887 1.9365656730634715 17.010193236082856 0 8.90480621158558
3.418873340136649 8.863110966230565 7.663116294374234 22.025749846776726 18.944188861540162 32.58971564768637 34.8543123281639 36.92157624640029 48.16008450472899 28.99662850037045 37.91294715572813 11.652396448073262 10.83810336440547 12.835763154446642 8.790296599161815 26.478705349409783 1.0208520358155448 11.347986607825938 5.4157848758518945 27.258582772705097 1.3009845111262734 14.70342120140156 16.00072442776808 21.604379387149496 5.237068594758224 23.75354834955382 3.5466140904954067 15.887521357886598 17.526417069342433 1.630573048546573 28.05775852480744 11.810030093453094 14.632519854430114 0.7380775905016357 20.644329767413122 20.027656748087374 7.151071683583114 24.278699504151675 31.665475967843193 15.163034562943999 7.7116249147892155 26.691544694890226 32.46350627395097 19.45162418302176 11.562663907651586 16.54176660825787 2.760761988318108 24.171485527655186 15.781280835210769 2.4008879229849533 21.875823657153965 20.351146527505396 11.88395781957336 14.470357416707024 3.4953159466128696 4.767217652567126 20.059749185764876 19.618516663088986 30.335559728795232 8.133172689723592 25.760717002769496 12.071725811275819 41.863909525236224 35.0473137439584 11.342446875637059 2.792725856848989 22.144352781315106 0 18.871783997395795 8.283950409321275 4.092228081274307 0 13.02680407193472 8.39958462713583 41.539269640572805 27.122399358181546 0.6801918813538208 14.95682599284605 15.811715732748166 30.238047765455306 13.469847118003699 0 10.334735132259048 10.88280068063441 0 3.6134941587150387 15.09020348745031 10.679001942716173 9.708872840106899 13.111675511500636 3.1157487630104796 5.515952155688225 18.46327099525144 9.164620811546179 16.261295571990587 33.66286989147952 6.821601597083234 18.888605003772433 10.421970861860462 1.6842332688177386 5.928501206067786 20.61991380546449 0 0 2.030287998907921 16.079125176053513 22.781674170751714 1.9033692518366543 4.628751851544372 7.9860574477321045 2.622245540455136 14.576408362094853 11.156431906969992 13.24153395959079 19.995580179167654 20.924592687398096 9.497339654851448 5.992685489601705 12.957194838999598 26.792463733702533 15.501223518996952 11.709038624079568 12.87424755152994 41.07622312897602 6.556637654776871 7.359386531890227 12.019939198771759 15.763798168993663 20.65007766350628 32.4323175042777 19.793286515086102 0.3756185176419464 17.446085226998655 18.414698868948914 18.46111158575895 1.5563257150757117 0 5.96211079338341
17.56613953453953 4.540544951369377 7.05793608084487 18.944188861540162 28.953541862012358 8.40147110984959 23.90808375620307 31.586849579031146 20.118403974782794 23.58591116161193 11.084561132200733 16.534743640642056 38.47107136106782 20.679028958361236 11.07798584024976 18.772546442740484 13.952866418271263 6.488391815403375 21.249523659358264 16.989572468978707 19.324633795126744 20.94037286324282 2.7659888916261526 24.648825985512786 6.060039393239245 18.661128230714954 21.084188610147233 17.012648979373992 29.20121770482924 13.649664628808708 20.923697187472193 0.9379078352149683 10.424840054909822 13.862780888728224 0.03742464955718816 10.566202430366051 20.029200543454177 25.85510212113455 25.973194733855735 10.634478632237517 0.48692230644177315 17.156243980094715 14.736574442221183 1.6067228328554268 9.551128409307664 3.051847830713694 15.585131619762535 4.696698931598947 9.309053111789382 0.6001115196064273 1.2015469021125993 19.284397145278422 9.26639802338845 5.774409200642959 14.697227405848633 26.280791373926448 4.331464828954582 19.192533196979504 25.590689815248318 32.54640611073511 23.512877170399364 17.87304549638798 6.839989982096942 1.1973212630248558 38.12371644174427 3.082809728918935 24.42478419879992 0 8.119691383400145 11.240652421521467 0 20.26558466430781 9.385565181876323 29.028465840901788 13.553761623645016 13.984390541347942 28.69137719961192 6.995024084260766 1.2255374229468234 16.312335344081987 0.8773060521891747 0 14.43798886132766 0.6288174930769905 0 0 12.693191166126276 0 1.890112129785681 24.24033668537662 17.47001235431445 6.921671839954993 18.83850991706035 0.9996065974692545 0.5108752994010377 6.236779495231723 11.241879430086534 4.748393523387737 0 0 14.42262459173779 1.6136094323420522 0 10.867923657829287 13.356377545022145 19.44754422014607 15.894341681745814 1.6919022672248278 4.109865974168024 11.318185578622067 12.963441836060767 10.495982667965038 1.5416103341949245 2.7613427173236786 0 0 8.142755679463146 18.238440297534417 8.736996829766728 9.243066084754652 46.949247186247206 0.5963393756733346 0 40.16412022592165 5.080839901388877 21.948836241363473 4.404716175337448 4.411180432515728 11.137508147560691 12.379116116559619 8.561613920827206 2.665889133354753 2.5424234127195824 1.4984063764559714 18.791492032253366 15.232069253972796 11.224792384232401 15.912010261815176
8.613888995677707 11.767402535503509 0.6308381296330499 32.58971564768637 8.40147110984959 9.875697300369982 30.301378254499753 38.81797938379075 35.88447636212604 20.782831159776823 19.281884651843484 36.40401951094512 28.41124768843632 17.917687353639764 6.425322685421145 9.202232624395943 11.082160514263045 0 17.785828080315962 9.11146799475004 0 10.952977022144932 3.717698357988631 6.806966933497149 10.8299548218844 20.207920011052273 19.614590150011814 13.452155175118055 1.1831275889841955 9.226316736606819 18.82595890801389 3.426200660421232 10.704320101273392 9.99064105966329 11.867619696391515 0 8.622682649127878 7.22903001363111 5.669885720678927 0 2.914591663756699 9.26373128428337 19.778030922705714 0 0 4.704511714892435 1.5873417980185707 1.5527078725294476 7.119870522114216 1.6712617509705936 9.26383096249183 0.7510824105472373 7.233996866655897 5.333385905059558 15.005848055179666 4.225045953202432 9.55942029795284 11.755129038064066 14.816274854645815 7.664397232213272 0.35533183737365626 22.34193770577325 7.443922447894945 36.445197818538624 11.295997737070973 0 20.833446589237184 0 0 0 9.686294638133067 0 3.7126490574273276 25.224982713653453 22.620030681711384 0 19.860625875127813 2.6331597860945735 10.062797491645593 12.623137522258638 3.2558911438499365 0 4.149403314660752 8.455683921839096 2.163340328539661 0 0 0 19.108223116581925 29.836116784831646 12.479324765229066 10.281158976749808 2.521501754498628 8.007909436906917 12.95405173335364 2.4402909590380695 0 0 0 8.636332471939841 0 0 0 0 7.72286870206554 18.54464136654308 3.1916246815219935 4.927105601897805 0 2.3881626052361753 0.06209895272860422 8.335533840121 18.65199850434114 12.634493052818748 9.749044363605318 0 8.251734342887975 0 5.621112571532908 0 7.089016019833448 0 0 29.016999272312432 0 15.330811764153594 0 9.54803753321315 14.35690534687362 23.27958453732566 0 0 0 6.141881149306986 8.934405158960036 14.338861537558252 1.0589068033259128 1.953894097234846
15.893858004489346 15.291373849732455 23.36550327145608 34.8543123281639 23.90808375620307 30.301378254499753 26.470205571010936 38.86190302026799 43.81563142417974 13.994377159376377 44.6885482604603 17.145558008002013 9.122490922471698 12.874295009817459 4.585809599148334 4.484907787445167 13.683749702309253 15.263731432592085 16.29946861224211 30.899320239270182 14.026422409011456 28.00398104302967 33.71784766331509 22.099159380972623 40.97788411045782 32.3875838520566 45.95689090749684 28.302450824127945 11.815302269033658 25.420968730669777 12.614575666864322 21.85923797101754 29.85402355393986 33.03760853846741 36.46817535742886 27.465263607530574 17.34725015001342 0 36.7830301512774 34.644396821719425 7.985888767496245 7.123471420628295 28.12340583159049 7.944372644879206 22.80721997085125 9.670505076837863 6.801931221356995 27.978773823684676 49.43529981704241 12.509432511628098 10.957757393065307 2.692693503107506 27.665610716840824 5.100192098508279 3.17975212419036 1.2265139573128323 26.84579107663277 40.77182400441267 40.754768243549975 36.91440364467162 9.32800007506209 23.74369310834274 47.44129976090588 21.51552509176083 23.436277444600513 38.56411507938988 1.8136435261618988 31.26721281241504 16.521670226349492 36.08960872922793 43.870548172543714 12.877063101272427 0.7229670558242915 15.04601161856143 26.894844474716514 37.01896843122297 26.622163105506857 17.119303529103515 34.66525319646638 17.48022706173309 31.55227624360107 13.79324940961358 8.879978126734482 18.231722681740525 38.093373787270096 8.406045979759543 29.95792798036007 9.114744191640884 12.473993616092788 4.336293852279574 33.68076605755676 36.726037182295116 8.596933021420572 26.84082799888595 4.476656554712363 16.52181313843831 41.527179620057225 28.626600172136733 17.37542690279247 30.753894627850805 27.566222260696094 32.820573898060445 9.062428995597553 34.96531494997288 18.850226156312488 41.999244454129666 0.25539679068335097 17.437037986738005 19.692708051015668 6.46917332554316 28.34690752289079 31.932248451416335 26.74022088826667 8.845220369297806 39.397687228418036 23.845975009648186 29.972047790192775 26.69069168926533 12.420861751222517 17.174913936028187 28.820469919479315 46.46370238882537 1.7205956204200135 32.07326974763293 21.436172733407545 0 26.605937450115533 9.87544619868681 1.126965171929264 53.78947569255615 24.495549682360966 0 9.300377287313136 0 35.90445344356549 21.296738257926037 8.427809336305408 18.4814693556799
27.89688397992336 6.421536575234384 22.47570411270955 36.92157624640029 31.586849579031146 38.81797938379075 38.86190302026799 44.08903277025306 48.89447781678602 31.546221773426687 7.167881880598021 35.10973502652781 48.41565595271195 0.7165712154489601 27.897244952142728 35.575021829126605 24.92627127848332 43.356936484076115 46.730374526534675 30.464248288422034 17.88039890843129 14.976088882574789 10.970060813519023 36.29844291846649 51.718397762873366 42.80428808307325 33.98400865923614 26.62696200274796 32.64975307396762 22.036680953257274 37.613519540813456 27.917906110000743 8.80362635266582 4.037345003615503 11.437272232939456 7.377883147933762 23.380471528563014 30.022581031768283 20.10799568146252 23.866163563626078 8.443199793159451 24.60840276417384 18.546550151926233 19.367183667054572 28.923631337117264 6.6904588336293855 26.51866290704946 0.5822661042897419 45.642479359364714 37.734810517157506 3.261691124411872 30.35770103461325 34.27027092080239 12.939605471747829 20.611635409036158 36.810745569248155 7.28424487197902 21.72265547417237 21.17553113946183 41.90661470692538 29.471781041125915 44.65004159748903 25.784525734341457 0 58.90240300027645 5.117124248066716 2.781256077611367 10.20185513275566 2.704640730509272 19.538133624680846 21.75921896761909 0.3175664262902753 4.719021797562988 28.551996199662632 32.49590245704819 39.26318541460807 40.5582978920885 12.202108570997083 36.23747347942307 13.541132142508772 3.2467685450714363 11.3666358617864 12.207987058161049 7.981468783350799 35.13343076445099 28.360609293554404 1.861868998451989 25.103309205562752 38.70083272227501 22.51054006945909 14.113542255167939 23.430945577479044 29.985378643252396 8.280162079899771 26.521001736657382 17.894055756364985 5.148575932918593 28.42625930599084 9.810064685266372 29.451993289519898 18.230708421701074 10.409343202736377 4.896348024327713 27.319966034072934 15.098083545837138 1.839521685969899 28.474537983416667 1.0869716636569962 26.89990691315105 22.95592950444351 15.277768522327943 25.770814239391008 38.354164161888406 13.408665451676853 43.22691932014368 7.997094362258775 25.23000049011403 3.5099197749032633 26.141783043979594 27.75077666094544 44.09684201427592 39.43571025221912 19.626772055455525 41.54330237694844 11.07301549163752 25.144432219009424 3.8142462462983033 20.44945334134562 31.824195303354493 28.861369410798844 33.185238176863955 34.86403560308082 27.44159103078917 25.545468715737186 0.3264249420350023 3.432631404056334 15.87859041496506 19.31317356337655
28.720599113795203 1.7091669591288419 34.050147772346435 48.16008450472899 20.118403974782794 35.88447636212604 43.81563142417974 48.89447781678602 16.038328522470625 15.185043245765492 19.83621975456606 16.463055017384207 22.790429627197728 11.698122039238779 16.0077076828372 22.533577922309945 19.917554138030024 43.16464038675362 18.92492186858191 30.341828550325793 16.350085594337 23.671431093514293 12.750173841737656 8.996062053937084 23.416485375610844 38.98784624688113 24.353562941592095 2.367281193869154 5.213925459726003 8.9192475929595 24.295327212266493 22.054612672009103 7.599034021888173 8.587709796698178 18.15841458784998 23.401379153772382 14.128468200454055 4.2894589019171505 16.804067788845995 34.91154120471429 15.114726911587383 11.120881813527433 24.56217467893844 0.17632700500252696 4.2190806697437075 27.998814687884718 18.299073712701727 7.4475670196226424 38.67770936756939 35.61817211505023 15.968859252856817 9.00203931437827 28.743835990448176 6.060641299043185 28.476875647044295 18.4933342839917 18.038976920112873 8.212754591934521 11.08921516890522 17.441919437684405 10.589575942666691 9.205577832299955 5.809180324832592 0 37.43272371259165 11.980148363257115 20.493703060334262 8.181627753273872 14.882517350907229 16.013585118793173 25.116050467558203 29.886999171747703 2.6918191812014136 44.38129989286732 33.21807140760758 30.771834220403875 24.110042703724538 9.04102279699584 33.168193440902165 12.748301979256766 5.563033688902776 20.66979177321233 1.4756369188576741 24.26782254120006 34.349088586276615 20.733727110257913 21.04038232540317 19.634126482600735 28.601834078295852 18.950880636995443 14.247405854674167 35.52845771576038 20.37058564659021 21.228453027138528 15.939425534688105 42.815632713877775 5.252893725329844 26.635191932934603 0.8698032687353372 20.323141999210158 30.185225615317762 14.1455176841455 28.452349754246086 0.35208669221919386 14.270138961007607 38.60018956629469 7.64405791376414 7.596829048221242 26.26191749576992 15.527104929881606 12.129278172445986 27.678827132597313 30.283118610065372 18.360221936962528 17.505764458069184 9.007279185818884 33.73780593258575 13.938163454019012 7.192251119377806 11.094129521980182 56.71568727801001 12.303229140389838 3.691193463631631 52.62846833672501 27.241184506935276 20.831904566807147 12.36927903549396 10.497824784827007 24.98746406711853 36.94317692276543 27.264019118650808 3.573538904356594 0 25.754418223492266 20.445167764335622 29.900096818253786 22.274832426472223 15.054936453032386
23.14888394684197 3.5586215998311115 23.76737525757167 28.99662850037045 23.58591116161193 20.782831159776823 13.994377159376377 31.546221773426687 15.185043245765492 12.31811172068192 17.67965371471459 44.74171688595093 6.638687897866976 19.685051733067148 17.648281553264603 16.71215755541177 5.644378869460631 25.779273414370444 14.668103489899028 30.949626853871564 15.808449197376763 9.100826509937395 26.35187299667202 6.971415140281961 8.309670780140916 4.059805569157399 20.647372401494028 9.735104042096406 23.4117225803207 3.8894245268661045 27.791512803497113 0 3.7377190483201463 0 24.215320733061063 7.497245518599357 9.77894592842479 4.930147919126984 29.263906174641626 1.8746564838112612 15.388730248869471 11.797011945800307 19.55669096261241 1.8626731772719811 25.38388960247913 12.083293995320076 7.799772578265287 21.122568617967318 9.880047455825128 19.755381941069864 12.622113453286875 24.145004821045344 2.7859929808968165 19.20173695392336 8.139158285795801 11.949435925889322 23.103794296787612 18.144079597267247 29.357481418019475 11.595144120576343 19.652619042520417 15.242536150140005 27.09544538197391 9.09981646884173 42.63092995669602 21.97171529190164 21.051938857877417 12.476640696304628 13.323270761289912 21.673636544231783 7.5056562084979035 12.729811578201272 0 31.491540629045346 28.280043150341648 15.204972495020677 6.7294914902862715 15.786653804038881 18.393416845086698 9.89963999616311 8.334975805787767 3.340925606432494 3.6900158766629083 20.41850075513529 12.755046291911547 7.613339128401673 2.993560087514105 19.641655852518443 34.056585881108305 40.19193229608165 6.254147878003945 30.957726946198775 5.742325346196839 13.463346288259231 3.2851350542408824 37.69160102328537 21.094773744147126 14.850771185353626 0 8.297150450087742 12.296276311836781 13.323114841672506 23.213242572619464 15.93182001293657 21.995678940319053 39.09276724377497 14.495321871134202 18.924167034991086 21.55011844159225 11.068474543354185 3.5142539133272344 20.438497209068085 9.594354503273884 28.209146524035667 16.406039367200684 31.946039601539283 26.004911947004402 18.793074514251646 3.7726234457724583 30.841740850313926 11.314174084959433 3.174632279299889 11.030461884502646 22.449343199234505 0 14.439738550259932 4.073987809547642 16.444514362011006 17.068222758717493 24.290496183387816 21.089025895195356 7.6051069011653425 18.686810483653723 1.13767657393932 15.567560876962663 1.8863724037306326 22.390762038840958 5.066491303042859
13.873563077905239 1.9991533811094033 1.7022744099199851 37.91294715572813 11.084561132200733 19.281884651843484 44.6885482604603 7.167881880598021 19.83621975456606 17.67965371471459 26.208868070702614 15.297306657587761 33.61971178703424 14.943720627438921 4.042714905386953 21.173278861704087 10.023654964346687 5.446201504290512 0 20.919476938621017 6.904031707001344 18.89432225079308 25.181518894671065 20.716445771858503 33.94007483659595 30.740452495648036 14.432395966334685 4.346708363277596 24.47304836859685 11.255877780176327 15.533935992949175 0 0 13.251099593365478 0 2.048320083222041 21.87480775040496 4.569359941719336 18.946107874808938 10.09077279267024 0 4.7444401279231325 29.403987954235077 7.4799240593769145 13.996999855380515 0 12.425983445338318 13.845396285323407 16.875272986055226 0 9.143176332263316 8.266024926533664 1.1657883999688892 13.061783399703202 19.120228900956473 13.595280425347774 3.73034843165809 25.346797141298058 15.819240328352375 25.747171817521142 14.2186354040191 11.17150997890296 17.14657532307468 23.088881238507142 20.518963859650228 4.641920970226753 12.09941373345885 0 3.677107556025568 14.206970995199509 0.5786665289777986 14.08522886266043 4.685252015745153 36.51372297490409 21.405614985278106 0 0 8.624961206188665 22.738723264876576 1.91932014949378 0 0 7.589234000866952 0.9494619965598474 5.587459947361356 3.215094085105388 6.371404028918647 10.296757071279067 11.505734661942864 26.54704777326606 0 7.285183409636399 0 9.02753035691622 3.483443707037946 24.568391369152913 0 0 0 0 0 0 2.7447802945862563 13.510365777371728 12.41821670546842 30.785040347496135 16.3197424689083 0 9.349492515127416 2.1075576160709986 0 20.725944951708396 15.020189863547955 3.7250222668570103 30.960122914393814 24.87176357952972 14.537285202449823 13.059629241917971 12.31138800058497 16.372581463714972 17.488778733824326 22.611447102448118 0 3.293469948994419 19.694370625792928 14.170459080977444 12.041407092795279 4.772278275439902 19.03696868468713 32.19121056064336 4.537350002508539 18.280259028130708 17.79816241041235 5.914118221674618 18.393147784083485 0.18131511649606047 4.865709135222573 10.255932081184536
10.392206629836721 24.917816947857006 38.41185257810905 11.652396448073262 16.534743640642056 36.40401951094512 17.145558008002013 35.10973502652781 16.463055017384207 44.74171688595093 15.297306657587761 29.02625117814476 54.01111791127458 0.6804063834612872 23.068473211119308 33.706379249850436 9.957036190173007 15.241497429943127 37.58956801469054 39.25286531657389 10.063687094785795 20.115650471067774 11.930769061908904 41.47815740128577 23.483530637777182 20.252071423681972 27.327546206525348 36.44099345352802 49.15734029238154 35.918746535416204 4.097326903906406 22.898600014453745 17.135211457576737 6.392711594117891 7.223081963096202 4.3701140419896465 10.211756749854679 29.0007021450176 46.15354907501964 19.20918545186929 38.819307625413714 12.423491593668711 44.591703341628204 22.664200000724122 33.21546185282759 7.096482420017541 15.966043457695996 4.952207234096555 28.88269786964281 29.268912551966764 40.45932526773581 29.917727406490748 20.698916032426897 50.064131783451316 19.64703974255582 31.271675569111885 27.711115513076216 31.709851796727065 14.374235913099167 5.853778112891195 15.923708174513848 37.23914060291745 7.834232750230097 40.02557940562821 58.21985400073808 34.337863857461564 39.36044377764568 8.912525061392564 7.3221820237995665 12.945595905062426 28.86850288366744 7.499001995124438 3.2757165835046784 43.2197217024507 47.87055681343492 35.85201845030194 40.897637696471854 30.603851384381954 37.90719658728228 49.86315470959573 25.33829621542965 19.765192440114287 3.478637269652328 19.869213139837083 31.282479612101945 27.223184516799826 19.124719843102994 40.409172636428345 23.647350965728272 4.569855909303925 12.682412049093632 25.65360684166299 24.697294271759425 28.3583820981897 35.453912501669194 25.928006146814496 20.853103680962096 29.799311475639726 30.321229660872824 8.123103653727252 37.7184312959058 22.659708892208627 25.858784627617695 16.010928782716235 23.740305777124448 8.559579544405125 14.475452868387944 10.73012786337646 8.181064355829342 1.1560365486138942 8.608086208002032 47.842759219549976 28.756154773175787 6.606823597909624 19.9425963511947 9.292334133410417 12.937397127953755 29.384998435978794 2.396055183832331 18.691420130343307 3.2457068245480585 39.379627290918954 20.5141528481509 44.96401375158086 32.57595459957733 28.27806934093953 35.61126352484604 8.760484710785697 3.288433205528083 6.642877322504617 20.43368523108237 24.554235497390906 27.17453738929153 20.88408779310973 33.3235426330001 31.20750532138085 31.653693094372628 22.094388510163917
9.141297585321446 13.46415083741324 20.59549351092224 10.83810336440547 38.47107136106782 28.41124768843632 9.122490922471698 48.41565595271195 22.790429627197728 6.638687897866976 33.61971178703424 54.01111791127458 52.254536554611946 35.444923098526985 23.393565645437498 20.25451430561614 31.924165213949337 6.910669038658185 14.105419112399396 11.06394805205436 36.73143083814731 16.45543961643971 19.756193506761367 22.272995353787156 35.38245018202277 13.640049176163103 33.43255745273294 33.803264673243085 19.859637330202663 17.971583088746108 21.708369866252575 15.09650596233907 21.972980892312457 27.808992336636145 2.7842138791943754 20.321238587717097 7.903757136317431 34.85683409772907 11.377376758828987 13.186610072553012 23.997254990773314 8.611475169721416 27.340008555011522 4.222358898411677 11.144723442834017 27.38868353060886 12.991723769654321 19.281169602815545 14.953563788656794 19.84670732508697 30.70791861207622 6.430422115118496 14.299331380591866 13.982660351084412 15.715326336531554 32.905298939779556 19.835399064997468 30.93088268490856 21.75664173620258 43.30180042582025 33.90916718034307 3.7828812001565204 45.99953223507885 30.03699862180852 7.414951215972131 32.59251306687994 23.617642459854167 4.054121099456074 0.3874451370379255 5.94719723952544 3.0512761758262172 36.068780462002806 33.06673792680497 4.309113517227981 47.56644518635759 2.8015724990974533 42.42309778503414 20.06742555529553 37.348198923927455 32.66846579311337 21.70528585585477 20.293389671109267 18.198673588419705 21.472479920942163 20.64338343537183 28.935685213719452 28.11660184935672 22.232549012019398 21.364876364683667 19.506413831722945 12.633429452728901 4.3366936255114865 27.17224519344871 9.696005008266539 14.54136941955003 20.040351018417333 12.258764206001516 13.162916797587528 14.103014130798556 10.105640469192242 0.8156682486683362 21.44544561238137 34.46554076987371 27.89441483464813 3.8236773646666293 26.869688606843113 16.293091808605688 26.233126093134267 8.717478971828516 31.735314716100604 17.96763169368733 14.936759343755469 35.050978865221055 0.3288615367707557 5.440545411875137 32.64878517638114 21.359766811171507 16.608213834467485 24.661552763105625 11.21301885650374 38.92662218757598 17.25335233888297 27.487554360915105 47.211919093464736 7.959351020065526 1.9886388851211656 5.240605943904196 11.686109384389358 21.630208463406213 25.587005442959395 27.187341829436107 31.498571241239688 13.221191018454238 23.90088991028758 3.866445415844515 20.996047126643948 13.396712700942949 32.37650598007547
7.377306517886559 6.445798976268993 8.122168930394759 12.835763154446642 20.679028958361236 17.917687353639764 12.874295009817459 0.7165712154489601 11.698122039238779 19.685051733067148 14.943720627438921 0.6804063834612872 35.444923098526985 9.72466287081143 11.138133577524293 12.088679343415109 2.3817288611112506 1.5027341004546209 15.868855282711486 1.4141554988614633 10.971623979261963 14.266276111237481 6.753619479193677 4.251052305411779 11.25506826510313 22.38552449138883 7.183168986624558 14.596265366068856 21.99008802523608 8.561177692993382 21.921069235876583 0 4.428786398105482 5.702571586786721 1.901678073127032 0 15.813066938897816 7.370043981938906 14.308337411344382 13.372877447927522 3.986823749850105 10.858074242145737 6.699753281975983 14.25565589299173 11.67582487986728 10.400955266147122 9.271314741192487 0 8.08290445289565 3.7973535047689815 14.453946308196816 10.197787708923457 7.193847966781139 0 18.953855919019194 4.962662258681341 0 9.832168003048839 20.5416825550376 10.30993552057226 5.793210480662571 13.62232224728146 14.001650060013308 40.56146145450127 45.31121054291049 17.09123215257725 0.6578096857790214 0 4.5282625885802545 3.6381012672155464 15.517709037954539 12.84746893892056 0 16.38527271877644 22.16049264258345 25.26383318041873 21.540493683208208 0 0 11.208494617722643 0 0 1.407290555164792 3.679234665947531 1.1263172736119902 0.7690796802183542 0 0 27.36963802528878 38.81648373093582 8.841162243517807 2.4529135935578363 3.8305742234355282 0 0 19.49258324262084 8.291238476397915 0 0 10.49237361449428 15.206035403519088 0 0 6.814528885884684 7.565144538632278 15.58702997091163 4.759680668534974 3.577125659969621 10.785565006559608 1.6288096969102153 0 28.81584363296598 9.692844446775261 1.5345775533858674 0.894850594519017 11.154394313158601 11.781095949440395 7.217502825976599 0 0.9416873678835564 44.09990392480741 21.255189808523603 1.5824501446764465 27.331430492303085 1.586046948090475 14.242791093164236 0.7771570615951102 0 7.84116311923507 36.54030955355442 0 8.63358243255928 0 0 0 16.276172950225874 3.049021653779935 0
0 0 5.142727681676044 8.790296599161815 11.07798584024976 6.425322685421145 4.585809599148334 27.897244952142728 16.0077076828372 17.648281553264603 4.042714905386953 23.068473211119308 23.393565645437498 11.138133577524293 0.0 4.110476020231579 2.719707450895978 9.548083576723558 5.99285068624245 8.8149036353255 5.582373667918523 1.3064288716278316 3.7826956304419204 3.3774353586012813 12.823105830717438 14.428648314406828 11.921307859015085 7.163951494386694 13.921547358591035 4.626207406819088 3.087085891379968 0 0 0.8571119739699231 0.7900373160379068 0 0 6.672044813983836 0 0 0.7653133882159233 2.231917505995148 5.992332837640104 1.7308616414321478 7.3025557072001455 0 0 3.364160273676468 1.9306571181532224 8.087278025545952 5.3929781802088534 0 2.192940346073022 10.781806377343038 9.419753553240469 9.292481202463133 1.2272748663355522 1.5391296269714996 0 11.036872777276443 9.96562186552079 20.309081390087204 13.665679406514045 24.32122804171845 13.52778423648845 2.449921323087338 9.791154834815899 0 0 0 6.981528240760847 3.803289136514051 0 4.036575867163792 6.8249333742490315 4.585920995752568 5.475895219364906 3.0029163520918747 1.3128298369967926 10.21083559200462 0 0 0 0 0 0 0 0.4505456777263941 11.522376371858403 10.48614457184675 4.653443284283345 7.73036431322898 0 0 5.694245357832212 0 0 0 0 0 0 0 0 0 0 6.309211060808259 1.3983253077026188 0.8562380275520995 2.219036585370654 0 0 0.24852122834355939 0 3.372532208417039 0 5.4893420603013805 3.559252124140027 0 0 2.135222134892583 32.46629149208806 5.652956428703622 0 10.761553651987256 0 0.17276275537795982 0 0.3894744064967064 4.933311519229706 26.96828573109292 3.7492384714946656 0 1.2139706990311208 0 2.829848197683578 2.086850341858076 5.26768396091223 1.3196208166460233
1.5869000892607943 0 6.097891381994193 26.478705349409783 18.772546442740484 9.202232624395943 4.484907787445167 35.575021829126605 22.533577922309945 16.71215755541177 21.173278861704087 33.706379249850436 20.25451430561614 12.088679343415109 4.110476020231579 4.004079223357689 1.0302474936853385 21.514589706208064 7.119406680845218 6.364967692939953 7.098164634350763 1.5929027602820103 11.310406675561204 5.997282029641443 23.05916758823514 14.26789740071408 8.06806895154115 5.656574793086456 5.2679292116819685 3.4760096880101106 13.677098736029404 3.5412423358653076 1.7428904671044663 12.030950746967829 7.438308015951993 7.067612668913984 6.334755399228644 7.007323317646312 7.612153231583175 10.749256253866013 10.59026293269545 16.25418802730769 17.024339542286192 2.126390911500117 0 6.156079797366079 5.217530456062049 2.8369239393374706 24.01527179458796 4.115448882228817 5.7030647171719675 8.510189472046228 14.04491417659078 25.694513666072584 1.828474627366571 15.282701201786956 6.1228762870439635 16.68757013966378 3.758828891194433 0.5117586547895057 10.193874894642558 16.573447170616603 13.712977841560491 33.02933868825031 11.973253693384223 8.251830108571426 5.856263397129386 0 0.4420182822978109 5.936280102467926 2.8054521021994763 12.064123716531817 0 26.609216738854187 29.7218073851772 16.53367515516769 12.453146039743416 10.777145714105966 4.750972489024226 6.169357302328397 0 3.960367598989663 3.1225139345150037 9.095919141368768 10.461444112318208 0 0 11.781672482236132 5.950194234494393 30.719959577866987 6.483442983086732 17.009582082816593 8.151539416511515 0.46868439612450974 5.437451125769456 4.176958400837751 6.049629093948223 8.105467609604126 0.7749373517951401 6.499527378939099 11.928665668914014 9.365732465568165 12.500466343825796 2.870446880745929 0 23.92466361792198 1.0062449666326767 6.2329033344211755 0 3.6030842495887185 5.872394524845518 5.499803690543278 9.429631484828832 14.49893388789323 9.492873426154038 14.758361492393075 4.9543880159902205 6.332986523794126 1.6931394020134194 9.06835596387047 24.991042185488894 12.24109622274138 10.519508536947384 6.897555748072371 11.082096936711043 21.05030706255402 0.24519478597332345 5.587468040480953 3.220238022202995 16.664789814697706 2.705796570339892 7.148594358767248 11.817138670499087 5.967108859860655 5.74547372519929 18.97675868732913 3.0719288862635796 0.20004337352881052
