0.04460345855694693 0.044841979725700656 0.045199761478831244 0.04555754323196184 0.0456768038163387 0.046630888491353606 0.04746571258199165 0.04806201550387597 0.048539057841383425 0.049016100178890874 0.04985092426952892 0.05008944543828265 0.05008944543828265 0.05199761478831246 0.05271317829457364 0.05450208706022659 0.05462134764460346 0.055456171735241505 0.05641025641025641 0.05867620751341682
0.0 0.31746031746031744 0.06349206349206349 0.031746031746031744 0.31746031746031744 0.12698412698412698 0.09523809523809523 0.09523809523809523 0.0 0.38095238095238093 0.19047619047619047 0.0 0.4444444444444444 0.06349206349206349 0.38095238095238093 0.12698412698412698 0.12698412698412698 0.06349206349206349 0.031746031746031744 0.0
0.31746031746031744 0.7142857142857143 0.38095238095238093 0.3333333333333333 0.6349206349206349 0.4126984126984127 0.4444444444444444 0.38095238095238093 0.31746031746031744 0.6984126984126984 0.47619047619047616 0.31746031746031744 0.7619047619047619 0.36507936507936506 0.7777777777777778 0.4603174603174603 0.42857142857142855 0.38095238095238093 0.3333333333333333 0.2857142857142857
0.06349206349206349 0.38095238095238093 0.14285714285714285 0.07936507936507936 0.3968253968253968 0.19047619047619047 0.14285714285714285 0.14285714285714285 0.0 0.4603174603174603 0.2698412698412698 0.06349206349206349 0.5238095238095238 0.12698412698412698 0.42857142857142855 0.19047619047619047 0.20634920634920634 0.1111111111111111 0.07936507936507936 0.031746031746031744
0.031746031746031744 0.3333333333333333 0.07936507936507936 0.14285714285714285 0.3333333333333333 0.19047619047619047 0.19047619047619047 0.19047619047619047 0.0 0.42857142857142855 0.25396825396825395 0.0 0.5079365079365079 0.1111111111111111 0.4444444444444444 0.19047619047619047 0.1746031746031746 0.12698412698412698 0.12698412698412698 0.06349206349206349
0.31746031746031744 0.6349206349206349 0.3968253968253968 0.3333333333333333 0.7142857142857143 0.4444444444444444 0.3968253968253968 0.3968253968253968 0.31746031746031744 0.7777777777777778 0.5238095238095238 0.31746031746031744 0.8412698412698413 0.38095238095238093 0.6984126984126984 0.42857142857142855 0.4603174603174603 0.36507936507936506 0.3333333333333333 0.2857142857142857
0.12698412698412698 0.4126984126984127 0.19047619047619047 0.19047619047619047 0.4444444444444444 0.2857142857142857 0.23809523809523808 0.2698412698412698 0.0 0.5238095238095238 0.3492063492063492 0.09523809523809523 0.6031746031746031 0.20634920634920634 0.49206349206349204 0.23809523809523808 0.2698412698412698 0.19047619047619047 0.20634920634920634 0.12698412698412698
0.09523809523809523 0.4444444444444444 0.14285714285714285 0.19047619047619047 0.3968253968253968 0.23809523809523808 0.2857142857142857 0.2222222222222222 0.0 0.5079365079365079 0.30158730158730157 0.09523809523809523 0.5555555555555556 0.19047619047619047 0.5396825396825397 0.25396825396825395 0.25396825396825395 0.1746031746031746 0.1746031746031746 0.12698412698412698
0.09523809523809523 0.38095238095238093 0.14285714285714285 0.19047619047619047 0.3968253968253968 0.2698412698412698 0.2222222222222222 0.2857142857142857 0.0 0.5079365079365079 0.3333333333333333 0.06349206349206349 0.5873015873015873 0.19047619047619047 0.47619047619047616 0.2222222222222222 0.25396825396825395 0.1746031746031746 0.20634920634920634 0.12698412698412698
0.0 0.31746031746031744 0.0 0.0 0.31746031746031744 0.0 0.0 0.0 0.0 0.38095238095238093 0.06349206349206349 0.0 0.4444444444444444 0.0 0.38095238095238093 0.0 0.0 0.0 0.0 0.0
0.38095238095238093 0.6984126984126984 0.4603174603174603 0.42857142857142855 0.7777777777777778 0.5238095238095238 0.5079365079365079 0.5079365079365079 0.38095238095238093 0.8571428571428571 0.6031746031746031 0.38095238095238093 0.9206349206349206 0.4603174603174603 0.7619047619047619 0.5079365079365079 0.5396825396825397 0.4444444444444444 0.4444444444444444 0.38095238095238093
0.19047619047619047 0.47619047619047616 0.2698412698412698 0.25396825396825395 0.5238095238095238 0.3492063492063492 0.30158730158730157 0.3333333333333333 0.06349206349206349 0.6031746031746031 0.42857142857142855 0.19047619047619047 0.6825396825396826 0.2698412698412698 0.5555555555555556 0.31746031746031744 0.3492063492063492 0.23809523809523808 0.2698412698412698 0.19047619047619047
0.0 0.31746031746031744 0.06349206349206349 0.0 0.31746031746031744 0.09523809523809523 0.09523809523809523 0.06349206349206349 0.0 0.38095238095238093 0.19047619047619047 0.0 0.4444444444444444 0.031746031746031744 0.38095238095238093 0.12698412698412698 0.12698412698412698 0.031746031746031744 0.0 0.0
0.4444444444444444 0.7619047619047619 0.5238095238095238 0.5079365079365079 0.8412698412698413 0.6031746031746031 0.5555555555555556 0.5873015873015873 0.4444444444444444 0.9206349206349206 0.6825396825396826 0.4444444444444444 1.0 0.5238095238095238 0.8253968253968254 0.5555555555555556 0.6031746031746031 0.49206349206349204 0.5238095238095238 0.4444444444444444
0.06349206349206349 0.36507936507936506 0.12698412698412698 0.1111111111111111 0.38095238095238093 0.20634920634920634 0.19047619047619047 0.19047619047619047 0.0 0.4603174603174603 0.2698412698412698 0.031746031746031744 0.5238095238095238 0.14285714285714285 0.4444444444444444 0.19047619047619047 0.20634920634920634 0.12698412698412698 0.12698412698412698 0.06349206349206349
0.38095238095238093 0.7777777777777778 0.42857142857142855 0.4444444444444444 0.6984126984126984 0.49206349206349204 0.5396825396825397 0.47619047619047616 0.38095238095238093 0.7619047619047619 0.5555555555555556 0.38095238095238093 0.8253968253968254 0.4444444444444444 0.8571428571428571 0.5396825396825397 0.5079365079365079 0.4603174603174603 0.42857142857142855 0.38095238095238093
0.12698412698412698 0.4603174603174603 0.19047619047619047 0.19047619047619047 0.42857142857142855 0.23809523809523808 0.25396825396825395 0.2222222222222222 0.0 0.5079365079365079 0.31746031746031744 0.12698412698412698 0.5555555555555556 0.19047619047619047 0.5396825396825397 0.2857142857142857 0.25396825396825395 0.20634920634920634 0.1746031746031746 0.12698412698412698
0.12698412698412698 0.42857142857142855 0.20634920634920634 0.1746031746031746 0.4603174603174603 0.2698412698412698 0.25396825396825395 0.25396825396825395 0.0 0.5396825396825397 0.3492063492063492 0.12698412698412698 0.6031746031746031 0.20634920634920634 0.5079365079365079 0.25396825396825395 0.2857142857142857 0.19047619047619047 0.19047619047619047 0.12698412698412698
0.06349206349206349 0.38095238095238093 0.1111111111111111 0.12698412698412698 0.36507936507936506 0.19047619047619047 0.1746031746031746 0.1746031746031746 0.0 0.4444444444444444 0.23809523809523808 0.031746031746031744 0.49206349206349204 0.12698412698412698 0.4603174603174603 0.20634920634920634 0.19047619047619047 0.14285714285714285 0.1111111111111111 0.06349206349206349
0.031746031746031744 0.3333333333333333 0.07936507936507936 0.12698412698412698 0.3333333333333333 0.20634920634920634 0.1746031746031746 0.20634920634920634 0.0 0.4444444444444444 0.2698412698412698 0.0 0.5238095238095238 0.12698412698412698 0.42857142857142855 0.1746031746031746 0.19047619047619047 0.1111111111111111 0.14285714285714285 0.06349206349206349
0.0 0.2857142857142857 0.031746031746031744 0.06349206349206349 0.2857142857142857 0.12698412698412698 0.12698412698412698 0.12698412698412698 0.0 0.38095238095238093 0.19047619047619047 0.0 0.4444444444444444 0.06349206349206349 0.38095238095238093 0.12698412698412698 0.12698412698412698 0.06349206349206349 0.06349206349206349 0.0
