0.005206174886033982 0.005232076253626192 0.005232076253626192 0.0052579776212184 0.0052579776212184 0.0052579776212184 0.0052838789888106094 0.0052838789888106094 0.005309780356402818 0.005361583091587236 0.005361583091587236 0.005387484459179445 0.0054133858267716535 0.005439287194363863 0.005439287194363863 0.005465188561956071 0.005491089929548281 0.005491089929548281 0.005491089929548281 0.005516991297140489 0.005568794032324907 0.005568794032324907 0.005594695399917115 0.005594695399917115 0.005594695399917115 0.005620596767509325 0.005646498135101533 0.005672399502693742 0.005698300870285951 0.005698300870285951 0.005698300870285951 0.005698300870285951 0.005698300870285951 0.00572420223787816 0.005750103605470369 0.005750103605470369 0.005776004973062578 0.005801906340654786 0.005801906340654786 0.005853709075839204 0.005853709075839204 0.005853709075839204 0.0058796104434314135 0.005905511811023622 0.005905511811023622 0.005905511811023622 0.005905511811023622 0.005983215913800249 0.005983215913800249 0.005983215913800249 0.005983215913800249 0.0060091172813924575 0.006035018648984666 0.006035018648984666 0.006060920016576875 0.006086821384169084 0.006086821384169084 0.006112722751761293 0.006112722751761293 0.0061386241193535016 0.0061386241193535016 0.006242229589722337 0.0062681309573145464 0.0062681309573145464 0.006371736427683382 0.006371736427683382 0.006371736427683382 0.0064235391628678 0.0064235391628678 0.006449440530460008 0.006501243265644426 0.0065271446332366345 0.006578947368421052 0.00663075010360547 0.006682552838789888 0.006682552838789888 0.006708454206382097 0.006708454206382097 0.006734355573974306 0.006734355573974306 0.006786158309158723 0.006812059676750933 0.006941566514711977 0.007019270617488603 0.007071073352673021 0.0071228760878574385 0.0072523829258184834 0.007304185661002901 0.007355988396187319 0.007485495234148363 0.007640903439701616 0.007640903439701616 0.007848114380439287 0.007925818483215915 0.007925818483215915 0.007925818483215915 0.008158930791545794 0.008184832159138003 0.008184832159138003 0.00823663489432242 0.00826253626191463 0.008314338997099047 0.008573352673021135 0.00867695814338997 0.00870285951098218 0.008728760878574389 0.008780563613758806 0.008832366348943224 0.008987774554496477 0.009039577289680896 0.009039577289680896 0.009117281392457521 0.00916908412764194 0.009350393700787402 0.00937629506837961 0.00940219643597182 0.009505801906340655 0.009505801906340655 0.009687111479486117 0.009738914214670534 0.009816618317447161 0.009894322420223789 0.009920223787815997 0.010127434728553668 0.010308744301699129 0.010438251139660175 0.010541856610029009 0.010645462080397844 0.010826771653543307 0.010878574388727726 0.010878574388727726 0.011292996270203066 0.01144840447575632 0.011836924989639452 0.011862826357231663 0.012044135930377124 0.012251346871114795 0.012743472855366764
0.3333333333333333 0.0 0.0 0.0 0.0 0.18750000000000006 0.0 0.0 0.10416666666666666 0.0 0.0 0.0 0.0 0.16666666666666666 0.0 0.0 0.0 0.0 0.39583333333333337 0.0 0.0 0.0 0.10416666666666666 0.0 0.0 0.0 0.0 0.12500000000000003 0.3194444444444445 0.0 0.1458333333333333 0.0 0.0 0.0 0.12500000000000003 0.0 0.0 0.0 0.0 0.12500000000000003 0.37499999999999994 0.0 0.0 0.0 0.0 0.27777777777777773 0.0 0.0 0.0 0.0 0.0 0.08333333333333333 0.0 0.12500000000000003 0.2361111111111111 0.0 0.0 0.0 0.0 0.0 0.0 0.0 0.12500000000000003 0.0 0.0 0.0 0.0 0.0 0.16666666666666666 0.0 0.10416666666666666 0.0 0.10416666666666666 0.0 0.0 0.0 0.0 0.1458333333333333 0.2986111111111111 0.0 0.1458333333333333 0.0 0.0 0.0 0.0 0.0 0.0 0.0 0.0 0.0 0.0 0.0 0.0 0.0 0.0 0.08333333333333333 0.0 0.0 0.0 0.0 0.08333333333333333 0.0 0.0 0.0 0.0 0.0 0.0 0.0 0.2986111111111111 0.1458333333333333 0.10416666666666666 0.0 0.0 0.0 0.0 0.1458333333333333 0.0 0.21527777777777773 0.0 0.0 0.08333333333333333 0.0 0.2361111111111111 0.0 0.0 0.0 0.0 0.2569444444444445 0.12500000000000003 0.06250000000000001 0.27777777777777773 0.0 0.0 0.0 0.10416666666666666 0.0 0.0 0.0
0.0 0.2222222222222222 0.0 0.0 0.0 0.16666666666666666 0.0 0.0 0.0 0.0 0.0 0.0 0.0 0.0 0.0 0.0 0.08333333333333333 0.0 0.0 0.19444444444444448 0.1458333333333333 0.21527777777777773 0.0 0.0 0.0 0.0 0.06250000000000001 0.0 0.22916666666666669 0.0 0.0 0.27777777777777773 0.15277777777777776 0.2638888888888889 0.0 0.28472222222222215 0.0 0.0 0.0 0.0 0.0 0.12500000000000003 0.0 0.0 0.24305555555555552 0.0 0.17361111111111108 0.0 0.0 0.10416666666666666 0.0 0.0 0.13194444444444445 0.0 0.0 0.12500000000000003 0.08333333333333333 0.19444444444444448 0.0 0.0 0.19444444444444448 0.0 0.0 0.0 0.0 0.0 0.0 0.0 0.0 0.08333333333333333 0.0 0.27777777777777773 0.0 0.15277777777777776 0.041666666666666664 0.0 0.0 0.0 0.0 0.0 0.0 0.0 0.0 0.0 0.17361111111111108 0.10416666666666666 0.0 0.0 0.0 0.0 0.0 0.0 0.06250000000000001 0.0 0.0 0.0 0.0 0.15277777777777776 0.08333333333333333 0.0 0.0 0.13194444444444445 0.0 0.0 0.10416666666666666 0.0 0.0 0.0 0.0 0.0 0.0 0.0 0.0 0.18750000000000006 0.0 0.0 0.041666666666666664 0.0 0.0 0.0 0.0 0.06250000000000001 0.0 0.0 0.0 0.0 0.0 0.0 0.0 0.0 0.0 0.0 0.0 0.0 0.0 0.0 0.0 0.0
0.0 0.0 0.3333333333333333 0.0 0.0 0.0 0.0 0.27777777777777773 0.0 0.0 0.0 0.0 0.0 0.3055555555555555 0.0 0.0 0.17361111111111108 0.3263888888888889 0.3263888888888889 0.1458333333333333 0.0 0.0 0.17361111111111108 0.28472222222222215 0.0 0.19444444444444448 0.15277777777777776 0.0 0.45833333333333337 0.24305555555555552 0.0 0.22916666666666669 0.10416666666666666 0.0 0.12500000000000003 0.0 0.0 0.21527777777777773 0.10416666666666666 0.0 0.2361111111111111 0.0 0.0 0.10416666666666666 0.0 0.34722222222222215 0.12500000000000003 0.19444444444444448 0.2361111111111111 0.2638888888888889 0.0 0.0 0.08333333333333333 0.2638888888888889 0.16666666666666666 0.21527777777777773 0.10416666666666666 0.0 0.17361111111111108 0.17361111111111108 0.0 0.0 0.0 0.0 0.0 0.0 0.0 0.0 0.0 0.17361111111111108 0.0 0.0 0.0 0.10416666666666666 0.0 0.2638888888888889 0.19444444444444448 0.21527777777777773 0.4375 0.17361111111111108 0.3541666666666666 0.0 0.0 0.0 0.0 0.0 0.0 0.0 0.24305555555555552 0.19444444444444448 0.06250000000000001 0.15277777777777776 0.0 0.0 0.0 0.0 0.0 0.0 0.0 0.0 0.08333333333333333 0.0 0.10416666666666666 0.24305555555555552 0.0 0.0 0.0 0.0 0.2986111111111111 0.21527777777777773 0.0 0.08333333333333333 0.0 0.0 0.15277777777777776 0.0 0.06250000000000001 0.0 0.0 0.0 0.0 0.0 0.0 0.10416666666666666 0.0 0.10416666666666666 0.0 0.2569444444444445 0.2638888888888889 0.0 0.34722222222222215 0.0 0.0 0.0 0.17361111111111108 0.0 0.15277777777777776 0.06250000000000001
0.0 0.0 0.0 0.2222222222222222 0.0 0.2361111111111111 0.0 0.18750000000000006 0.0 0.0 0.0 0.0 0.0 0.21527777777777773 0.0 0.0 0.15277777777777776 0.2361111111111111 0.2361111111111111 0.12500000000000003 0.21527777777777773 0.1458333333333333 0.0 0.19444444444444448 0.0 0.17361111111111108 0.0 0.0 0.22916666666666669 0.0 0.0 0.20833333333333331 0.0 0.19444444444444448 0.0 0.1458333333333333 0.0 0.0 0.15277777777777776 0.0 0.1458333333333333 0.19444444444444448 0.0 0.15277777777777776 0.10416666666666666 0.18750000000000006 0.17361111111111108 0.17361111111111108 0.1458333333333333 0.10416666666666666 0.0 0.0 0.0 0.10416666666666666 0.0 0.19444444444444448 0.15277777777777776 0.12500000000000003 0.0 0.08333333333333333 0.12500000000000003 0.0 0.0 0.0 0.0 0.0 0.0 0.0 0.1458333333333333 0.0 0.0 0.20833333333333331 0.0 0.08333333333333333 0.0 0.0 0.10416666666666666 0.12500000000000003 0.20833333333333331 0.0 0.12500000000000003 0.10416666666666666 0.0 0.0 0.17361111111111108 0.17361111111111108 0.0 0.12500000000000003 0.08333333333333333 0.0 0.0 0.06250000000000001 0.0 0.10416666666666666 0.0 0.0 0.0 0.08333333333333333 0.15277777777777776 0.17361111111111108 0.0 0.0 0.0 0.0 0.17361111111111108 0.0 0.0 0.0 0.20833333333333331 0.12500000000000003 0.0 0.06250000000000001 0.17361111111111108 0.2569444444444445 0.0 0.0 0.041666666666666664 0.0 0.041666666666666664 0.0 0.0 0.13194444444444445 0.0 0.15277777777777776 0.08333333333333333 0.08333333333333333 0.0 0.16666666666666666 0.17361111111111108 0.0 0.2569444444444445 0.13194444444444445 0.16666666666666666 0.08333333333333333 0.08333333333333333 0.06250000000000001 0.06250000000000001 0.041666666666666664
0.0 0.0 0.0 0.0 0.3333333333333333 0.0 0.0 0.41666666666666663 0.24305555555555552 0.0 0.3541666666666666 0.06250000000000001 0.0 0.3055555555555555 0.0 0.15277777777777776 0.0 0.39583333333333337 0.0 0.0 0.0 0.0 0.10416666666666666 0.21527777777777773 0.0 0.0 0.0 0.12500000000000003 0.45833333333333337 0.0 0.0 0.0 0.0 0.0 0.12500000000000003 0.0 0.0 0.0 0.0 0.2638888888888889 0.0 0.0 0.17361111111111108 0.0 0.0 0.41666666666666663 0.0 0.0 0.37499999999999994 0.0 0.0 0.08333333333333333 0.0 0.12500000000000003 0.37499999999999994 0.0 0.0 0.0 0.0 0.0 0.0 0.0 0.0 0.0 0.0 0.0 0.0 0.0 0.0 0.0 0.10416666666666666 0.0 0.10416666666666666 0.0 0.0 0.0 0.19444444444444448 0.28472222222222215 0.4375 0.0 0.1458333333333333 0.0 0.17361111111111108 0.0 0.0 0.0 0.0 0.0 0.0 0.0 0.0 0.0 0.0 0.0 0.2638888888888889 0.08333333333333333 0.0 0.0 0.0 0.0 0.08333333333333333 0.0 0.0 0.0 0.0 0.0 0.21527777777777773 0.0 0.4375 0.1458333333333333 0.10416666666666666 0.0 0.0 0.0 0.0 0.1458333333333333 0.0 0.3541666666666666 0.0 0.0 0.08333333333333333 0.0 0.37499999999999994 0.0 0.0 0.0 0.0 0.39583333333333337 0.12500000000000003 0.06250000000000001 0.41666666666666663 0.0 0.0 0.0 0.10416666666666666 0.0 0.0 0.0
0.18750000000000006 0.16666666666666666 0.0 0.2361111111111111 0.0 0.6666666666666666 0.2569444444444445 0.0 0.0 0.2569444444444445 0.0 0.0 0.0 0.22916666666666669 0.4097222222222223 0.0 0.16666666666666666 0.25000000000000006 0.25000000000000006 0.41666666666666663 0.4375 0.3680555555555555 0.0 0.20833333333333331 0.18750000000000006 0.0 0.0 0.39583333333333337 0.0 0.0 0.48611111111111105 0.5694444444444443 0.0 0.34722222222222215 0.18750000000000006 0.4375 0.0 0.0 0.0 0.0 0.22916666666666669 0.34722222222222215 0.0 0.16666666666666666 0.2569444444444445 0.0 0.3263888888888889 0.0 0.0 0.0 0.2569444444444445 0.21527777777777773 0.1458333333333333 0.0 0.0 0.0 0.3055555555555555 0.41666666666666663 0.0 0.16666666666666666 0.41666666666666663 0.16666666666666666 0.0 0.27777777777777773 0.0 0.2569444444444445 0.12500000000000003 0.16666666666666666 0.5763888888888888 0.16666666666666666 0.16666666666666666 0.5694444444444443 0.16666666666666666 0.2361111111111111 0.0 0.18750000000000006 0.0 0.0 0.0 0.0 0.0 0.39583333333333337 0.0 0.3680555555555555 0.3263888888888889 0.39583333333333337 0.21527777777777773 0.34722222222222215 0.0 0.0 0.12500000000000003 0.0 0.0 0.2569444444444445 0.0 0.0 0.16666666666666666 0.2361111111111111 0.3055555555555555 0.2569444444444445 0.0 0.1458333333333333 0.16666666666666666 0.16666666666666666 0.39583333333333337 0.21527777777777773 0.0 0.21527777777777773 0.0 0.0 0.16666666666666666 0.21527777777777773 0.0 0.5486111111111112 0.0 0.27777777777777773 0.12500000000000003 0.0 0.12500000000000003 0.3680555555555555 0.0 0.21527777777777773 0.0 0.16666666666666666 0.3055555555555555 0.0 0.0 0.0 0.18750000000000006 0.12500000000000003 0.2708333333333334 0.0 0.45833333333333337 0.3055555555555555 0.0 0.21527777777777773 0.1458333333333333 0.12500000000000003
0.0 0.0 0.0 0.0 0.0 0.2569444444444445 0.3333333333333333 0.0 0.0 0.19444444444444448 0.0 0.0 0.0 0.0 0.41666666666666663 0.0 0.10416666666666666 0.0 0.0 0.21527777777777773 0.2361111111111111 0.0 0.0 0.0 0.0 0.19444444444444448 0.0 0.0 0.0 0.10416666666666666 0.0 0.4375 0.0 0.1458333333333333 0.12500000000000003 0.2361111111111111 0.0 0.1458333333333333 0.10416666666666666 0.0 0.0 0.0 0.0 0.10416666666666666 0.19444444444444448 0.20833333333333331 0.12500000000000003 0.0 0.0 0.0 0.0 0.0 0.0 0.12500000000000003 0.0 0.0 0.10416666666666666 0.21527777777777773 0.17361111111111108 0.17361111111111108 0.0 0.0 0.0 0.1458333333333333 0.15277777777777776 0.19444444444444448 0.06250000000000001 0.10416666666666666 0.3055555555555555 0.10416666666666666 0.10416666666666666 0.2986111111111111 0.0 0.17361111111111108 0.0 0.12500000000000003 0.0 0.0 0.0 0.10416666666666666 0.0 0.2638888888888889 0.0 0.2361111111111111 0.0 0.19444444444444448 0.15277777777777776 0.28472222222222215 0.0 0.0 0.06250000000000001 0.08333333333333333 0.0 0.12500000000000003 0.0 0.0 0.0 0.0 0.0 0.19444444444444448 0.0 0.0 0.0 0.0 0.0 0.0 0.0 0.0 0.0 0.0 0.10416666666666666 0.15277777777777776 0.0 0.27777777777777773 0.0 0.0 0.0 0.0 0.0 0.0 0.0 0.0 0.0 0.0 0.24305555555555552 0.0 0.0 0.0 0.0 0.0 0.0 0.0 0.3263888888888889 0.10416666666666666 0.0 0.0 0.0 0.06250000000000001
0.0 0.0 0.27777777777777773 0.18750000000000006 0.41666666666666663 0.0 0.0 0.7777777777777776 0.3263888888888889 0.0 0.5069444444444444 0.1458333333333333 0.0 0.5972222222222222 0.0 0.2361111111111111 0.0 0.6875 0.4097222222222223 0.0 0.0 0.25000000000000006 0.18750000000000006 0.5069444444444444 0.0 0.0 0.0 0.0 0.8194444444444444 0.18750000000000006 0.0 0.0 0.18750000000000006 0.0 0.27777777777777773 0.0 0.0 0.5069444444444444 0.18750000000000006 0.41666666666666663 0.3194444444444445 0.0 0.3263888888888889 0.18750000000000006 0.0 0.5694444444444443 0.0 0.27777777777777773 0.5972222222222222 0.34722222222222215 0.0 0.0 0.0 0.27777777777777773 0.5277777777777778 0.4375 0.0 0.22916666666666669 0.18750000000000006 0.0 0.22916666666666669 0.0 0.0 0.0 0.0 0.0 0.1458333333333333 0.0 0.0 0.18750000000000006 0.18750000000000006 0.31249999999999994 0.0 0.0 0.1458333333333333 0.41666666666666663 0.41666666666666663 0.5069444444444444 0.6597222222222221 0.3263888888888889 0.3680555555555555 0.0 0.2569444444444445 0.0 0.20833333333333331 0.0 0.0 0.0 0.18750000000000006 0.41666666666666663 0.1458333333333333 0.0 0.2361111111111111 0.0 0.34722222222222215 0.0 0.0 0.18750000000000006 0.0 0.0 0.2361111111111111 0.16666666666666666 0.18750000000000006 0.3263888888888889 0.0 0.0 0.4375 0.0 0.7986111111111109 0.5069444444444444 0.18750000000000006 0.0 0.41666666666666663 0.0 0.2361111111111111 0.0 0.1458333333333333 0.4375 0.1458333333333333 0.0 0.2361111111111111 0.0 0.5277777777777778 0.3263888888888889 0.0 0.3263888888888889 0.0 0.6180555555555556 0.41666666666666663 0.1458333333333333 0.7083333333333331 0.2361111111111111 0.0 0.0 0.3263888888888889 0.0 0.2361111111111111 0.1458333333333333
0.10416666666666666 0.0 0.0 0.0 0.24305555555555552 0.0 0.0 0.3263888888888889 0.2222222222222222 0.10416666666666666 0.2638888888888889 0.041666666666666664 0.0 0.28472222222222215 0.0 0.13194444444444445 0.0 0.3055555555555555 0.16666666666666666 0.0 0.1458333333333333 0.0 0.08333333333333333 0.19444444444444448 0.0 0.0 0.0 0.10416666666666666 0.3680555555555555 0.0 0.0 0.0 0.0 0.0 0.10416666666666666 0.0 0.0 0.0 0.0 0.24305555555555552 0.1458333333333333 0.0 0.15277777777777776 0.0 0.0 0.3263888888888889 0.0 0.0 0.28472222222222215 0.0 0.10416666666666666 0.06250000000000001 0.0 0.10416666666666666 0.28472222222222215 0.0 0.0 0.0 0.0 0.0 0.0 0.0 0.0 0.0 0.0 0.0 0.0 0.0 0.0 0.0 0.08333333333333333 0.0 0.08333333333333333 0.0 0.0 0.0 0.17361111111111108 0.2638888888888889 0.34722222222222215 0.0 0.12500000000000003 0.0 0.08333333333333333 0.0 0.0 0.0 0.0 0.12500000000000003 0.0 0.0 0.0 0.0 0.0 0.0 0.17361111111111108 0.06250000000000001 0.0 0.0 0.0 0.0 0.06250000000000001 0.0 0.0 0.0 0.0 0.0 0.12500000000000003 0.0 0.34722222222222215 0.12500000000000003 0.08333333333333333 0.0 0.0 0.0 0.0 0.12500000000000003 0.0 0.2638888888888889 0.0 0.0 0.06250000000000001 0.0 0.28472222222222215 0.0 0.0 0.0 0.0 0.3055555555555555 0.10416666666666666 0.041666666666666664 0.3263888888888889 0.0 0.0 0.0 0.08333333333333333 0.0 0.0 0.0
0.0 0.0 0.0 0.0 0.0 0.2569444444444445 0.19444444444444448 0.0 0.10416666666666666 0.3333333333333333 0.0 0.06250000000000001 0.19444444444444448 0.16666666666666666 0.41666666666666663 0.0 0.0 0.0 0.0 0.21527777777777773 0.37499999999999994 0.3055555555555555 0.0 0.0 0.0 0.0 0.0 0.12500000000000003 0.0 0.0 0.0 0.4375 0.0 0.0 0.12500000000000003 0.2361111111111111 0.0 0.0 0.0 0.12500000000000003 0.0 0.28472222222222215 0.0 0.10416666666666666 0.0 0.0 0.0 0.0 0.0 0.0 0.19444444444444448 0.15277777777777776 0.0 0.0 0.16666666666666666 0.0 0.10416666666666666 0.21527777777777773 0.0 0.0 0.21527777777777773 0.24305555555555552 0.0 0.28472222222222215 0.0 0.19444444444444448 0.06250000000000001 0.0 0.2361111111111111 0.0 0.17361111111111108 0.4375 0.24305555555555552 0.0 0.0 0.0 0.0 0.1458333333333333 0.0 0.0 0.0 0.2638888888888889 0.0 0.37499999999999994 0.0 0.19444444444444448 0.15277777777777776 0.3541666666666666 0.0 0.0 0.06250000000000001 0.0 0.0 0.2638888888888889 0.0 0.15277777777777776 0.10416666666666666 0.0 0.0 0.19444444444444448 0.08333333333333333 0.0 0.10416666666666666 0.0 0.19444444444444448 0.15277777777777776 0.0 0.0 0.0 0.0 0.17361111111111108 0.08333333333333333 0.0 0.41666666666666663 0.0 0.28472222222222215 0.0 0.0 0.0 0.2361111111111111 0.0 0.0 0.0 0.0 0.17361111111111108 0.0 0.0 0.0 0.0 0.06250000000000001 0.0 0.0 0.39583333333333337 0.17361111111111108 0.0 0.0 0.0 0.0
0.0 0.0 0.0 0.0 0.3541666666666666 0.0 0.0 0.5069444444444444 0.2638888888888889 0.0 0.4444444444444444 0.08333333333333333 0.0 0.39583333333333337 0.0 0.17361111111111108 0.0 0.48611111111111105 0.20833333333333331 0.0 0.0 0.0 0.0 0.3055555555555555 0.0 0.1458333333333333 0.0 0.0 0.5486111111111112 0.0 0.16666666666666666 0.0 0.0 0.0 0.21527777777777773 0.0 0.0 0.0 0.12500000000000003 0.3541666666666666 0.18750000000000006 0.0 0.2638888888888889 0.12500000000000003 0.0 0.5069444444444444 0.0 0.1458333333333333 0.4652777777777778 0.0 0.1458333333333333 0.0 0.0 0.21527777777777773 0.3263888888888889 0.16666666666666666 0.0 0.0 0.0 0.0 0.0 0.0 0.0 0.0 0.0 0.0 0.0 0.0 0.0 0.0 0.12500000000000003 0.0 0.0 0.0 0.0 0.0 0.28472222222222215 0.37499999999999994 0.5277777777777778 0.12500000000000003 0.2361111111111111 0.0 0.19444444444444448 0.0 0.0 0.0 0.0 0.0 0.0 0.0 0.0 0.0 0.0 0.0 0.28472222222222215 0.0 0.12500000000000003 0.0 0.0 0.1458333333333333 0.0 0.0 0.12500000000000003 0.0 0.0 0.0 0.2361111111111111 0.10416666666666666 0.5277777777777778 0.2361111111111111 0.0 0.0 0.1458333333333333 0.0 0.0 0.0 0.0 0.37499999999999994 0.08333333333333333 0.18750000000000006 0.17361111111111108 0.0 0.4652777777777778 0.12500000000000003 0.0 0.0 0.0 0.48611111111111105 0.21527777777777773 0.08333333333333333 0.5069444444444444 0.10416666666666666 0.0 0.0 0.19444444444444448 0.0 0.0 0.0
0.0 0.0 0.0 0.0 0.06250000000000001 0.0 0.0 0.1458333333333333 0.041666666666666664 0.06250000000000001 0.08333333333333333 0.0 0.06250000000000001 0.10416666666666666 0.1458333333333333 0.020833333333333332 0.0 0.12500000000000003 0.0 0.0 0.10416666666666666 0.10416666666666666 0.0 0.08333333333333333 0.0 0.0 0.0 0.0 0.18750000000000006 0.0 0.0 0.16666666666666666 0.0 0.0 0.0 0.0 0.0 0.0 0.0 0.06250000000000001 0.0 0.08333333333333333 0.041666666666666664 0.0 0.0 0.1458333333333333 0.0 0.0 0.10416666666666666 0.0 0.06250000000000001 0.0 0.0 0.0 0.10416666666666666 0.0 0.0 0.0 0.0 0.0 0.0 0.041666666666666664 0.0 0.0 0.0 0.0 0.0 0.0 0.0 0.0 0.0 0.16666666666666666 0.041666666666666664 0.0 0.0 0.0 0.06250000000000001 0.08333333333333333 0.16666666666666666 0.0 0.0 0.0 0.0 0.10416666666666666 0.0 0.0 0.0 0.08333333333333333 0.0 0.0 0.0 0.0 0.0 0.06250000000000001 0.06250000000000001 0.020833333333333332 0.041666666666666664 0.0 0.0 0.0 0.0 0.0 0.0 0.0 0.0 0.0 0.0 0.0 0.16666666666666666 0.0 0.0 0.0 0.0 0.1458333333333333 0.0 0.08333333333333333 0.0 0.08333333333333333 0.0 0.10416666666666666 0.0 0.0 0.10416666666666666 0.0 0.0 0.0 0.0 0.12500000000000003 0.0 0.0 0.1458333333333333 0.0 0.12500000000000003 0.0 0.0 0.0 0.0 0.0
0.0 0.0 0.0 0.0 0.0 0.0 0.0 0.0 0.0 0.19444444444444448 0.0 0.06250000000000001 0.3333333333333333 0.0 0.41666666666666663 0.0 0.0 0.0 0.0 0.0 0.2361111111111111 0.16666666666666666 0.0 0.0 0.0 0.0 0.0 0.0 0.25000000000000006 0.0 0.0 0.4375 0.0 0.0 0.0 0.0 0.15277777777777776 0.0 0.0 0.0 0.0 0.1458333333333333 0.0 0.0 0.0 0.20833333333333331 0.0 0.0 0.0 0.0 0.19444444444444448 0.0 0.0 0.0 0.16666666666666666 0.0 0.0 0.0 0.0 0.0 0.0 0.10416666666666666 0.12500000000000003 0.21527777777777773 0.0 0.0 0.0 0.0 0.0 0.0 0.0 0.4375 0.17361111111111108 0.0 0.0 0.0 0.0 0.0 0.22916666666666669 0.0 0.0 0.0 0.10416666666666666 0.37499999999999994 0.0 0.0 0.0 0.21527777777777773 0.0 0.0 0.0 0.0 0.0 0.12500000000000003 0.12500000000000003 0.08333333333333333 0.10416666666666666 0.0 0.0 0.0 0.0 0.0 0.0 0.0 0.0 0.0 0.1458333333333333 0.0 0.22916666666666669 0.0 0.0 0.0 0.0 0.41666666666666663 0.0 0.3541666666666666 0.0 0.1458333333333333 0.0 0.37499999999999994 0.0 0.0 0.16666666666666666 0.0 0.0 0.0 0.06250000000000001 0.18750000000000006 0.0 0.0 0.20833333333333331 0.0 0.39583333333333337 0.0 0.0 0.0 0.0 0.0
0.16666666666666666 0.0 0.3055555555555555 0.21527777777777773 0.3055555555555555 0.22916666666666669 0.0 0.5972222222222222 0.28472222222222215 0.16666666666666666 0.39583333333333337 0.10416666666666666 0.0 0.5555555555555555 0.0 0.19444444444444448 0.1458333333333333 0.5763888888888888 0.4375 0.0 0.20833333333333331 0.0 0.1458333333333333 0.4652777777777778 0.0 0.16666666666666666 0.12500000000000003 0.0 0.6388888888888887 0.1458333333333333 0.0 0.0 0.0 0.0 0.2361111111111111 0.0 0.0 0.39583333333333337 0.1458333333333333 0.37499999999999994 0.34722222222222215 0.18750000000000006 0.28472222222222215 0.1458333333333333 0.0 0.45833333333333337 0.0 0.3055555555555555 0.48611111111111105 0.2361111111111111 0.16666666666666666 0.0 0.0 0.2361111111111111 0.41666666666666663 0.3263888888888889 0.1458333333333333 0.0 0.1458333333333333 0.0 0.0 0.0 0.0 0.0 0.0 0.0 0.10416666666666666 0.0 0.0 0.1458333333333333 0.1458333333333333 0.0 0.1458333333333333 0.0 0.0 0.37499999999999994 0.37499999999999994 0.4652777777777778 0.6180555555555556 0.28472222222222215 0.39583333333333337 0.0 0.1458333333333333 0.0 0.0 0.16666666666666666 0.0 0.18750000000000006 0.21527777777777773 0.3055555555555555 0.10416666666666666 0.0 0.12500000000000003 0.0 0.2361111111111111 0.0 0.0 0.0 0.1458333333333333 0.16666666666666666 0.19444444444444448 0.0 0.1458333333333333 0.28472222222222215 0.16666666666666666 0.0 0.3263888888888889 0.0 0.6180555555555556 0.39583333333333337 0.1458333333333333 0.0 0.3055555555555555 0.25000000000000006 0.19444444444444448 0.0 0.10416666666666666 0.3263888888888889 0.10416666666666666 0.0 0.19444444444444448 0.12500000000000003 0.41666666666666663 0.28472222222222215 0.0 0.21527777777777773 0.0 0.5069444444444444 0.37499999999999994 0.10416666666666666 0.5972222222222222 0.19444444444444448 0.0 0.0 0.28472222222222215 0.0 0.19444444444444448 0.10416666666666666
0.0 0.0 0.0 0.0 0.0 0.4097222222222223 0.41666666666666663 0.0 0.0 0.41666666666666663 0.0 0.1458333333333333 0.41666666666666663 0.0 0.7777777777777776 0.0 0.18750000000000006 0.0 0.0 0.4375 0.45833333333333337 0.38888888888888895 0.0 0.0 0.27777777777777773 0.27777777777777773 0.0 0.27777777777777773 0.3333333333333333 0.18750000000000006 0.3680555555555555 0.7986111111111109 0.0 0.3680555555555555 0.20833333333333331 0.45833333333333337 0.2361111111111111 0.0 0.18750000000000006 0.0 0.0 0.3680555555555555 0.0 0.18750000000000006 0.27777777777777773 0.2916666666666666 0.34722222222222215 0.0 0.0 0.0 0.41666666666666663 0.2361111111111111 0.0 0.20833333333333331 0.25000000000000006 0.0 0.18750000000000006 0.2986111111111111 0.2569444444444445 0.2569444444444445 0.2986111111111111 0.3263888888888889 0.20833333333333331 0.5069444444444444 0.2361111111111111 0.41666666666666663 0.1458333333333333 0.3263888888888889 0.45833333333333337 0.18750000000000006 0.18750000000000006 0.6597222222222221 0.3263888888888889 0.2569444444444445 0.0 0.0 0.0 0.0 0.31249999999999994 0.0 0.0 0.41666666666666663 0.18750000000000006 0.5972222222222222 0.20833333333333331 0.27777777777777773 0.2361111111111111 0.5069444444444444 0.0 0.0 0.1458333333333333 0.16666666666666666 0.0 0.41666666666666663 0.20833333333333331 0.2361111111111111 0.3263888888888889 0.0 0.18750000000000006 0.27777777777777773 0.0 0.0 0.18750000000000006 0.0 0.27777777777777773 0.2361111111111111 0.22916666666666669 0.2361111111111111 0.31249999999999994 0.0 0.18750000000000006 0.2361111111111111 0.0 0.6388888888888887 0.0 0.5069444444444444 0.0 0.22916666666666669 0.1458333333333333 0.5972222222222222 0.0 0.0 0.25000000000000006 0.0 0.3263888888888889 0.0 0.1458333333333333 0.2708333333333334 0.0 0.1458333333333333 0.2916666666666666 0.0 0.6875 0.3263888888888889 0.0 0.2361111111111111 0.0 0.1458333333333333
0.0 0.0 0.0 0.0 0.15277777777777776 0.0 0.0 0.2361111111111111 0.13194444444444445 0.0 0.17361111111111108 0.020833333333333332 0.0 0.19444444444444448 0.0 0.1111111111111111 0.0 0.21527777777777773 0.0 0.0 0.0 0.12500000000000003 0.06250000000000001 0.17361111111111108 0.0 0.0 0.0 0.08333333333333333 0.27777777777777773 0.0 0.0 0.0 0.0 0.0 0.0 0.0 0.0 0.0 0.0 0.15277777777777776 0.0 0.10416666666666666 0.13194444444444445 0.0 0.0 0.2361111111111111 0.0 0.0 0.19444444444444448 0.0 0.0 0.041666666666666664 0.0 0.08333333333333333 0.19444444444444448 0.0 0.0 0.0 0.0 0.0 0.0 0.06250000000000001 0.0 0.0 0.0 0.0 0.0 0.0 0.0 0.0 0.0 0.0 0.06250000000000001 0.0 0.0 0.0 0.15277777777777776 0.17361111111111108 0.2569444444444445 0.0 0.10416666666666666 0.0 0.0 0.0 0.0 0.0 0.0 0.0 0.0 0.0 0.0 0.0 0.0 0.08333333333333333 0.08333333333333333 0.041666666666666664 0.06250000000000001 0.0 0.0 0.0 0.041666666666666664 0.0 0.0 0.0 0.0 0.0 0.0 0.0 0.2569444444444445 0.10416666666666666 0.06250000000000001 0.0 0.0 0.0 0.0 0.10416666666666666 0.0 0.17361111111111108 0.0 0.0 0.041666666666666664 0.0 0.19444444444444448 0.0 0.0 0.0 0.0 0.21527777777777773 0.08333333333333333 0.020833333333333332 0.2361111111111111 0.0 0.0 0.0 0.06250000000000001 0.0 0.0 0.0
0.0 0.08333333333333333 0.17361111111111108 0.15277777777777776 0.0 0.16666666666666666 0.10416666666666666 0.0 0.0 0.0 0.0 0.0 0.0 0.1458333333333333 0.18750000000000006 0.0 0.2222222222222222 0.16666666666666666 0.16666666666666666 0.19444444444444448 0.1458333333333333 0.1458333333333333 0.0 0.12500000000000003 0.0 0.10416666666666666 0.13194444444444445 0.0 0.22916666666666669 0.08333333333333333 0.0 0.27777777777777773 0.0 0.12500000000000003 0.0 0.1458333333333333 0.0 0.0 0.08333333333333333 0.0 0.0 0.12500000000000003 0.0 0.0 0.17361111111111108 0.18750000000000006 0.17361111111111108 0.17361111111111108 0.0 0.17361111111111108 0.0 0.0 0.06250000000000001 0.10416666666666666 0.0 0.12500000000000003 0.08333333333333333 0.12500000000000003 0.0 0.15277777777777776 0.12500000000000003 0.0 0.0 0.0 0.06250000000000001 0.10416666666666666 0.0 0.08333333333333333 0.0 0.08333333333333333 0.0 0.20833333333333331 0.0 0.15277777777777776 0.0 0.10416666666666666 0.0 0.0 0.27777777777777773 0.0 0.19444444444444448 0.0 0.0 0.0 0.10416666666666666 0.10416666666666666 0.0 0.0 0.15277777777777776 0.0 0.0 0.13194444444444445 0.0 0.0 0.0 0.0 0.0 0.15277777777777776 0.08333333333333333 0.0 0.0 0.06250000000000001 0.0 0.08333333333333333 0.10416666666666666 0.0 0.0 0.0 0.0 0.0 0.0 0.0 0.0 0.18750000000000006 0.0 0.0 0.041666666666666664 0.0 0.0 0.0 0.0 0.13194444444444445 0.0 0.08333333333333333 0.0 0.0 0.0 0.0 0.10416666666666666 0.0 0.18750000000000006 0.0 0.0 0.0 0.0 0.0 0.06250000000000001 0.041666666666666664
0.0 0.0 0.3263888888888889 0.2361111111111111 0.39583333333333337 0.25000000000000006 0.0 0.6875 0.3055555555555555 0.0 0.48611111111111105 0.12500000000000003 0.0 0.5763888888888888 0.0 0.21527777777777773 0.16666666666666666 0.6666666666666666 0.38888888888888895 0.0 0.22916666666666669 0.0 0.16666666666666666 0.48611111111111105 0.0 0.18750000000000006 0.1458333333333333 0.0 0.7291666666666665 0.16666666666666666 0.0 0.0 0.0 0.0 0.2569444444444445 0.0 0.0 0.41666666666666663 0.16666666666666666 0.39583333333333337 0.2986111111111111 0.20833333333333331 0.3055555555555555 0.16666666666666666 0.0 0.5486111111111112 0.0 0.3263888888888889 0.5763888888888888 0.2569444444444445 0.0 0.0 0.0 0.2569444444444445 0.5069444444444444 0.34722222222222215 0.16666666666666666 0.0 0.16666666666666666 0.0 0.0 0.0 0.0 0.0 0.0 0.0 0.12500000000000003 0.0 0.0 0.16666666666666666 0.16666666666666666 0.0 0.0 0.0 0.0 0.39583333333333337 0.39583333333333337 0.48611111111111105 0.7083333333333331 0.3055555555555555 0.41666666666666663 0.0 0.2361111111111111 0.0 0.0 0.18750000000000006 0.0 0.0 0.2361111111111111 0.3263888888888889 0.12500000000000003 0.0 0.1458333333333333 0.0 0.3263888888888889 0.0 0.0 0.0 0.16666666666666666 0.18750000000000006 0.21527777777777773 0.0 0.16666666666666666 0.3055555555555555 0.18750000000000006 0.0 0.41666666666666663 0.0 0.7083333333333331 0.41666666666666663 0.16666666666666666 0.0 0.3263888888888889 0.2708333333333334 0.21527777777777773 0.0 0.12500000000000003 0.41666666666666663 0.12500000000000003 0.0 0.21527777777777773 0.1458333333333333 0.5069444444444444 0.3055555555555555 0.0 0.2361111111111111 0.0 0.5972222222222222 0.39583333333333337 0.12500000000000003 0.6875 0.21527777777777773 0.0 0.0 0.3055555555555555 0.0 0.21527777777777773 0.12500000000000003
0.39583333333333337 0.0 0.3263888888888889 0.2361111111111111 0.0 0.25000000000000006 0.0 0.4097222222222223 0.16666666666666666 0.0 0.20833333333333331 0.0 0.0 0.4375 0.0 0.0 0.16666666666666666 0.38888888888888895 0.6666666666666666 0.0 0.22916666666666669 0.0 0.16666666666666666 0.34722222222222215 0.0 0.18750000000000006 0.1458333333333333 0.18750000000000006 0.5902777777777777 0.16666666666666666 0.20833333333333331 0.0 0.0 0.0 0.2569444444444445 0.0 0.0 0.41666666666666663 0.16666666666666666 0.2569444444444445 0.5763888888888888 0.20833333333333331 0.16666666666666666 0.16666666666666666 0.0 0.4097222222222223 0.0 0.3263888888888889 0.2986111111111111 0.2569444444444445 0.0 0.0 0.0 0.2569444444444445 0.3680555555555555 0.34722222222222215 0.16666666666666666 0.0 0.16666666666666666 0.0 0.0 0.0 0.18750000000000006 0.0 0.0 0.0 0.12500000000000003 0.0 0.22916666666666669 0.16666666666666666 0.16666666666666666 0.0 0.0 0.0 0.0 0.39583333333333337 0.2569444444444445 0.34722222222222215 0.5694444444444443 0.3055555555555555 0.41666666666666663 0.0 0.0 0.0 0.0 0.18750000000000006 0.0 0.0 0.2361111111111111 0.3263888888888889 0.12500000000000003 0.0 0.1458333333333333 0.0 0.0 0.0 0.0 0.0 0.16666666666666666 0.18750000000000006 0.21527777777777773 0.0 0.16666666666666666 0.3055555555555555 0.18750000000000006 0.0 0.27777777777777773 0.0 0.5694444444444443 0.41666666666666663 0.16666666666666666 0.0 0.3263888888888889 0.2708333333333334 0.21527777777777773 0.0 0.12500000000000003 0.27777777777777773 0.12500000000000003 0.0 0.21527777777777773 0.1458333333333333 0.3680555555555555 0.3055555555555555 0.0 0.2361111111111111 0.0 0.45833333333333337 0.39583333333333337 0.12500000000000003 0.5486111111111112 0.21527777777777773 0.0 0.0 0.3055555555555555 0.0 0.21527777777777773 0.12500000000000003
0.0 0.19444444444444448 0.1458333333333333 0.12500000000000003 0.0 0.41666666666666663 0.21527777777777773 0.0 0.0 0.21527777777777773 0.0 0.0 0.0 0.0 0.4375 0.0 0.19444444444444448 0.0 0.0 0.4444444444444444 0.39583333333333337 0.3263888888888889 0.12500000000000003 0.0 0.0 0.21527777777777773 0.10416666666666666 0.1458333333333333 0.0 0.0 0.2361111111111111 0.5277777777777778 0.12500000000000003 0.37499999999999994 0.1458333333333333 0.4652777777777778 0.0 0.0 0.0 0.0 0.0 0.37499999999999994 0.0 0.19444444444444448 0.28472222222222215 0.0 0.3541666666666666 0.1458333333333333 0.0 0.0 0.21527777777777773 0.10416666666666666 0.17361111111111108 0.1458333333333333 0.0 0.0 0.2638888888888889 0.16666666666666666 0.12500000000000003 0.12500000000000003 0.3055555555555555 0.19444444444444448 0.0 0.0 0.17361111111111108 0.3541666666666666 0.0 0.2638888888888889 0.3263888888888889 0.19444444444444448 0.12500000000000003 0.38888888888888895 0.12500000000000003 0.2638888888888889 0.0 0.0 0.0 0.0 0.25000000000000006 0.0 0.16666666666666666 0.28472222222222215 0.0 0.2569444444444445 0.21527777777777773 0.21527777777777773 0.0 0.3055555555555555 0.12500000000000003 0.0 0.08333333333333333 0.0 0.0 0.28472222222222215 0.0 0.10416666666666666 0.19444444444444448 0.12500000000000003 0.2638888888888889 0.21527777777777773 0.10416666666666666 0.0 0.19444444444444448 0.0 0.3541666666666666 0.17361111111111108 0.0 0.17361111111111108 0.0 0.16666666666666666 0.12500000000000003 0.17361111111111108 0.0 0.4375 0.0 0.16666666666666666 0.08333333333333333 0.0 0.08333333333333333 0.2569444444444445 0.10416666666666666 0.17361111111111108 0.0 0.0 0.12500000000000003 0.0 0.0 0.0 0.1458333333333333 0.08333333333333333 0.0 0.0 0.34722222222222215 0.2638888888888889 0.12500000000000003 0.17361111111111108 0.0 0.08333333333333333
0.0 0.1458333333333333 0.0 0.21527777777777773 0.0 0.4375 0.2361111111111111 0.0 0.1458333333333333 0.37499999999999994 0.0 0.10416666666666666 0.2361111111111111 0.20833333333333331 0.45833333333333337 0.0 0.1458333333333333 0.22916666666666669 0.22916666666666669 0.39583333333333337 0.5555555555555555 0.48611111111111105 0.0 0.18750000000000006 0.0 0.0 0.0 0.16666666666666666 0.0 0.0 0.2569444444444445 0.6180555555555556 0.0 0.3263888888888889 0.16666666666666666 0.41666666666666663 0.0 0.0 0.0 0.16666666666666666 0.0 0.4652777777777778 0.0 0.1458333333333333 0.2361111111111111 0.0 0.3055555555555555 0.0 0.0 0.0 0.37499999999999994 0.19444444444444448 0.12500000000000003 0.0 0.0 0.0 0.28472222222222215 0.39583333333333337 0.0 0.1458333333333333 0.39583333333333337 0.28472222222222215 0.0 0.3263888888888889 0.0 0.2361111111111111 0.10416666666666666 0.1458333333333333 0.34722222222222215 0.1458333333333333 0.1458333333333333 0.6180555555555556 0.28472222222222215 0.21527777777777773 0.0 0.16666666666666666 0.0 0.18750000000000006 0.0 0.0 0.0 0.37499999999999994 0.0 0.41666666666666663 0.3055555555555555 0.37499999999999994 0.19444444444444448 0.4652777777777778 0.0 0.0 0.10416666666666666 0.0 0.0 0.37499999999999994 0.0 0.19444444444444448 0.28472222222222215 0.21527777777777773 0.28472222222222215 0.2361111111111111 0.0 0.12500000000000003 0.1458333333333333 0.1458333333333333 0.37499999999999994 0.19444444444444448 0.0 0.19444444444444448 0.0 0.0 0.1458333333333333 0.19444444444444448 0.0 0.5972222222222222 0.0 0.3263888888888889 0.10416666666666666 0.0 0.10416666666666666 0.41666666666666663 0.0 0.19444444444444448 0.0 0.1458333333333333 0.28472222222222215 0.0 0.0 0.0 0.16666666666666666 0.10416666666666666 0.25000000000000006 0.0 0.5069444444444444 0.28472222222222215 0.0 0.19444444444444448 0.12500000000000003 0.10416666666666666
0.0 0.21527777777777773 0.0 0.1458333333333333 0.0 0.3680555555555555 0.0 0.25000000000000006 0.0 0.3055555555555555 0.0 0.10416666666666666 0.16666666666666666 0.0 0.38888888888888895 0.12500000000000003 0.1458333333333333 0.0 0.0 0.3263888888888889 0.48611111111111105 0.5555555555555555 0.0 0.18750000000000006 0.0 0.16666666666666666 0.0 0.0 0.0 0.0 0.18750000000000006 0.47916666666666674 0.1458333333333333 0.39583333333333337 0.0 0.48611111111111105 0.0 0.18750000000000006 0.0 0.0 0.0 0.4652777777777778 0.1458333333333333 0.1458333333333333 0.3055555555555555 0.0 0.2361111111111111 0.0 0.0 0.0 0.3055555555555555 0.0 0.0 0.0 0.0 0.0 0.28472222222222215 0.3263888888888889 0.0 0.1458333333333333 0.4652777777777778 0.28472222222222215 0.0 0.0 0.0 0.2361111111111111 0.0 0.1458333333333333 0.27777777777777773 0.0 0.1458333333333333 0.6180555555555556 0.21527777777777773 0.1458333333333333 0.10416666666666666 0.0 0.16666666666666666 0.0 0.0 0.0 0.0 0.2361111111111111 0.0 0.34722222222222215 0.37499999999999994 0.2361111111111111 0.0 0.39583333333333337 0.0 0.16666666666666666 0.10416666666666666 0.0 0.12500000000000003 0.37499999999999994 0.0 0.19444444444444448 0.28472222222222215 0.28472222222222215 0.28472222222222215 0.16666666666666666 0.0 0.19444444444444448 0.1458333333333333 0.0 0.37499999999999994 0.19444444444444448 0.0 0.19444444444444448 0.2708333333333334 0.18750000000000006 0.0 0.19444444444444448 0.16666666666666666 0.5277777777777778 0.0 0.2569444444444445 0.10416666666666666 0.0 0.10416666666666666 0.34722222222222215 0.0 0.19444444444444448 0.0 0.0 0.1458333333333333 0.1458333333333333 0.0 0.0 0.0 0.10416666666666666 0.0 0.0 0.4375 0.28472222222222215 0.0 0.19444444444444448 0.0 0.10416666666666666
0.10416666666666666 0.0 0.17361111111111108 0.0 0.10416666666666666 0.0 0.0 0.18750000000000006 0.08333333333333333 0.0 0.0 0.0 0.0 0.1458333333333333 0.0 0.06250000000000001 0.0 0.16666666666666666 0.16666666666666666 0.12500000000000003 0.0 0.0 0.2222222222222222 0.12500000000000003 0.0 0.24305555555555552 0.0 0.0 0.3680555555555555 0.15277777777777776 0.0 0.0 0.0 0.0 0.0 0.1458333333333333 0.0 0.0 0.08333333333333333 0.0 0.1458333333333333 0.0 0.0 0.15277777777777776 0.0 0.3263888888888889 0.0 0.10416666666666666 0.1458333333333333 0.0 0.0 0.0 0.0 0.24305555555555552 0.21527777777777773 0.12500000000000003 0.0 0.0 0.08333333333333333 0.08333333333333333 0.12500000000000003 0.0 0.0 0.0 0.0 0.10416666666666666 0.0 0.0 0.0 0.0 0.08333333333333333 0.0 0.0 0.0 0.0 0.0 0.10416666666666666 0.12500000000000003 0.34722222222222215 0.0 0.2638888888888889 0.0 0.0 0.0 0.0 0.0 0.0 0.0 0.0 0.0 0.041666666666666664 0.0 0.0 0.0 0.0 0.0 0.0 0.0 0.0 0.10416666666666666 0.13194444444444445 0.0 0.0 0.0 0.10416666666666666 0.06250000000000001 0.0 0.06250000000000001 0.20833333333333331 0.12500000000000003 0.08333333333333333 0.0 0.0 0.0 0.0 0.0 0.0 0.12500000000000003 0.0 0.0 0.0 0.0 0.0 0.0 0.0 0.0 0.0 0.16666666666666666 0.10416666666666666 0.041666666666666664 0.18750000000000006 0.0 0.0 0.08333333333333333 0.08333333333333333 0.0 0.0 0.0
0.0 0.0 0.28472222222222215 0.19444444444444448 0.21527777777777773 0.20833333333333331 0.0 0.5069444444444444 0.19444444444444448 0.0 0.3055555555555555 0.08333333333333333 0.0 0.4652777777777778 0.0 0.17361111111111108 0.12500000000000003 0.48611111111111105 0.34722222222222215 0.0 0.18750000000000006 0.18750000000000006 0.12500000000000003 0.4444444444444444 0.0 0.1458333333333333 0.10416666666666666 0.0 0.5486111111111112 0.12500000000000003 0.0 0.0 0.0 0.0 0.1458333333333333 0.0 0.0 0.2361111111111111 0.12500000000000003 0.28472222222222215 0.2569444444444445 0.16666666666666666 0.2638888888888889 0.12500000000000003 0.0 0.3680555555555555 0.0 0.28472222222222215 0.39583333333333337 0.21527777777777773 0.0 0.0 0.0 0.21527777777777773 0.3263888888888889 0.3055555555555555 0.12500000000000003 0.0 0.12500000000000003 0.0 0.0 0.12500000000000003 0.0 0.0 0.0 0.0 0.0 0.0 0.0 0.12500000000000003 0.0 0.0 0.0 0.0 0.0 0.21527777777777773 0.3541666666666666 0.37499999999999994 0.5277777777777778 0.12500000000000003 0.37499999999999994 0.0 0.0 0.0 0.0 0.1458333333333333 0.0 0.0 0.19444444444444448 0.28472222222222215 0.08333333333333333 0.0 0.10416666666666666 0.1458333333333333 0.1458333333333333 0.10416666666666666 0.12500000000000003 0.0 0.12500000000000003 0.1458333333333333 0.17361111111111108 0.0 0.12500000000000003 0.2638888888888889 0.1458333333333333 0.0 0.0 0.0 0.5277777777777778 0.37499999999999994 0.12500000000000003 0.0 0.28472222222222215 0.22916666666666669 0.17361111111111108 0.0 0.08333333333333333 0.2361111111111111 0.08333333333333333 0.0 0.17361111111111108 0.10416666666666666 0.3263888888888889 0.2638888888888889 0.0 0.19444444444444448 0.0 0.41666666666666663 0.3541666666666666 0.08333333333333333 0.5069444444444444 0.17361111111111108 0.0 0.0 0.2638888888888889 0.0 0.17361111111111108 0.08333333333333333
