0.0932827493862977 0.09372907833072974 0.09372907833072974 0.09729970988618612 0.09863869671948226 0.1019861638027226 0.10220932827493863 0.1037714795804508 0.10555679535817898 0.10979692033028342
0.4285714285714285 0.061224489795918324 0.5102040816326531 0.18367346938775508 0.0 0.1020408163265306 0.3061224489795918 0.0 0.18367346938775508 0.061224489795918324
0.061224489795918324 0.0 0.14285714285714288 0.0 0.12244897959183665 0.040816326530612235 0.040816326530612235 0.0 0.0 0.0
0.5102040816326531 0.14285714285714288 1.0 0.26530612244897955 0.26530612244897955 0.0 0.3877551020408162 0.0 0.26530612244897955 0.14285714285714288
0.18367346938775508 0.0 0.26530612244897955 0.14285714285714285 0.14285714285714288 0.061224489795918324 0.16326530612244894 0.040816326530612235 0.040816326530612235 0.020408163265306117
0.0 0.12244897959183665 0.26530612244897955 0.14285714285714288 0.857142857142857 0.36734693877551017 0.16326530612244894 0.2448979591836735 0.0 0.12244897959183665
0.1020408163265306 0.040816326530612235 0.0 0.061224489795918324 0.36734693877551017 0.2857142857142857 0.08163265306122447 0.16326530612244894 0.0 0.040816326530612235
0.3061224489795918 0.040816326530612235 0.3877551020408162 0.16326530612244894 0.16326530612244894 0.08163265306122447 0.2857142857142857 0.061224489795918324 0.061224489795918324 0.040816326530612235
0.0 0.0 0.0 0.040816326530612235 0.2448979591836735 0.16326530612244894 0.061224489795918324 0.14285714285714285 0.0 0.020408163265306117
0.18367346938775508 0.0 0.26530612244897955 0.040816326530612235 0.0 0.0 0.061224489795918324 0.0 0.14285714285714285 0.020408163265306117
0.061224489795918324 0.0 0.14285714285714288 0.020408163265306117 0.12244897959183665 0.040816326530612235 0.040816326530612235 0.020408163265306117 0.020408163265306117 0.0
