0.005776004973062578 0.010541856610029009 0.0054133858267716535 0.009738914214670534 0.00940219643597182 0.005594695399917115 0.0065271446332366345 0.009350393700787402 0.01144840447575632 0.007019270617488603 0.0062681309573145464 0.005698300870285951 0.005439287194363863 0.007925818483215915 0.005387484459179445 0.008158930791545794 0.007925818483215915 0.005568794032324907 0.005853709075839204 0.007925818483215915 0.006242229589722337 0.006941566514711977 0.005983215913800249 0.006578947368421052 0.005568794032324907 0.007304185661002901 0.005361583091587236 0.005361583091587236 0.009920223787815997 0.0058796104434314135 0.005853709075839204 0.009687111479486117 0.009816618317447161 0.007071073352673021 0.008184832159138003 0.012044135930377124 0.008573352673021135 0.005750103605470369 0.00572420223787816 0.005905511811023622 0.0064235391628678 0.0052579776212184 0.009505801906340655 0.005465188561956071 0.005309780356402818 0.008832366348943224 0.010878574388727726 0.005206174886033982 0.0061386241193535016 0.00870285951098218 0.011836924989639452 0.008728760878574389 0.006501243265644426 0.005750103605470369 0.005516991297140489 0.006371736427683382 0.0060091172813924575 0.006812059676750933 0.0062681309573145464 0.005698300870285951 0.005672399502693742 0.0052579776212184 0.0064235391628678 0.0052838789888106094 0.008987774554496477 0.00916908412764194 0.009039577289680896 0.006682552838789888 0.007848114380439287 0.010438251139660175 0.007485495234148363 0.005801906340654786 0.005698300870285951 0.005491089929548281 0.010878574388727726 0.005594695399917115 0.005439287194363863 0.010127434728553668 0.010826771653543307 0.005491089929548281 0.008314338997099047 0.009505801906340655 0.012251346871114795 0.00867695814338997 0.006682552838789888 0.005232076253626192 0.006035018648984666 0.006449440530460008 0.005983215913800249 0.010645462080397844 0.006708454206382097 0.006708454206382097 0.0052579776212184 0.011292996270203066 0.011862826357231663 0.005853709075839204 0.008184832159138003 0.009894322420223789 0.012743472855366764 0.00937629506837961 0.006734355573974306 0.005905511811023622 0.00663075010360547 0.006371736427683382 0.006112722751761293 0.006060920016576875 0.005905511811023622 0.00826253626191463 0.006086821384169084 0.009117281392457521 0.007640903439701616 0.008780563613758806 0.00823663489432242 0.009039577289680896 0.006112722751761293 0.0071228760878574385 0.010308744301699129 0.0072523829258184834 0.006371736427683382 0.0052838789888106094 0.005698300870285951 0.006086821384169084 0.005983215913800249 0.006734355573974306 0.005983215913800249 0.006786158309158723 0.005646498135101533 0.007355988396187319 0.005232076253626192 0.005905511811023622 0.005801906340654786 0.006035018648984666 0.005491089929548281 0.007640903439701616 0.005698300870285951 0.005620596767509325 0.005594695399917115 0.0061386241193535016
0.1111111111111111 0.047619047619047616 0.20634920634920634 0.30158730158730157 0.25396825396825395 0.1746031746031746 0.4444444444444444 0.3968253968253968 0.3492063492063492 0.30158730158730157 0.25396825396825395 0.4444444444444444 0.3968253968253968 0.19047619047619047 0.0 0.06349206349206349 0.015873015873015872 0.20634920634920634 0.15873015873015872 0.1111111111111111 0.06349206349206349 0.14285714285714285 0.14285714285714285 0.09523809523809523 0.23809523809523808 0.19047619047619047 0.14285714285714285 0.2222222222222222 0.2857142857142857 0.06349206349206349 0.14285714285714285 0.0 0.0 0.047619047619047616 0.0 0.0 0.031746031746031744 0.1111111111111111 0.09523809523809523 0.047619047619047616 0.0 0.1746031746031746 0.23809523809523808 0.015873015873015872 0.09523809523809523 0.0 0.0 0.1111111111111111 0.12698412698412698 0.07936507936507936 0.031746031746031744 0.0 0.06349206349206349 0.1746031746031746 0.12698412698412698 0.07936507936507936 0.015873015873015872 0.1111111111111111 0.19047619047619047 0.19047619047619047 0.14285714285714285 0.2857142857142857 0.23809523809523808 0.36507936507936506 0.42857142857142855 0.047619047619047616 0.12698412698412698 0.0 0.0 0.0 0.047619047619047616 0.12698412698412698 0.0 0.31746031746031744 0.38095238095238093 0.15873015873015872 0.23809523809523808 0.0 0.07936507936507936 0.25396825396825395 0.0 0.0 0.0 0.0 0.07936507936507936 0.0 0.0 0.0 0.2698412698412698 0.3333333333333333 0.1111111111111111 0.19047619047619047 0.0 0.0 0.031746031746031744 0.20634920634920634 0.0 0.0 0.0 0.0 0.031746031746031744 0.015873015873015872 0.0 0.0 0.0 0.2857142857142857 0.031746031746031744 0.0 0.0 0.0 0.0 0.23809523809523808 0.1111111111111111 0.06349206349206349 0.12698412698412698 0.07936507936507936 0.031746031746031744 0.0 0.0 0.07936507936507936 0.47619047619047616 0.09523809523809523 0.015873015873015872 0.42857142857142855 0.047619047619047616 0.12698412698412698 0.0 0.0 0.047619047619047616 0.38095238095238093 0.0 0.07936507936507936 0.0 0.0 0.0 0.07936507936507936 0.031746031746031744 0.0
0.047619047619047616 0.0 0.14285714285714285 0.23809523809523808 0.19047619047619047 0.14285714285714285 0.38095238095238093 0.3333333333333333 0.2857142857142857 0.23809523809523808 0.19047619047619047 0.38095238095238093 0.3333333333333333 0.14285714285714285 0.0 0.0 0.0 0.14285714285714285 0.09523809523809523 0.047619047619047616 0.0 0.09523809523809523 0.07936507936507936 0.031746031746031744 0.1746031746031746 0.12698412698412698 0.07936507936507936 0.15873015873015872 0.23809523809523808 0.0 0.07936507936507936 0.0 0.0 0.0 0.0 0.0 0.0 0.047619047619047616 0.031746031746031744 0.0 0.0 0.1111111111111111 0.19047619047619047 0.0 0.031746031746031744 0.0 0.0 0.07936507936507936 0.06349206349206349 0.015873015873015872 0.0 0.0 0.0 0.1111111111111111 0.06349206349206349 0.015873015873015872 0.0 0.047619047619047616 0.14285714285714285 0.12698412698412698 0.07936507936507936 0.2222222222222222 0.1746031746031746 0.30158730158730157 0.38095238095238093 0.0 0.06349206349206349 0.0 0.0 0.0 0.0 0.06349206349206349 0.0 0.25396825396825395 0.3333333333333333 0.09523809523809523 0.1746031746031746 0.0 0.015873015873015872 0.2222222222222222 0.0 0.0 0.0 0.0 0.015873015873015872 0.0 0.0 0.0 0.20634920634920634 0.2857142857142857 0.047619047619047616 0.12698412698412698 0.0 0.0 0.0 0.1746031746031746 0.0 0.0 0.0 0.0 0.0 0.0 0.0 0.0 0.0 0.23809523809523808 0.0 0.0 0.0 0.0 0.0 0.19047619047619047 0.047619047619047616 0.0 0.06349206349206349 0.015873015873015872 0.0 0.0 0.0 0.015873015873015872 0.42857142857142855 0.031746031746031744 0.0 0.38095238095238093 0.0 0.06349206349206349 0.0 0.0 0.0 0.3333333333333333 0.0 0.015873015873015872 0.0 0.0 0.0 0.015873015873015872 0.0 0.0
0.20634920634920634 0.14285714285714285 0.3333333333333333 0.42857142857142855 0.38095238095238093 0.2698412698412698 0.5714285714285714 0.5238095238095238 0.47619047619047616 0.42857142857142855 0.3492063492063492 0.5714285714285714 0.5238095238095238 0.2857142857142857 0.14285714285714285 0.23809523809523808 0.19047619047619047 0.38095238095238093 0.3333333333333333 0.2857142857142857 0.23809523809523808 0.23809523809523808 0.30158730158730157 0.25396825396825395 0.3968253968253968 0.3492063492063492 0.30158730158730157 0.31746031746031744 0.38095238095238093 0.20634920634920634 0.25396825396825395 0.07936507936507936 0.14285714285714285 0.19047619047619047 0.14285714285714285 0.1111111111111111 0.1746031746031746 0.2222222222222222 0.23809523809523808 0.19047619047619047 0.14285714285714285 0.2698412698412698 0.3333333333333333 0.1746031746031746 0.2222222222222222 0.14285714285714285 0.1111111111111111 0.23809523809523808 0.2857142857142857 0.23809523809523808 0.19047619047619047 0.14285714285714285 0.19047619047619047 0.3333333333333333 0.2857142857142857 0.23809523809523808 0.1746031746031746 0.25396825396825395 0.2857142857142857 0.31746031746031744 0.2698412698412698 0.4126984126984127 0.36507936507936506 0.4603174603174603 0.5238095238095238 0.1746031746031746 0.25396825396825395 0.0 0.047619047619047616 0.1111111111111111 0.1746031746031746 0.2222222222222222 0.07936507936507936 0.4126984126984127 0.47619047619047616 0.2857142857142857 0.3492063492063492 0.14285714285714285 0.20634920634920634 0.3492063492063492 0.047619047619047616 0.015873015873015872 0.07936507936507936 0.14285714285714285 0.1746031746031746 0.07936507936507936 0.047619047619047616 0.1111111111111111 0.36507936507936506 0.42857142857142855 0.23809523809523808 0.30158730158730157 0.14285714285714285 0.1111111111111111 0.1746031746031746 0.30158730158730157 0.1111111111111111 0.07936507936507936 0.047619047619047616 0.1111111111111111 0.14285714285714285 0.14285714285714285 0.1111111111111111 0.07936507936507936 0.14285714285714285 0.38095238095238093 0.1746031746031746 0.14285714285714285 0.14285714285714285 0.1111111111111111 0.07936507936507936 0.3333333333333333 0.23809523809523808 0.20634920634920634 0.25396825396825395 0.20634920634920634 0.1746031746031746 0.14285714285714285 0.07936507936507936 0.20634920634920634 0.5714285714285714 0.2222222222222222 0.14285714285714285 0.5238095238095238 0.1746031746031746 0.25396825396825395 0.047619047619047616 0.1111111111111111 0.1746031746031746 0.47619047619047616 0.14285714285714285 0.20634920634920634 0.1111111111111111 0.07936507936507936 0.14285714285714285 0.20634920634920634 0.1746031746031746 0.14285714285714285
0.30158730158730157 0.23809523809523808 0.42857142857142855 0.5555555555555556 0.49206349206349204 0.3968253968253968 0.6984126984126984 0.6507936507936508 0.6031746031746031 0.5238095238095238 0.4603174603174603 0.6984126984126984 0.6507936507936508 0.38095238095238093 0.23809523809523808 0.36507936507936506 0.30158730158730157 0.5079365079365079 0.4603174603174603 0.4126984126984127 0.3333333333333333 0.3333333333333333 0.42857142857142855 0.36507936507936506 0.5238095238095238 0.47619047619047616 0.3968253968253968 0.42857142857142855 0.47619047619047616 0.3333333333333333 0.38095238095238093 0.23809523809523808 0.2857142857142857 0.38095238095238093 0.3333333333333333 0.2857142857142857 0.3333333333333333 0.38095238095238093 0.42857142857142855 0.38095238095238093 0.3333333333333333 0.36507936507936506 0.42857142857142855 0.2698412698412698 0.31746031746031744 0.30158730158730157 0.23809523809523808 0.36507936507936506 0.4444444444444444 0.3968253968253968 0.3492063492063492 0.2698412698412698 0.31746031746031744 0.49206349206349204 0.4444444444444444 0.3968253968253968 0.30158730158730157 0.4126984126984127 0.38095238095238093 0.4603174603174603 0.3968253968253968 0.5555555555555556 0.5079365079365079 0.5555555555555556 0.6190476190476191 0.3333333333333333 0.38095238095238093 0.14285714285714285 0.20634920634920634 0.2698412698412698 0.30158730158730157 0.3492063492063492 0.23809523809523808 0.5079365079365079 0.5714285714285714 0.3968253968253968 0.4444444444444444 0.30158730158730157 0.3492063492063492 0.49206349206349204 0.20634920634920634 0.1746031746031746 0.23809523809523808 0.2698412698412698 0.31746031746031744 0.23809523809523808 0.20634920634920634 0.2698412698412698 0.4603174603174603 0.5238095238095238 0.36507936507936506 0.4126984126984127 0.31746031746031744 0.2698412698412698 0.31746031746031744 0.4603174603174603 0.2857142857142857 0.23809523809523808 0.20634920634920634 0.23809523809523808 0.2857142857142857 0.3333333333333333 0.2857142857142857 0.23809523809523808 0.2857142857142857 0.47619047619047616 0.3333333333333333 0.2698412698412698 0.30158730158730157 0.2698412698412698 0.20634920634920634 0.42857142857142855 0.3968253968253968 0.3333333333333333 0.4126984126984127 0.36507936507936506 0.3333333333333333 0.2698412698412698 0.20634920634920634 0.36507936507936506 0.6666666666666666 0.36507936507936506 0.30158730158730157 0.6190476190476191 0.3333333333333333 0.38095238095238093 0.20634920634920634 0.2698412698412698 0.30158730158730157 0.5714285714285714 0.30158730158730157 0.3492063492063492 0.2698412698412698 0.23809523809523808 0.2698412698412698 0.36507936507936506 0.30158730158730157 0.30158730158730157
0.25396825396825395 0.19047619047619047 0.38095238095238093 0.49206349206349204 0.4444444444444444 0.3492063492063492 0.6349206349206349 0.5873015873015873 0.5396825396825397 0.49206349206349204 0.4126984126984127 0.6349206349206349 0.5873015873015873 0.3333333333333333 0.19047619047619047 0.30158730158730157 0.25396825396825395 0.4444444444444444 0.3968253968253968 0.3492063492063492 0.30158730158730157 0.2857142857142857 0.36507936507936506 0.31746031746031744 0.4603174603174603 0.4126984126984127 0.36507936507936506 0.36507936507936506 0.42857142857142855 0.2698412698412698 0.31746031746031744 0.15873015873015872 0.2222222222222222 0.2857142857142857 0.23809523809523808 0.19047619047619047 0.2698412698412698 0.31746031746031744 0.3333333333333333 0.2857142857142857 0.23809523809523808 0.3333333333333333 0.38095238095238093 0.23809523809523808 0.2857142857142857 0.23809523809523808 0.19047619047619047 0.3333333333333333 0.38095238095238093 0.3333333333333333 0.2857142857142857 0.23809523809523808 0.2857142857142857 0.42857142857142855 0.38095238095238093 0.3333333333333333 0.25396825396825395 0.3492063492063492 0.3333333333333333 0.3968253968253968 0.3492063492063492 0.49206349206349204 0.4444444444444444 0.5079365079365079 0.5714285714285714 0.25396825396825395 0.31746031746031744 0.06349206349206349 0.12698412698412698 0.19047619047619047 0.25396825396825395 0.2857142857142857 0.15873015873015872 0.4603174603174603 0.5238095238095238 0.3333333333333333 0.3968253968253968 0.2222222222222222 0.2857142857142857 0.42857142857142855 0.12698412698412698 0.09523809523809523 0.15873015873015872 0.2222222222222222 0.25396825396825395 0.15873015873015872 0.12698412698412698 0.19047619047619047 0.4126984126984127 0.47619047619047616 0.30158730158730157 0.3492063492063492 0.2222222222222222 0.19047619047619047 0.25396825396825395 0.3968253968253968 0.19047619047619047 0.15873015873015872 0.12698412698412698 0.19047619047619047 0.2222222222222222 0.23809523809523808 0.19047619047619047 0.15873015873015872 0.2222222222222222 0.42857142857142855 0.2698412698412698 0.2222222222222222 0.23809523809523808 0.19047619047619047 0.15873015873015872 0.38095238095238093 0.3333333333333333 0.2857142857142857 0.3492063492063492 0.30158730158730157 0.25396825396825395 0.2222222222222222 0.15873015873015872 0.30158730158730157 0.6190476190476191 0.2857142857142857 0.2222222222222222 0.5714285714285714 0.25396825396825395 0.31746031746031744 0.12698412698412698 0.19047619047619047 0.25396825396825395 0.5238095238095238 0.2222222222222222 0.2857142857142857 0.19047619047619047 0.15873015873015872 0.2222222222222222 0.30158730158730157 0.25396825396825395 0.2222222222222222
0.1746031746031746 0.14285714285714285 0.2698412698412698 0.3968253968253968 0.3492063492063492 0.3333333333333333 0.5396825396825397 0.49206349206349204 0.4444444444444444 0.3968253968253968 0.3492063492063492 0.5396825396825397 0.49206349206349204 0.2857142857142857 0.07936507936507936 0.1746031746031746 0.14285714285714285 0.30158730158730157 0.25396825396825395 0.20634920634920634 0.1746031746031746 0.23809523809523808 0.23809523809523808 0.20634920634920634 0.3333333333333333 0.2857142857142857 0.23809523809523808 0.2857142857142857 0.38095238095238093 0.14285714285714285 0.2222222222222222 0.047619047619047616 0.1111111111111111 0.14285714285714285 0.1111111111111111 0.07936507936507936 0.14285714285714285 0.20634920634920634 0.19047619047619047 0.14285714285714285 0.1111111111111111 0.23809523809523808 0.3333333333333333 0.1111111111111111 0.1746031746031746 0.1111111111111111 0.07936507936507936 0.2698412698412698 0.2222222222222222 0.1746031746031746 0.14285714285714285 0.1111111111111111 0.1746031746031746 0.2698412698412698 0.2222222222222222 0.1746031746031746 0.14285714285714285 0.2222222222222222 0.2857142857142857 0.3333333333333333 0.2857142857142857 0.42857142857142855 0.38095238095238093 0.42857142857142855 0.5238095238095238 0.14285714285714285 0.2222222222222222 0.0 0.015873015873015872 0.07936507936507936 0.14285714285714285 0.2222222222222222 0.047619047619047616 0.38095238095238093 0.47619047619047616 0.2222222222222222 0.31746031746031744 0.1111111111111111 0.1746031746031746 0.4126984126984127 0.015873015873015872 0.0 0.047619047619047616 0.1111111111111111 0.1746031746031746 0.047619047619047616 0.015873015873015872 0.07936507936507936 0.3333333333333333 0.42857142857142855 0.1746031746031746 0.2698412698412698 0.1111111111111111 0.07936507936507936 0.14285714285714285 0.36507936507936506 0.07936507936507936 0.047619047619047616 0.015873015873015872 0.07936507936507936 0.14285714285714285 0.1111111111111111 0.07936507936507936 0.047619047619047616 0.1111111111111111 0.38095238095238093 0.14285714285714285 0.1111111111111111 0.1111111111111111 0.07936507936507936 0.047619047619047616 0.3333333333333333 0.20634920634920634 0.1746031746031746 0.2222222222222222 0.1746031746031746 0.14285714285714285 0.1111111111111111 0.07936507936507936 0.1746031746031746 0.5714285714285714 0.19047619047619047 0.1111111111111111 0.5238095238095238 0.14285714285714285 0.2222222222222222 0.015873015873015872 0.07936507936507936 0.14285714285714285 0.47619047619047616 0.1111111111111111 0.1746031746031746 0.07936507936507936 0.047619047619047616 0.1111111111111111 0.1746031746031746 0.14285714285714285 0.1111111111111111
0.4444444444444444 0.38095238095238093 0.5714285714285714 0.6984126984126984 0.6349206349206349 0.5396825396825397 0.8888888888888888 0.8253968253968254 0.7619047619047619 0.6984126984126984 0.6349206349206349 0.8571428571428571 0.7936507936507936 0.5238095238095238 0.38095238095238093 0.5079365079365079 0.4444444444444444 0.6984126984126984 0.6349206349206349 0.5714285714285714 0.5079365079365079 0.47619047619047616 0.5714285714285714 0.5079365079365079 0.6984126984126984 0.6349206349206349 0.5714285714285714 0.5555555555555556 0.6190476190476191 0.4444444444444444 0.49206349206349204 0.38095238095238093 0.4126984126984127 0.5714285714285714 0.5079365079365079 0.4444444444444444 0.47619047619047616 0.5079365079365079 0.6190476190476191 0.5396825396825397 0.47619047619047616 0.5079365079365079 0.5714285714285714 0.4126984126984127 0.4444444444444444 0.4444444444444444 0.38095238095238093 0.47619047619047616 0.6349206349206349 0.5714285714285714 0.5079365079365079 0.4444444444444444 0.47619047619047616 0.6825396825396826 0.6031746031746031 0.5396825396825397 0.4444444444444444 0.5714285714285714 0.5238095238095238 0.6031746031746031 0.5396825396825397 0.7301587301587301 0.6666666666666666 0.7142857142857143 0.7619047619047619 0.5238095238095238 0.5714285714285714 0.38095238095238093 0.42857142857142855 0.47619047619047616 0.5238095238095238 0.5714285714285714 0.47619047619047616 0.6507936507936508 0.7142857142857143 0.5555555555555556 0.6031746031746031 0.4603174603174603 0.5079365079365079 0.6507936507936508 0.4444444444444444 0.38095238095238093 0.4126984126984127 0.4603174603174603 0.5079365079365079 0.49206349206349204 0.4126984126984127 0.4603174603174603 0.6031746031746031 0.6666666666666666 0.49206349206349204 0.5396825396825397 0.47619047619047616 0.4126984126984127 0.4444444444444444 0.5873015873015873 0.5079365079365079 0.4444444444444444 0.38095238095238093 0.4126984126984127 0.4444444444444444 0.5555555555555556 0.47619047619047616 0.4126984126984127 0.4444444444444444 0.6190476190476191 0.47619047619047616 0.4126984126984127 0.5079365079365079 0.4444444444444444 0.38095238095238093 0.5714285714285714 0.5396825396825397 0.47619047619047616 0.6349206349206349 0.5714285714285714 0.5079365079365079 0.4444444444444444 0.38095238095238093 0.5396825396825397 0.8095238095238095 0.5555555555555556 0.5079365079365079 0.7619047619047619 0.49206349206349204 0.5396825396825397 0.4126984126984127 0.4444444444444444 0.49206349206349204 0.7142857142857143 0.4444444444444444 0.47619047619047616 0.47619047619047616 0.4126984126984127 0.4444444444444444 0.5079365079365079 0.4444444444444444 0.47619047619047616
0.3968253968253968 0.3333333333333333 0.5238095238095238 0.6507936507936508 0.5873015873015873 0.49206349206349204 0.8253968253968254 0.7777777777777778 0.7142857142857143 0.6507936507936508 0.5873015873015873 0.8253968253968254 0.746031746031746 0.47619047619047616 0.3333333333333333 0.4603174603174603 0.3968253968253968 0.6349206349206349 0.5873015873015873 0.5238095238095238 0.4603174603174603 0.42857142857142855 0.5238095238095238 0.4603174603174603 0.6507936507936508 0.5873015873015873 0.5238095238095238 0.5079365079365079 0.5714285714285714 0.3968253968253968 0.4444444444444444 0.3333333333333333 0.36507936507936506 0.5079365079365079 0.4603174603174603 0.3968253968253968 0.42857142857142855 0.47619047619047616 0.5555555555555556 0.5079365079365079 0.42857142857142855 0.4603174603174603 0.5238095238095238 0.36507936507936506 0.3968253968253968 0.3968253968253968 0.3333333333333333 0.42857142857142855 0.5714285714285714 0.5238095238095238 0.4603174603174603 0.3968253968253968 0.42857142857142855 0.6190476190476191 0.5714285714285714 0.49206349206349204 0.3968253968253968 0.5238095238095238 0.47619047619047616 0.5555555555555556 0.49206349206349204 0.6825396825396826 0.6190476190476191 0.6507936507936508 0.7142857142857143 0.4603174603174603 0.5079365079365079 0.30158730158730157 0.36507936507936506 0.4126984126984127 0.4603174603174603 0.5079365079365079 0.4126984126984127 0.6190476190476191 0.6666666666666666 0.5238095238095238 0.5714285714285714 0.42857142857142855 0.47619047619047616 0.6190476190476191 0.38095238095238093 0.3333333333333333 0.38095238095238093 0.42857142857142855 0.47619047619047616 0.42857142857142855 0.38095238095238093 0.42857142857142855 0.5555555555555556 0.6190476190476191 0.4603174603174603 0.5079365079365079 0.4444444444444444 0.36507936507936506 0.4126984126984127 0.5555555555555556 0.4444444444444444 0.3968253968253968 0.3333333333333333 0.36507936507936506 0.4126984126984127 0.49206349206349204 0.4444444444444444 0.36507936507936506 0.4126984126984127 0.5714285714285714 0.42857142857142855 0.36507936507936506 0.4603174603174603 0.3968253968253968 0.3333333333333333 0.5238095238095238 0.49206349206349204 0.42857142857142855 0.5714285714285714 0.5238095238095238 0.4603174603174603 0.3968253968253968 0.3333333333333333 0.49206349206349204 0.7619047619047619 0.49206349206349204 0.4444444444444444 0.7142857142857143 0.4603174603174603 0.5079365079365079 0.36507936507936506 0.4126984126984127 0.4603174603174603 0.6666666666666666 0.3968253968253968 0.4444444444444444 0.42857142857142855 0.36507936507936506 0.3968253968253968 0.4603174603174603 0.3968253968253968 0.42857142857142855
0.3492063492063492 0.2857142857142857 0.47619047619047616 0.6031746031746031 0.5396825396825397 0.4444444444444444 0.7619047619047619 0.7142857142857143 0.6666666666666666 0.6031746031746031 0.5396825396825397 0.7619047619047619 0.7142857142857143 0.42857142857142855 0.2857142857142857 0.4126984126984127 0.3492063492063492 0.5714285714285714 0.5238095238095238 0.47619047619047616 0.4126984126984127 0.38095238095238093 0.47619047619047616 0.4126984126984127 0.5873015873015873 0.5396825396825397 0.47619047619047616 0.4603174603174603 0.5238095238095238 0.36507936507936506 0.4126984126984127 0.2857142857142857 0.31746031746031744 0.4444444444444444 0.3968253968253968 0.3492063492063492 0.3968253968253968 0.4444444444444444 0.49206349206349204 0.4444444444444444 0.3968253968253968 0.4126984126984127 0.47619047619047616 0.31746031746031744 0.3492063492063492 0.3492063492063492 0.2857142857142857 0.3968253968253968 0.5079365079365079 0.4603174603174603 0.4126984126984127 0.3492063492063492 0.38095238095238093 0.5555555555555556 0.5079365079365079 0.4603174603174603 0.3492063492063492 0.47619047619047616 0.42857142857142855 0.5079365079365079 0.4444444444444444 0.6190476190476191 0.5714285714285714 0.6031746031746031 0.6666666666666666 0.3968253968253968 0.4444444444444444 0.2222222222222222 0.2857142857142857 0.3492063492063492 0.3968253968253968 0.4444444444444444 0.31746031746031744 0.5555555555555556 0.6190476190476191 0.4603174603174603 0.5079365079365079 0.36507936507936506 0.4126984126984127 0.5555555555555556 0.2857142857142857 0.25396825396825395 0.31746031746031744 0.36507936507936506 0.4126984126984127 0.3333333333333333 0.2857142857142857 0.36507936507936506 0.5238095238095238 0.5714285714285714 0.42857142857142855 0.47619047619047616 0.38095238095238093 0.3333333333333333 0.38095238095238093 0.5238095238095238 0.38095238095238093 0.3333333333333333 0.2857142857142857 0.3333333333333333 0.38095238095238093 0.42857142857142855 0.38095238095238093 0.3333333333333333 0.38095238095238093 0.5238095238095238 0.3968253968253968 0.31746031746031744 0.3968253968253968 0.3492063492063492 0.2857142857142857 0.47619047619047616 0.4603174603174603 0.38095238095238093 0.5079365079365079 0.4603174603174603 0.4126984126984127 0.3492063492063492 0.2857142857142857 0.4603174603174603 0.7142857142857143 0.42857142857142855 0.38095238095238093 0.6666666666666666 0.3968253968253968 0.4444444444444444 0.2857142857142857 0.3492063492063492 0.3968253968253968 0.6190476190476191 0.36507936507936506 0.4126984126984127 0.36507936507936506 0.31746031746031744 0.36507936507936506 0.42857142857142855 0.3492063492063492 0.38095238095238093
0.30158730158730157 0.23809523809523808 0.42857142857142855 0.5238095238095238 0.49206349206349204 0.3968253968253968 0.6984126984126984 0.6507936507936508 0.6031746031746031 0.5555555555555556 0.49206349206349204 0.6984126984126984 0.6507936507936508 0.38095238095238093 0.23809523809523808 0.3333333333333333 0.30158730158730157 0.5079365079365079 0.4603174603174603 0.4126984126984127 0.36507936507936506 0.3333333333333333 0.3968253968253968 0.36507936507936506 0.5238095238095238 0.47619047619047616 0.42857142857142855 0.4126984126984127 0.47619047619047616 0.30158730158730157 0.3492063492063492 0.20634920634920634 0.2698412698412698 0.3492063492063492 0.30158730158730157 0.2698412698412698 0.3333333333333333 0.38095238095238093 0.3968253968253968 0.3492063492063492 0.30158730158730157 0.36507936507936506 0.42857142857142855 0.2698412698412698 0.31746031746031744 0.2698412698412698 0.23809523809523808 0.36507936507936506 0.4444444444444444 0.3968253968253968 0.3492063492063492 0.30158730158730157 0.3492063492063492 0.49206349206349204 0.4444444444444444 0.3968253968253968 0.30158730158730157 0.4126984126984127 0.38095238095238093 0.42857142857142855 0.3968253968253968 0.5555555555555556 0.5079365079365079 0.5555555555555556 0.6190476190476191 0.30158730158730157 0.38095238095238093 0.14285714285714285 0.20634920634920634 0.2698412698412698 0.3333333333333333 0.38095238095238093 0.23809523809523808 0.5079365079365079 0.5714285714285714 0.3968253968253968 0.4444444444444444 0.2698412698412698 0.3492063492063492 0.49206349206349204 0.20634920634920634 0.1746031746031746 0.23809523809523808 0.30158730158730157 0.3492063492063492 0.23809523809523808 0.20634920634920634 0.2698412698412698 0.4603174603174603 0.5238095238095238 0.36507936507936506 0.4126984126984127 0.2857142857142857 0.23809523809523808 0.31746031746031744 0.4603174603174603 0.2857142857142857 0.23809523809523808 0.20634920634920634 0.2698412698412698 0.31746031746031744 0.3333333333333333 0.2857142857142857 0.23809523809523808 0.31746031746031744 0.47619047619047616 0.3333333333333333 0.2857142857142857 0.3333333333333333 0.2857142857142857 0.23809523809523808 0.42857142857142855 0.3968253968253968 0.3492063492063492 0.4444444444444444 0.3968253968253968 0.3492063492063492 0.30158730158730157 0.23809523809523808 0.3968253968253968 0.6666666666666666 0.3333333333333333 0.30158730158730157 0.6190476190476191 0.30158730158730157 0.38095238095238093 0.20634920634920634 0.2698412698412698 0.3333333333333333 0.5714285714285714 0.2698412698412698 0.3492063492063492 0.2698412698412698 0.23809523809523808 0.30158730158730157 0.36507936507936506 0.31746031746031744 0.31746031746031744
0.25396825396825395 0.19047619047619047 0.3492063492063492 0.4603174603174603 0.4126984126984127 0.3492063492063492 0.6349206349206349 0.5873015873015873 0.5396825396825397 0.49206349206349204 0.4444444444444444 0.6349206349206349 0.5873015873015873 0.3333333333333333 0.15873015873015872 0.25396825396825395 0.2222222222222222 0.4126984126984127 0.36507936507936506 0.31746031746031744 0.2857142857142857 0.2857142857142857 0.3333333333333333 0.2857142857142857 0.4603174603174603 0.4126984126984127 0.36507936507936506 0.36507936507936506 0.42857142857142855 0.2222222222222222 0.30158730158730157 0.12698412698412698 0.19047619047619047 0.25396825396825395 0.2222222222222222 0.19047619047619047 0.25396825396825395 0.31746031746031744 0.30158730158730157 0.25396825396825395 0.2222222222222222 0.31746031746031744 0.38095238095238093 0.19047619047619047 0.25396825396825395 0.19047619047619047 0.15873015873015872 0.30158730158730157 0.3492063492063492 0.30158730158730157 0.25396825396825395 0.2222222222222222 0.2857142857142857 0.3968253968253968 0.3492063492063492 0.30158730158730157 0.2222222222222222 0.3492063492063492 0.3333333333333333 0.36507936507936506 0.31746031746031744 0.49206349206349204 0.4444444444444444 0.5079365079365079 0.5714285714285714 0.2222222222222222 0.2857142857142857 0.06349206349206349 0.12698412698412698 0.19047619047619047 0.25396825396825395 0.31746031746031744 0.15873015873015872 0.4603174603174603 0.5238095238095238 0.30158730158730157 0.3968253968253968 0.19047619047619047 0.25396825396825395 0.42857142857142855 0.12698412698412698 0.09523809523809523 0.15873015873015872 0.2222222222222222 0.2857142857142857 0.15873015873015872 0.12698412698412698 0.19047619047619047 0.4126984126984127 0.47619047619047616 0.2698412698412698 0.3492063492063492 0.19047619047619047 0.15873015873015872 0.2222222222222222 0.3968253968253968 0.19047619047619047 0.15873015873015872 0.12698412698412698 0.19047619047619047 0.25396825396825395 0.23809523809523808 0.19047619047619047 0.15873015873015872 0.2222222222222222 0.42857142857142855 0.23809523809523808 0.19047619047619047 0.23809523809523808 0.19047619047619047 0.15873015873015872 0.38095238095238093 0.3333333333333333 0.2857142857142857 0.38095238095238093 0.3333333333333333 0.2857142857142857 0.23809523809523808 0.19047619047619047 0.3333333333333333 0.6190476190476191 0.25396825396825395 0.2222222222222222 0.5714285714285714 0.2222222222222222 0.2857142857142857 0.12698412698412698 0.19047619047619047 0.25396825396825395 0.5238095238095238 0.19047619047619047 0.25396825396825395 0.19047619047619047 0.15873015873015872 0.2222222222222222 0.2698412698412698 0.2222222222222222 0.2222222222222222
0.4444444444444444 0.38095238095238093 0.5714285714285714 0.6984126984126984 0.6349206349206349 0.5396825396825397 0.8571428571428571 0.8253968253968254 0.7619047619047619 0.6984126984126984 0.6349206349206349 0.8888888888888888 0.8253968253968254 0.5238095238095238 0.38095238095238093 0.5079365079365079 0.4444444444444444 0.6666666666666666 0.6349206349206349 0.5714285714285714 0.5079365079365079 0.47619047619047616 0.5714285714285714 0.5079365079365079 0.6984126984126984 0.6349206349206349 0.5714285714285714 0.5555555555555556 0.6190476190476191 0.4444444444444444 0.49206349206349204 0.38095238095238093 0.4126984126984127 0.5396825396825397 0.5079365079365079 0.4444444444444444 0.47619047619047616 0.5079365079365079 0.6190476190476191 0.5714285714285714 0.5079365079365079 0.5079365079365079 0.5714285714285714 0.4126984126984127 0.4444444444444444 0.4444444444444444 0.38095238095238093 0.47619047619047616 0.6031746031746031 0.5714285714285714 0.5079365079365079 0.4444444444444444 0.47619047619047616 0.6825396825396826 0.6349206349206349 0.5714285714285714 0.4444444444444444 0.5714285714285714 0.5238095238095238 0.6031746031746031 0.5396825396825397 0.7301587301587301 0.6666666666666666 0.6984126984126984 0.7619047619047619 0.49206349206349204 0.5396825396825397 0.3492063492063492 0.4126984126984127 0.4444444444444444 0.49206349206349204 0.5396825396825397 0.47619047619047616 0.6507936507936508 0.7142857142857143 0.5555555555555556 0.6031746031746031 0.4603174603174603 0.5079365079365079 0.6507936507936508 0.4126984126984127 0.38095238095238093 0.4126984126984127 0.4603174603174603 0.5079365079365079 0.49206349206349204 0.4444444444444444 0.49206349206349204 0.6031746031746031 0.6666666666666666 0.49206349206349204 0.5396825396825397 0.47619047619047616 0.4126984126984127 0.4444444444444444 0.5873015873015873 0.47619047619047616 0.4444444444444444 0.38095238095238093 0.4126984126984127 0.4444444444444444 0.5555555555555556 0.5079365079365079 0.4444444444444444 0.47619047619047616 0.6190476190476191 0.47619047619047616 0.4126984126984127 0.5079365079365079 0.4444444444444444 0.38095238095238093 0.5714285714285714 0.5396825396825397 0.47619047619047616 0.6031746031746031 0.5714285714285714 0.5079365079365079 0.4444444444444444 0.38095238095238093 0.5714285714285714 0.8095238095238095 0.5555555555555556 0.5079365079365079 0.7619047619047619 0.5238095238095238 0.5714285714285714 0.42857142857142855 0.47619047619047616 0.5238095238095238 0.7142857142857143 0.4603174603174603 0.5079365079365079 0.49206349206349204 0.4126984126984127 0.4603174603174603 0.5238095238095238 0.4444444444444444 0.47619047619047616
0.3968253968253968 0.3333333333333333 0.5238095238095238 0.6507936507936508 0.5873015873015873 0.49206349206349204 0.7936507936507936 0.746031746031746 0.7142857142857143 0.6507936507936508 0.5873015873015873 0.8253968253968254 0.7777777777777778 0.47619047619047616 0.3333333333333333 0.4603174603174603 0.3968253968253968 0.6031746031746031 0.5555555555555556 0.5238095238095238 0.4603174603174603 0.42857142857142855 0.5238095238095238 0.4603174603174603 0.6190476190476191 0.5873015873015873 0.5238095238095238 0.5079365079365079 0.5714285714285714 0.3968253968253968 0.4444444444444444 0.3333333333333333 0.36507936507936506 0.47619047619047616 0.42857142857142855 0.3968253968253968 0.42857142857142855 0.47619047619047616 0.5555555555555556 0.5079365079365079 0.4603174603174603 0.4603174603174603 0.5238095238095238 0.36507936507936506 0.3968253968253968 0.3968253968253968 0.3333333333333333 0.42857142857142855 0.5396825396825397 0.49206349206349204 0.4603174603174603 0.3968253968253968 0.42857142857142855 0.6190476190476191 0.5714285714285714 0.5238095238095238 0.3968253968253968 0.5238095238095238 0.47619047619047616 0.5555555555555556 0.49206349206349204 0.6507936507936508 0.6190476190476191 0.6507936507936508 0.7142857142857143 0.42857142857142855 0.47619047619047616 0.2698412698412698 0.3333333333333333 0.3968253968253968 0.42857142857142855 0.47619047619047616 0.3968253968253968 0.6031746031746031 0.6666666666666666 0.49206349206349204 0.5396825396825397 0.3968253968253968 0.4444444444444444 0.5873015873015873 0.3333333333333333 0.30158730158730157 0.36507936507936506 0.3968253968253968 0.4444444444444444 0.3968253968253968 0.36507936507936506 0.42857142857142855 0.5555555555555556 0.6190476190476191 0.4603174603174603 0.5079365079365079 0.4126984126984127 0.36507936507936506 0.4126984126984127 0.5555555555555556 0.4126984126984127 0.36507936507936506 0.3333333333333333 0.36507936507936506 0.4126984126984127 0.49206349206349204 0.4444444444444444 0.3968253968253968 0.4444444444444444 0.5714285714285714 0.42857142857142855 0.36507936507936506 0.42857142857142855 0.3968253968253968 0.3333333333333333 0.5238095238095238 0.49206349206349204 0.42857142857142855 0.5396825396825397 0.49206349206349204 0.4603174603174603 0.3968253968253968 0.3333333333333333 0.5238095238095238 0.7619047619047619 0.49206349206349204 0.4444444444444444 0.7142857142857143 0.4603174603174603 0.5079365079365079 0.3333333333333333 0.4126984126984127 0.4603174603174603 0.6666666666666666 0.42857142857142855 0.47619047619047616 0.42857142857142855 0.38095238095238093 0.42857142857142855 0.49206349206349204 0.4126984126984127 0.4444444444444444
0.19047619047619047 0.14285714285714285 0.2857142857142857 0.38095238095238093 0.3333333333333333 0.2857142857142857 0.5238095238095238 0.47619047619047616 0.42857142857142855 0.38095238095238093 0.3333333333333333 0.5238095238095238 0.47619047619047616 0.3333333333333333 0.14285714285714285 0.20634920634920634 0.1746031746031746 0.3333333333333333 0.2857142857142857 0.23809523809523808 0.20634920634920634 0.2698412698412698 0.25396825396825395 0.2222222222222222 0.3492063492063492 0.30158730158730157 0.25396825396825395 0.36507936507936506 0.42857142857142855 0.23809523809523808 0.30158730158730157 0.07936507936507936 0.14285714285714285 0.1746031746031746 0.14285714285714285 0.1111111111111111 0.1746031746031746 0.23809523809523808 0.2222222222222222 0.1746031746031746 0.14285714285714285 0.31746031746031744 0.38095238095238093 0.19047619047619047 0.25396825396825395 0.14285714285714285 0.1111111111111111 0.2698412698412698 0.25396825396825395 0.20634920634920634 0.1746031746031746 0.14285714285714285 0.20634920634920634 0.30158730158730157 0.25396825396825395 0.20634920634920634 0.14285714285714285 0.20634920634920634 0.2698412698412698 0.2698412698412698 0.23809523809523808 0.3492063492063492 0.30158730158730157 0.5079365079365079 0.5714285714285714 0.19047619047619047 0.2857142857142857 0.0 0.047619047619047616 0.1111111111111111 0.19047619047619047 0.25396825396825395 0.07936507936507936 0.4603174603174603 0.5238095238095238 0.3333333333333333 0.3968253968253968 0.14285714285714285 0.23809523809523808 0.4126984126984127 0.047619047619047616 0.015873015873015872 0.07936507936507936 0.14285714285714285 0.20634920634920634 0.07936507936507936 0.047619047619047616 0.1111111111111111 0.4126984126984127 0.47619047619047616 0.2857142857142857 0.3492063492063492 0.14285714285714285 0.1111111111111111 0.19047619047619047 0.36507936507936506 0.1111111111111111 0.07936507936507936 0.047619047619047616 0.1111111111111111 0.1746031746031746 0.14285714285714285 0.1111111111111111 0.07936507936507936 0.14285714285714285 0.42857142857142855 0.1746031746031746 0.14285714285714285 0.14285714285714285 0.1111111111111111 0.07936507936507936 0.3492063492063492 0.2222222222222222 0.19047619047619047 0.2222222222222222 0.1746031746031746 0.14285714285714285 0.1111111111111111 0.07936507936507936 0.1746031746031746 0.6190476190476191 0.23809523809523808 0.14285714285714285 0.5714285714285714 0.19047619047619047 0.2857142857142857 0.047619047619047616 0.1111111111111111 0.19047619047619047 0.5238095238095238 0.14285714285714285 0.23809523809523808 0.1111111111111111 0.07936507936507936 0.14285714285714285 0.2222222222222222 0.19047619047619047 0.14285714285714285
