0.04460345855694693 0.044841979725700656 0.045199761478831244 0.04555754323196184 0.0456768038163387 0.046630888491353606 0.04746571258199165 0.04806201550387597 0.048539057841383425 0.049016100178890874 0.04985092426952892 0.05008944543828265 0.05008944543828265 0.05199761478831246 0.05271317829457364 0.05450208706022659 0.05462134764460346 0.055456171735241505 0.05641025641025641 0.05867620751341682
0.0 0.05952380952380951 0.011904761904761913 0.0 0.05952380952380951 0.023809523809523826 0.0 0.0 0.0 0.07142857142857148 0.03571428571428574 0.0 0.08333333333333344 0.011904761904761913 0.07142857142857148 0.023809523809523826 0.023809523809523826 0.011904761904761913 0.0 0.0
0.05952380952380951 0.7142857142857141 0.07142857142857148 0.0 0.11904761904761901 0.0 0.08333333333333344 0.0 0.05952380952380951 0.1309523809523811 0.0 0.05952380952380951 0.14285714285714296 0.0 0.7261904761904762 0.20238095238095247 0.0 0.07142857142857148 0.0 0.0
0.011904761904761913 0.07142857142857148 0.14285714285714285 0.0 0.1904761904761905 0.03571428571428574 0.0 0.0 0.0 0.20238095238095247 0.16666666666666666 0.011904761904761913 0.21428571428571433 0.023809523809523826 0.0 0.03571428571428574 0.15476190476190477 0.0 0.0 0.0
0.0 0.0 0.0 0.14285714285714285 0.0 0.03571428571428574 0.03571428571428574 0.03571428571428574 0.0 0.0 0.04761904761904765 0.0 0.0952380952380953 0.0 0.08333333333333344 0.03571428571428574 0.0 0.023809523809523826 0.023809523809523826 0.011904761904761913
0.05952380952380951 0.11904761904761901 0.1904761904761905 0.0 0.7142857142857141 0.08333333333333344 0.0 0.0 0.05952380952380951 0.7261904761904762 0.21428571428571433 0.05952380952380951 0.738095238095238 0.07142857142857148 0.1309523809523811 0.0 0.20238095238095247 0.0 0.0 0.0
0.023809523809523826 0.0 0.03571428571428574 0.03571428571428574 0.08333333333333344 0.2857142857142857 0.0 0.16666666666666666 0.0 0.21428571428571433 0.29761904761904756 0.0 0.3452380952380952 0.15476190476190477 0.0 0.0 0.16666666666666666 0.03571428571428574 0.15476190476190477 0.023809523809523826
0.0 0.08333333333333344 0.0 0.03571428571428574 0.0 0.0 0.2857142857142857 0.0 0.0 0.0952380952380953 0.0 0.0 0.0 0.03571428571428574 0.3333333333333333 0.04761904761904765 0.04761904761904765 0.0 0.0 0.023809523809523826
0.0 0.0 0.0 0.03571428571428574 0.0 0.16666666666666666 0.0 0.2857142857142857 0.0 0.0952380952380953 0.17857142857142852 0.0 0.22619047619047616 0.03571428571428574 0.0 0.0 0.04761904761904765 0.0 0.15476190476190477 0.023809523809523826
0.0 0.05952380952380951 0.0 0.0 0.05952380952380951 0.0 0.0 0.0 0.0 0.07142857142857148 0.0 0.0 0.08333333333333344 0.0 0.07142857142857148 0.0 0.0 0.0 0.0 0.0
0.07142857142857148 0.1309523809523811 0.20238095238095247 0.0 0.7261904761904762 0.21428571428571433 0.0952380952380953 0.0952380952380953 0.07142857142857148 0.8571428571428571 0.3452380952380952 0.07142857142857148 0.869047619047619 0.20238095238095247 0.14285714285714296 0.0952380952380953 0.3333333333333333 0.08333333333333344 0.08333333333333344 0.07142857142857148
0.03571428571428574 0.0 0.16666666666666666 0.04761904761904765 0.21428571428571433 0.29761904761904756 0.0 0.17857142857142852 0.0 0.3452380952380952 0.42857142857142855 0.03571428571428574 0.47619047619047605 0.16666666666666666 0.0 0.05952380952380951 0.29761904761904756 0.0 0.16666666666666666 0.03571428571428574
0.0 0.05952380952380951 0.011904761904761913 0.0 0.05952380952380951 0.0 0.0 0.0 0.0 0.07142857142857148 0.03571428571428574 0.0 0.08333333333333344 0.0 0.07142857142857148 0.023809523809523826 0.023809523809523826 0.0 0.0 0.0
0.08333333333333344 0.14285714285714296 0.21428571428571433 0.0952380952380953 0.738095238095238 0.3452380952380952 0.0 0.22619047619047616 0.08333333333333344 0.869047619047619 0.47619047619047605 0.08333333333333344 1.0 0.21428571428571433 0.1547619047619048 0.0 0.3452380952380952 0.0 0.21428571428571433 0.08333333333333344
0.011904761904761913 0.0 0.023809523809523826 0.0 0.07142857142857148 0.15476190476190477 0.03571428571428574 0.03571428571428574 0.0 0.20238095238095247 0.16666666666666666 0.0 0.21428571428571433 0.14285714285714285 0.08333333333333344 0.03571428571428574 0.15476190476190477 0.023809523809523826 0.023809523809523826 0.011904761904761913
0.07142857142857148 0.7261904761904762 0.0 0.08333333333333344 0.1309523809523811 0.0 0.3333333333333333 0.0 0.07142857142857148 0.14285714285714296 0.0 0.07142857142857148 0.1547619047619048 0.08333333333333344 0.8571428571428571 0.3333333333333333 0.0952380952380953 0.20238095238095247 0.0 0.07142857142857148
0.023809523809523826 0.20238095238095247 0.03571428571428574 0.03571428571428574 0.0 0.0 0.04761904761904765 0.0 0.0 0.0952380952380953 0.05952380952380951 0.023809523809523826 0.0 0.03571428571428574 0.3333333333333333 0.2857142857142857 0.04761904761904765 0.15476190476190477 0.0 0.023809523809523826
0.023809523809523826 0.0 0.15476190476190477 0.0 0.20238095238095247 0.16666666666666666 0.04761904761904765 0.04761904761904765 0.0 0.3333333333333333 0.29761904761904756 0.023809523809523826 0.3452380952380952 0.15476190476190477 0.0952380952380953 0.04761904761904765 0.2857142857142857 0.03571428571428574 0.03571428571428574 0.023809523809523826
0.011904761904761913 0.07142857142857148 0.0 0.023809523809523826 0.0 0.03571428571428574 0.0 0.0 0.0 0.08333333333333344 0.0 0.0 0.0 0.023809523809523826 0.20238095238095247 0.15476190476190477 0.03571428571428574 0.14285714285714285 0.0 0.011904761904761913
0.0 0.0 0.0 0.023809523809523826 0.0 0.15476190476190477 0.0 0.15476190476190477 0.0 0.08333333333333344 0.16666666666666666 0.0 0.21428571428571433 0.023809523809523826 0.0 0.0 0.03571428571428574 0.0 0.14285714285714285 0.011904761904761913
0.0 0.0 0.0 0.011904761904761913 0.0 0.023809523809523826 0.023809523809523826 0.023809523809523826 0.0 0.07142857142857148 0.03571428571428574 0.0 0.08333333333333344 0.011904761904761913 0.07142857142857148 0.023809523809523826 0.023809523809523826 0.011904761904761913 0.011904761904761913 0.0
