0.005776004973062578 0.010541856610029009 0.0054133858267716535 0.009738914214670534 0.00940219643597182 0.005594695399917115 0.0065271446332366345 0.009350393700787402 0.01144840447575632 0.007019270617488603 0.0062681309573145464 0.005698300870285951 0.005439287194363863 0.007925818483215915 0.005387484459179445 0.008158930791545794 0.007925818483215915 0.005568794032324907 0.005853709075839204 0.007925818483215915 0.006242229589722337 0.006941566514711977 0.005983215913800249 0.006578947368421052 0.005568794032324907 0.007304185661002901 0.005361583091587236 0.005361583091587236 0.009920223787815997 0.0058796104434314135 0.005853709075839204 0.009687111479486117 0.009816618317447161 0.007071073352673021 0.008184832159138003 0.012044135930377124 0.008573352673021135 0.005750103605470369 0.00572420223787816 0.005905511811023622 0.0064235391628678 0.0052579776212184 0.009505801906340655 0.005465188561956071 0.005309780356402818 0.008832366348943224 0.010878574388727726 0.005206174886033982 0.0061386241193535016 0.00870285951098218 0.011836924989639452 0.008728760878574389 0.006501243265644426 0.005750103605470369 0.005516991297140489 0.006371736427683382 0.0060091172813924575 0.006812059676750933 0.0062681309573145464 0.005698300870285951 0.005672399502693742 0.0052579776212184 0.0064235391628678 0.0052838789888106094 0.008987774554496477 0.00916908412764194 0.009039577289680896 0.006682552838789888 0.007848114380439287 0.010438251139660175 0.007485495234148363 0.005801906340654786 0.005698300870285951 0.005491089929548281 0.010878574388727726 0.005594695399917115 0.005439287194363863 0.010127434728553668 0.010826771653543307 0.005491089929548281 0.008314338997099047 0.009505801906340655 0.012251346871114795 0.00867695814338997 0.006682552838789888 0.005232076253626192 0.006035018648984666 0.006449440530460008 0.005983215913800249 0.010645462080397844 0.006708454206382097 0.006708454206382097 0.0052579776212184 0.011292996270203066 0.011862826357231663 0.005853709075839204 0.008184832159138003 0.009894322420223789 0.012743472855366764 0.00937629506837961 0.006734355573974306 0.005905511811023622 0.00663075010360547 0.006371736427683382 0.006112722751761293 0.006060920016576875 0.005905511811023622 0.00826253626191463 0.006086821384169084 0.009117281392457521 0.007640903439701616 0.008780563613758806 0.00823663489432242 0.009039577289680896 0.006112722751761293 0.0071228760878574385 0.010308744301699129 0.0072523829258184834 0.006371736427683382 0.0052838789888106094 0.005698300870285951 0.006086821384169084 0.005983215913800249 0.006734355573974306 0.005983215913800249 0.006786158309158723 0.005646498135101533 0.007355988396187319 0.005232076253626192 0.005905511811023622 0.005801906340654786 0.006035018648984666 0.005491089929548281 0.007640903439701616 0.005698300870285951 0.005620596767509325 0.005594695399917115 0.0061386241193535016
0.1111111111111111 0.04938271604938271 0.20987654320987653 0.30864197530864196 0.25925925925925924 0.18518518518518517 0.4567901234567901 0.4074074074074074 0.35802469135802467 0.30864197530864196 0.25925925925925924 0.4567901234567901 0.4074074074074074 0.19753086419753085 0.0 0.08641975308641975 0.037037037037037035 0.2345679012345679 0.18518518518518517 0.13580246913580246 0.08641975308641975 0.14814814814814814 0.16049382716049382 0.1111111111111111 0.25925925925925924 0.20987654320987653 0.16049382716049382 0.2345679012345679 0.2962962962962963 0.08641975308641975 0.16049382716049382 0.0 0.012345679012345678 0.08641975308641975 0.037037037037037035 0.0 0.06172839506172839 0.13580246913580246 0.13580246913580246 0.08641975308641975 0.037037037037037035 0.18518518518518517 0.24691358024691357 0.037037037037037035 0.1111111111111111 0.012345679012345678 0.0 0.13580246913580246 0.16049382716049382 0.1111111111111111 0.06172839506172839 0.012345679012345678 0.08641975308641975 0.20987654320987653 0.16049382716049382 0.1111111111111111 0.037037037037037035 0.13580246913580246 0.19753086419753085 0.20987654320987653 0.16049382716049382 0.30864197530864196 0.25925925925925924 0.38271604938271603 0.4444444444444444 0.08641975308641975 0.16049382716049382 0.0 0.0 0.012345679012345678 0.08641975308641975 0.16049382716049382 0.0 0.3333333333333333 0.3950617283950617 0.18518518518518517 0.25925925925925924 0.037037037037037035 0.1111111111111111 0.2839506172839506 0.0 0.0 0.0 0.037037037037037035 0.1111111111111111 0.0 0.0 0.012345679012345678 0.2839506172839506 0.345679012345679 0.13580246913580246 0.20987654320987653 0.037037037037037035 0.0 0.06172839506172839 0.2345679012345679 0.012345679012345678 0.0 0.0 0.0 0.06172839506172839 0.06172839506172839 0.012345679012345678 0.0 0.037037037037037035 0.2962962962962963 0.06172839506172839 0.012345679012345678 0.037037037037037035 0.0 0.0 0.24691358024691357 0.13580246913580246 0.08641975308641975 0.16049382716049382 0.1111111111111111 0.06172839506172839 0.012345679012345678 0.0 0.1111111111111111 0.49382716049382713 0.13580246913580246 0.06172839506172839 0.4444444444444444 0.08641975308641975 0.16049382716049382 0.0 0.012345679012345678 0.08641975308641975 0.3950617283950617 0.037037037037037035 0.1111111111111111 0.012345679012345678 0.0 0.037037037037037035 0.1111111111111111 0.06172839506172839 0.037037037037037035
0.04938271604938271 0.0 0.14814814814814814 0.24691358024691357 0.19753086419753085 0.14814814814814814 0.3950617283950617 0.345679012345679 0.2962962962962963 0.24691358024691357 0.19753086419753085 0.3950617283950617 0.345679012345679 0.14814814814814814 0.0 0.024691358024691357 0.0 0.1728395061728395 0.12345679012345678 0.07407407407407407 0.024691358024691357 0.09876543209876543 0.09876543209876543 0.04938271604938271 0.19753086419753085 0.14814814814814814 0.09876543209876543 0.1728395061728395 0.24691358024691357 0.024691358024691357 0.09876543209876543 0.0 0.0 0.024691358024691357 0.0 0.0 0.0 0.07407407407407407 0.07407407407407407 0.024691358024691357 0.0 0.12345679012345678 0.19753086419753085 0.0 0.04938271604938271 0.0 0.0 0.09876543209876543 0.09876543209876543 0.04938271604938271 0.0 0.0 0.024691358024691357 0.14814814814814814 0.09876543209876543 0.04938271604938271 0.0 0.07407407407407407 0.14814814814814814 0.14814814814814814 0.09876543209876543 0.24691358024691357 0.19753086419753085 0.32098765432098764 0.3950617283950617 0.024691358024691357 0.09876543209876543 0.0 0.0 0.0 0.024691358024691357 0.09876543209876543 0.0 0.2716049382716049 0.345679012345679 0.12345679012345678 0.19753086419753085 0.0 0.04938271604938271 0.24691358024691357 0.0 0.0 0.0 0.0 0.04938271604938271 0.0 0.0 0.0 0.2222222222222222 0.2962962962962963 0.07407407407407407 0.14814814814814814 0.0 0.0 0.0 0.19753086419753085 0.0 0.0 0.0 0.0 0.0 0.0 0.0 0.0 0.0 0.24691358024691357 0.0 0.0 0.0 0.0 0.0 0.19753086419753085 0.07407407407407407 0.024691358024691357 0.09876543209876543 0.04938271604938271 0.0 0.0 0.0 0.04938271604938271 0.4444444444444444 0.07407407407407407 0.0 0.3950617283950617 0.024691358024691357 0.09876543209876543 0.0 0.0 0.024691358024691357 0.345679012345679 0.0 0.04938271604938271 0.0 0.0 0.0 0.04938271604938271 0.0 0.0
0.20987654320987653 0.14814814814814814 0.3333333333333333 0.43209876543209874 0.38271604938271603 0.2839506172839506 0.5802469135802469 0.5308641975308642 0.48148148148148145 0.43209876543209874 0.35802469135802467 0.5802469135802469 0.5308641975308642 0.2962962962962963 0.14814814814814814 0.24691358024691357 0.19753086419753085 0.3950617283950617 0.345679012345679 0.2962962962962963 0.24691358024691357 0.24691358024691357 0.30864197530864196 0.25925925925925924 0.4074074074074074 0.35802469135802467 0.30864197530864196 0.3333333333333333 0.3950617283950617 0.2222222222222222 0.2716049382716049 0.09876543209876543 0.16049382716049382 0.2222222222222222 0.1728395061728395 0.13580246913580246 0.19753086419753085 0.24691358024691357 0.2716049382716049 0.2222222222222222 0.1728395061728395 0.2839506172839506 0.345679012345679 0.18518518518518517 0.2345679012345679 0.16049382716049382 0.12345679012345678 0.25925925925925924 0.30864197530864196 0.25925925925925924 0.20987654320987653 0.16049382716049382 0.20987654320987653 0.35802469135802467 0.30864197530864196 0.25925925925925924 0.18518518518518517 0.2716049382716049 0.2962962962962963 0.3333333333333333 0.2839506172839506 0.43209876543209874 0.38271604938271603 0.48148148148148145 0.5432098765432098 0.20987654320987653 0.2839506172839506 0.024691358024691357 0.08641975308641975 0.14814814814814814 0.20987654320987653 0.25925925925925924 0.12345679012345678 0.43209876543209874 0.49382716049382713 0.30864197530864196 0.37037037037037035 0.1728395061728395 0.2345679012345679 0.38271604938271603 0.08641975308641975 0.04938271604938271 0.1111111111111111 0.1728395061728395 0.20987654320987653 0.12345679012345678 0.08641975308641975 0.14814814814814814 0.38271604938271603 0.4444444444444444 0.25925925925925924 0.32098765432098764 0.1728395061728395 0.13580246913580246 0.19753086419753085 0.3333333333333333 0.14814814814814814 0.1111111111111111 0.07407407407407407 0.13580246913580246 0.1728395061728395 0.18518518518518517 0.14814814814814814 0.1111111111111111 0.1728395061728395 0.3950617283950617 0.19753086419753085 0.16049382716049382 0.1728395061728395 0.13580246913580246 0.09876543209876543 0.345679012345679 0.25925925925925924 0.2222222222222222 0.2839506172839506 0.2345679012345679 0.19753086419753085 0.16049382716049382 0.09876543209876543 0.2345679012345679 0.5925925925925926 0.25925925925925924 0.18518518518518517 0.5432098765432098 0.20987654320987653 0.2839506172839506 0.08641975308641975 0.14814814814814814 0.20987654320987653 0.49382716049382713 0.1728395061728395 0.2345679012345679 0.14814814814814814 0.1111111111111111 0.1728395061728395 0.2345679012345679 0.19753086419753085 0.1728395061728395
0.30864197530864196 0.24691358024691357 0.43209876543209874 0.5555555555555556 0.49382716049382713 0.4074074074074074 0.7037037037037037 0.654320987654321 0.6049382716049383 0.5308641975308642 0.4691358024691358 0.7037037037037037 0.654320987654321 0.3950617283950617 0.24691358024691357 0.37037037037037035 0.30864197530864196 0.5185185185185185 0.4691358024691358 0.41975308641975306 0.345679012345679 0.345679012345679 0.43209876543209874 0.37037037037037035 0.5308641975308642 0.48148148148148145 0.4074074074074074 0.4444444444444444 0.49382716049382713 0.345679012345679 0.3950617283950617 0.24691358024691357 0.2962962962962963 0.3950617283950617 0.345679012345679 0.2962962962962963 0.345679012345679 0.3950617283950617 0.4444444444444444 0.3950617283950617 0.345679012345679 0.38271604938271603 0.4444444444444444 0.2839506172839506 0.3333333333333333 0.30864197530864196 0.24691358024691357 0.38271604938271603 0.4567901234567901 0.4074074074074074 0.35802469135802467 0.2839506172839506 0.3333333333333333 0.5061728395061729 0.4567901234567901 0.4074074074074074 0.30864197530864196 0.41975308641975306 0.3950617283950617 0.4691358024691358 0.4074074074074074 0.5679012345679012 0.5185185185185185 0.5802469135802469 0.6419753086419753 0.35802469135802467 0.4074074074074074 0.1728395061728395 0.2345679012345679 0.2962962962962963 0.3333333333333333 0.38271604938271603 0.2716049382716049 0.5308641975308642 0.5925925925925926 0.41975308641975306 0.4691358024691358 0.32098765432098764 0.37037037037037035 0.5185185185185185 0.2345679012345679 0.19753086419753085 0.25925925925925924 0.2962962962962963 0.345679012345679 0.2716049382716049 0.2345679012345679 0.2962962962962963 0.48148148148148145 0.5432098765432098 0.38271604938271603 0.43209876543209874 0.3333333333333333 0.2839506172839506 0.3333333333333333 0.48148148148148145 0.30864197530864196 0.25925925925925924 0.2222222222222222 0.25925925925925924 0.30864197530864196 0.35802469135802467 0.30864197530864196 0.25925925925925924 0.30864197530864196 0.49382716049382713 0.345679012345679 0.2839506172839506 0.32098765432098764 0.2839506172839506 0.2222222222222222 0.4444444444444444 0.4074074074074074 0.345679012345679 0.43209876543209874 0.38271604938271603 0.345679012345679 0.2839506172839506 0.2222222222222222 0.38271604938271603 0.691358024691358 0.3950617283950617 0.3333333333333333 0.6419753086419753 0.35802469135802467 0.4074074074074074 0.2345679012345679 0.2962962962962963 0.3333333333333333 0.5925925925925926 0.32098765432098764 0.37037037037037035 0.2962962962962963 0.25925925925925924 0.2962962962962963 0.38271604938271603 0.32098765432098764 0.32098765432098764
0.25925925925925924 0.19753086419753085 0.38271604938271603 0.49382716049382713 0.4444444444444444 0.35802469135802467 0.6419753086419753 0.5925925925925926 0.5432098765432098 0.49382716049382713 0.41975308641975306 0.6419753086419753 0.5925925925925926 0.345679012345679 0.19753086419753085 0.30864197530864196 0.25925925925925924 0.4567901234567901 0.4074074074074074 0.35802469135802467 0.30864197530864196 0.2962962962962963 0.37037037037037035 0.32098765432098764 0.4691358024691358 0.41975308641975306 0.37037037037037035 0.38271604938271603 0.4444444444444444 0.2839506172839506 0.3333333333333333 0.1728395061728395 0.2345679012345679 0.30864197530864196 0.25925925925925924 0.20987654320987653 0.2839506172839506 0.3333333333333333 0.35802469135802467 0.30864197530864196 0.25925925925925924 0.345679012345679 0.3950617283950617 0.24691358024691357 0.2962962962962963 0.24691358024691357 0.19753086419753085 0.345679012345679 0.3950617283950617 0.345679012345679 0.2962962962962963 0.24691358024691357 0.2962962962962963 0.4444444444444444 0.3950617283950617 0.345679012345679 0.25925925925925924 0.35802469135802467 0.345679012345679 0.4074074074074074 0.35802469135802467 0.5061728395061729 0.4567901234567901 0.5308641975308642 0.5925925925925926 0.2839506172839506 0.345679012345679 0.09876543209876543 0.16049382716049382 0.2222222222222222 0.2839506172839506 0.32098765432098764 0.19753086419753085 0.48148148148148145 0.5432098765432098 0.35802469135802467 0.41975308641975306 0.24691358024691357 0.30864197530864196 0.4567901234567901 0.16049382716049382 0.12345679012345678 0.18518518518518517 0.24691358024691357 0.2839506172839506 0.19753086419753085 0.16049382716049382 0.2222222222222222 0.43209876543209874 0.49382716049382713 0.32098765432098764 0.37037037037037035 0.24691358024691357 0.20987654320987653 0.2716049382716049 0.41975308641975306 0.2222222222222222 0.18518518518518517 0.14814814814814814 0.20987654320987653 0.24691358024691357 0.2716049382716049 0.2222222222222222 0.18518518518518517 0.24691358024691357 0.4444444444444444 0.2839506172839506 0.2345679012345679 0.25925925925925924 0.20987654320987653 0.1728395061728395 0.3950617283950617 0.345679012345679 0.2962962962962963 0.37037037037037035 0.32098765432098764 0.2716049382716049 0.2345679012345679 0.1728395061728395 0.32098765432098764 0.6419753086419753 0.32098765432098764 0.25925925925925924 0.5925925925925926 0.2839506172839506 0.345679012345679 0.16049382716049382 0.2222222222222222 0.2839506172839506 0.5432098765432098 0.24691358024691357 0.30864197530864196 0.2222222222222222 0.18518518518518517 0.24691358024691357 0.32098765432098764 0.2716049382716049 0.24691358024691357
0.18518518518518517 0.14814814814814814 0.2839506172839506 0.4074074074074074 0.35802469135802467 0.3333333333333333 0.5555555555555556 0.5061728395061729 0.4567901234567901 0.4074074074074074 0.35802469135802467 0.5555555555555556 0.5061728395061729 0.2962962962962963 0.09876543209876543 0.19753086419753085 0.16049382716049382 0.3333333333333333 0.2839506172839506 0.2345679012345679 0.19753086419753085 0.24691358024691357 0.25925925925925924 0.2222222222222222 0.35802469135802467 0.30864197530864196 0.25925925925925924 0.30864197530864196 0.3950617283950617 0.1728395061728395 0.24691358024691357 0.07407407407407407 0.13580246913580246 0.18518518518518517 0.14814814814814814 0.1111111111111111 0.1728395061728395 0.2345679012345679 0.2345679012345679 0.18518518518518517 0.14814814814814814 0.25925925925925924 0.345679012345679 0.13580246913580246 0.19753086419753085 0.13580246913580246 0.09876543209876543 0.2839506172839506 0.25925925925925924 0.20987654320987653 0.1728395061728395 0.13580246913580246 0.19753086419753085 0.30864197530864196 0.25925925925925924 0.20987654320987653 0.16049382716049382 0.24691358024691357 0.2962962962962963 0.345679012345679 0.2962962962962963 0.4444444444444444 0.3950617283950617 0.4567901234567901 0.5432098765432098 0.18518518518518517 0.25925925925925924 0.0 0.06172839506172839 0.12345679012345678 0.18518518518518517 0.25925925925925924 0.09876543209876543 0.4074074074074074 0.49382716049382713 0.25925925925925924 0.345679012345679 0.14814814814814814 0.20987654320987653 0.43209876543209874 0.06172839506172839 0.024691358024691357 0.08641975308641975 0.14814814814814814 0.20987654320987653 0.09876543209876543 0.06172839506172839 0.12345679012345678 0.35802469135802467 0.4444444444444444 0.20987654320987653 0.2962962962962963 0.14814814814814814 0.1111111111111111 0.1728395061728395 0.38271604938271603 0.12345679012345678 0.08641975308641975 0.04938271604938271 0.1111111111111111 0.1728395061728395 0.16049382716049382 0.12345679012345678 0.08641975308641975 0.14814814814814814 0.3950617283950617 0.1728395061728395 0.13580246913580246 0.14814814814814814 0.1111111111111111 0.07407407407407407 0.345679012345679 0.2345679012345679 0.19753086419753085 0.25925925925925924 0.20987654320987653 0.1728395061728395 0.13580246913580246 0.09876543209876543 0.20987654320987653 0.5925925925925926 0.2345679012345679 0.16049382716049382 0.5432098765432098 0.18518518518518517 0.25925925925925924 0.06172839506172839 0.12345679012345678 0.18518518518518517 0.49382716049382713 0.14814814814814814 0.20987654320987653 0.12345679012345678 0.08641975308641975 0.14814814814814814 0.20987654320987653 0.1728395061728395 0.14814814814814814
0.4567901234567901 0.3950617283950617 0.5802469135802469 0.7037037037037037 0.6419753086419753 0.5555555555555556 0.8888888888888888 0.8271604938271605 0.7654320987654321 0.7037037037037037 0.6419753086419753 0.8641975308641975 0.8024691358024691 0.5432098765432098 0.3950617283950617 0.5185185185185185 0.4567901234567901 0.7037037037037037 0.6419753086419753 0.5802469135802469 0.5185185185185185 0.49382716049382713 0.5802469135802469 0.5185185185185185 0.7037037037037037 0.6419753086419753 0.5802469135802469 0.5802469135802469 0.6419753086419753 0.4691358024691358 0.5185185185185185 0.3950617283950617 0.43209876543209874 0.5802469135802469 0.5185185185185185 0.4567901234567901 0.49382716049382713 0.5308641975308642 0.6296296296296297 0.5555555555555556 0.49382716049382713 0.5308641975308642 0.5925925925925926 0.43209876543209874 0.4691358024691358 0.4567901234567901 0.3950617283950617 0.5061728395061729 0.6419753086419753 0.5802469135802469 0.5185185185185185 0.4567901234567901 0.49382716049382713 0.691358024691358 0.6172839506172839 0.5555555555555556 0.4567901234567901 0.5802469135802469 0.5432098765432098 0.6172839506172839 0.5555555555555556 0.7407407407407407 0.6790123456790124 0.7407407407407407 0.7901234567901234 0.5432098765432098 0.5925925925925926 0.3950617283950617 0.4444444444444444 0.49382716049382713 0.5432098765432098 0.5925925925925926 0.49382716049382713 0.6790123456790124 0.7407407407407407 0.5802469135802469 0.6296296296296297 0.48148148148148145 0.5308641975308642 0.6790123456790124 0.4567901234567901 0.3950617283950617 0.43209876543209874 0.48148148148148145 0.5308641975308642 0.5061728395061729 0.43209876543209874 0.48148148148148145 0.6296296296296297 0.691358024691358 0.5185185185185185 0.5679012345679012 0.49382716049382713 0.43209876543209874 0.4691358024691358 0.6172839506172839 0.5185185185185185 0.4567901234567901 0.3950617283950617 0.43209876543209874 0.4691358024691358 0.5679012345679012 0.49382716049382713 0.43209876543209874 0.4691358024691358 0.6419753086419753 0.49382716049382713 0.43209876543209874 0.5185185185185185 0.4567901234567901 0.3950617283950617 0.5925925925925926 0.5555555555555556 0.49382716049382713 0.6419753086419753 0.5802469135802469 0.5185185185185185 0.4567901234567901 0.3950617283950617 0.5555555555555556 0.8395061728395061 0.5802469135802469 0.5308641975308642 0.7901234567901234 0.5185185185185185 0.5679012345679012 0.43209876543209874 0.4691358024691358 0.5185185185185185 0.7407407407407407 0.4691358024691358 0.5061728395061729 0.49382716049382713 0.43209876543209874 0.4691358024691358 0.5308641975308642 0.4691358024691358 0.49382716049382713
0.4074074074074074 0.345679012345679 0.5308641975308642 0.654320987654321 0.5925925925925926 0.5061728395061729 0.8271604938271605 0.7777777777777778 0.7160493827160493 0.654320987654321 0.5925925925925926 0.8271604938271605 0.7530864197530864 0.49382716049382713 0.345679012345679 0.4691358024691358 0.4074074074074074 0.6419753086419753 0.5925925925925926 0.5308641975308642 0.4691358024691358 0.4444444444444444 0.5308641975308642 0.4691358024691358 0.654320987654321 0.5925925925925926 0.5308641975308642 0.5308641975308642 0.5925925925925926 0.41975308641975306 0.4691358024691358 0.345679012345679 0.38271604938271603 0.5185185185185185 0.4691358024691358 0.4074074074074074 0.4444444444444444 0.49382716049382713 0.5679012345679012 0.5185185185185185 0.4444444444444444 0.48148148148148145 0.5432098765432098 0.38271604938271603 0.41975308641975306 0.4074074074074074 0.345679012345679 0.4567901234567901 0.5802469135802469 0.5308641975308642 0.4691358024691358 0.4074074074074074 0.4444444444444444 0.6296296296296297 0.5802469135802469 0.5061728395061729 0.4074074074074074 0.5308641975308642 0.49382716049382713 0.5679012345679012 0.5061728395061729 0.691358024691358 0.6296296296296297 0.6790123456790124 0.7407407407407407 0.48148148148148145 0.5308641975308642 0.32098765432098764 0.38271604938271603 0.43209876543209874 0.48148148148148145 0.5308641975308642 0.43209876543209874 0.6419753086419753 0.691358024691358 0.5432098765432098 0.5925925925925926 0.4444444444444444 0.49382716049382713 0.6419753086419753 0.3950617283950617 0.345679012345679 0.3950617283950617 0.4444444444444444 0.49382716049382713 0.4444444444444444 0.3950617283950617 0.4444444444444444 0.5802469135802469 0.6419753086419753 0.48148148148148145 0.5308641975308642 0.4567901234567901 0.38271604938271603 0.43209876543209874 0.5802469135802469 0.4567901234567901 0.4074074074074074 0.345679012345679 0.38271604938271603 0.43209876543209874 0.5061728395061729 0.4567901234567901 0.38271604938271603 0.43209876543209874 0.5925925925925926 0.4444444444444444 0.38271604938271603 0.4691358024691358 0.4074074074074074 0.345679012345679 0.5432098765432098 0.5061728395061729 0.4444444444444444 0.5802469135802469 0.5308641975308642 0.4691358024691358 0.4074074074074074 0.345679012345679 0.5061728395061729 0.7901234567901234 0.5185185185185185 0.4691358024691358 0.7407407407407407 0.48148148148148145 0.5308641975308642 0.38271604938271603 0.43209876543209874 0.48148148148148145 0.691358024691358 0.41975308641975306 0.4691358024691358 0.4444444444444444 0.38271604938271603 0.41975308641975306 0.48148148148148145 0.41975308641975306 0.4444444444444444
0.35802469135802467 0.2962962962962963 0.48148148148148145 0.6049382716049383 0.5432098765432098 0.4567901234567901 0.7654320987654321 0.7160493827160493 0.6666666666666666 0.6049382716049383 0.5432098765432098 0.7654320987654321 0.7160493827160493 0.4444444444444444 0.2962962962962963 0.41975308641975306 0.35802469135802467 0.5802469135802469 0.5308641975308642 0.48148148148148145 0.41975308641975306 0.3950617283950617 0.48148148148148145 0.41975308641975306 0.5925925925925926 0.5432098765432098 0.48148148148148145 0.48148148148148145 0.5432098765432098 0.38271604938271603 0.43209876543209874 0.2962962962962963 0.3333333333333333 0.4567901234567901 0.4074074074074074 0.35802469135802467 0.4074074074074074 0.4567901234567901 0.5061728395061729 0.4567901234567901 0.4074074074074074 0.43209876543209874 0.49382716049382713 0.3333333333333333 0.37037037037037035 0.35802469135802467 0.2962962962962963 0.41975308641975306 0.5185185185185185 0.4691358024691358 0.41975308641975306 0.35802469135802467 0.3950617283950617 0.5679012345679012 0.5185185185185185 0.4691358024691358 0.35802469135802467 0.48148148148148145 0.4444444444444444 0.5185185185185185 0.4567901234567901 0.6296296296296297 0.5802469135802469 0.6296296296296297 0.691358024691358 0.41975308641975306 0.4691358024691358 0.24691358024691357 0.30864197530864196 0.37037037037037035 0.41975308641975306 0.4691358024691358 0.345679012345679 0.5802469135802469 0.6419753086419753 0.48148148148148145 0.5308641975308642 0.38271604938271603 0.43209876543209874 0.5802469135802469 0.30864197530864196 0.2716049382716049 0.3333333333333333 0.38271604938271603 0.43209876543209874 0.35802469135802467 0.30864197530864196 0.38271604938271603 0.5432098765432098 0.5925925925925926 0.4444444444444444 0.49382716049382713 0.3950617283950617 0.345679012345679 0.3950617283950617 0.5432098765432098 0.3950617283950617 0.345679012345679 0.2962962962962963 0.345679012345679 0.3950617283950617 0.4444444444444444 0.3950617283950617 0.345679012345679 0.3950617283950617 0.5432098765432098 0.4074074074074074 0.3333333333333333 0.4074074074074074 0.35802469135802467 0.2962962962962963 0.49382716049382713 0.4691358024691358 0.3950617283950617 0.5185185185185185 0.4691358024691358 0.41975308641975306 0.35802469135802467 0.2962962962962963 0.4691358024691358 0.7407407407407407 0.4567901234567901 0.4074074074074074 0.691358024691358 0.41975308641975306 0.4691358024691358 0.30864197530864196 0.37037037037037035 0.41975308641975306 0.6419753086419753 0.38271604938271603 0.43209876543209874 0.38271604938271603 0.3333333333333333 0.38271604938271603 0.4444444444444444 0.37037037037037035 0.3950617283950617
0.30864197530864196 0.24691358024691357 0.43209876543209874 0.5308641975308642 0.49382716049382713 0.4074074074074074 0.7037037037037037 0.654320987654321 0.6049382716049383 0.5555555555555556 0.49382716049382713 0.7037037037037037 0.654320987654321 0.3950617283950617 0.24691358024691357 0.345679012345679 0.30864197530864196 0.5185185185185185 0.4691358024691358 0.41975308641975306 0.37037037037037035 0.345679012345679 0.4074074074074074 0.37037037037037035 0.5308641975308642 0.48148148148148145 0.43209876543209874 0.43209876543209874 0.49382716049382713 0.32098765432098764 0.37037037037037035 0.2222222222222222 0.2839506172839506 0.37037037037037035 0.32098765432098764 0.2839506172839506 0.345679012345679 0.3950617283950617 0.41975308641975306 0.37037037037037035 0.32098765432098764 0.38271604938271603 0.4444444444444444 0.2839506172839506 0.3333333333333333 0.2839506172839506 0.24691358024691357 0.38271604938271603 0.4567901234567901 0.4074074074074074 0.35802469135802467 0.30864197530864196 0.35802469135802467 0.5061728395061729 0.4567901234567901 0.4074074074074074 0.30864197530864196 0.41975308641975306 0.3950617283950617 0.4444444444444444 0.4074074074074074 0.5679012345679012 0.5185185185185185 0.5802469135802469 0.6419753086419753 0.3333333333333333 0.4074074074074074 0.1728395061728395 0.2345679012345679 0.2962962962962963 0.35802469135802467 0.4074074074074074 0.2716049382716049 0.5308641975308642 0.5925925925925926 0.41975308641975306 0.4691358024691358 0.2962962962962963 0.37037037037037035 0.5185185185185185 0.2345679012345679 0.19753086419753085 0.25925925925925924 0.32098765432098764 0.37037037037037035 0.2716049382716049 0.2345679012345679 0.2962962962962963 0.48148148148148145 0.5432098765432098 0.38271604938271603 0.43209876543209874 0.30864197530864196 0.25925925925925924 0.3333333333333333 0.48148148148148145 0.30864197530864196 0.25925925925925924 0.2222222222222222 0.2839506172839506 0.3333333333333333 0.35802469135802467 0.30864197530864196 0.25925925925925924 0.3333333333333333 0.49382716049382713 0.345679012345679 0.2962962962962963 0.345679012345679 0.2962962962962963 0.24691358024691357 0.4444444444444444 0.4074074074074074 0.35802469135802467 0.4567901234567901 0.4074074074074074 0.35802469135802467 0.30864197530864196 0.24691358024691357 0.4074074074074074 0.691358024691358 0.37037037037037035 0.3333333333333333 0.6419753086419753 0.3333333333333333 0.4074074074074074 0.2345679012345679 0.2962962962962963 0.35802469135802467 0.5925925925925926 0.2962962962962963 0.37037037037037035 0.2962962962962963 0.25925925925925924 0.32098765432098764 0.38271604938271603 0.3333333333333333 0.3333333333333333
0.25925925925925924 0.19753086419753085 0.35802469135802467 0.4691358024691358 0.41975308641975306 0.35802469135802467 0.6419753086419753 0.5925925925925926 0.5432098765432098 0.49382716049382713 0.4444444444444444 0.6419753086419753 0.5925925925925926 0.345679012345679 0.1728395061728395 0.2716049382716049 0.2345679012345679 0.43209876543209874 0.38271604938271603 0.3333333333333333 0.2962962962962963 0.2962962962962963 0.345679012345679 0.2962962962962963 0.4691358024691358 0.41975308641975306 0.37037037037037035 0.38271604938271603 0.4444444444444444 0.24691358024691357 0.32098765432098764 0.14814814814814814 0.20987654320987653 0.2839506172839506 0.24691358024691357 0.20987654320987653 0.2716049382716049 0.3333333333333333 0.3333333333333333 0.2839506172839506 0.24691358024691357 0.3333333333333333 0.3950617283950617 0.20987654320987653 0.2716049382716049 0.20987654320987653 0.1728395061728395 0.32098765432098764 0.37037037037037035 0.32098765432098764 0.2716049382716049 0.2345679012345679 0.2962962962962963 0.41975308641975306 0.37037037037037035 0.32098765432098764 0.2345679012345679 0.35802469135802467 0.345679012345679 0.38271604938271603 0.3333333333333333 0.5061728395061729 0.4567901234567901 0.5308641975308642 0.5925925925925926 0.25925925925925924 0.32098765432098764 0.09876543209876543 0.16049382716049382 0.2222222222222222 0.2839506172839506 0.345679012345679 0.19753086419753085 0.48148148148148145 0.5432098765432098 0.3333333333333333 0.41975308641975306 0.2222222222222222 0.2839506172839506 0.4567901234567901 0.16049382716049382 0.12345679012345678 0.18518518518518517 0.24691358024691357 0.30864197530864196 0.19753086419753085 0.16049382716049382 0.2222222222222222 0.43209876543209874 0.49382716049382713 0.2962962962962963 0.37037037037037035 0.2222222222222222 0.18518518518518517 0.24691358024691357 0.41975308641975306 0.2222222222222222 0.18518518518518517 0.14814814814814814 0.20987654320987653 0.2716049382716049 0.2716049382716049 0.2222222222222222 0.18518518518518517 0.24691358024691357 0.4444444444444444 0.25925925925925924 0.20987654320987653 0.25925925925925924 0.20987654320987653 0.1728395061728395 0.3950617283950617 0.345679012345679 0.2962962962962963 0.3950617283950617 0.345679012345679 0.2962962962962963 0.24691358024691357 0.19753086419753085 0.345679012345679 0.6419753086419753 0.2962962962962963 0.25925925925925924 0.5925925925925926 0.25925925925925924 0.32098765432098764 0.16049382716049382 0.2222222222222222 0.2839506172839506 0.5432098765432098 0.2222222222222222 0.2839506172839506 0.2222222222222222 0.18518518518518517 0.24691358024691357 0.2962962962962963 0.24691358024691357 0.24691358024691357
0.4567901234567901 0.3950617283950617 0.5802469135802469 0.7037037037037037 0.6419753086419753 0.5555555555555556 0.8641975308641975 0.8271604938271605 0.7654320987654321 0.7037037037037037 0.6419753086419753 0.8888888888888888 0.8271604938271605 0.5432098765432098 0.3950617283950617 0.5185185185185185 0.4567901234567901 0.6790123456790124 0.6419753086419753 0.5802469135802469 0.5185185185185185 0.49382716049382713 0.5802469135802469 0.5185185185185185 0.7037037037037037 0.6419753086419753 0.5802469135802469 0.5802469135802469 0.6419753086419753 0.4691358024691358 0.5185185185185185 0.3950617283950617 0.43209876543209874 0.5555555555555556 0.5185185185185185 0.4567901234567901 0.49382716049382713 0.5308641975308642 0.6296296296296297 0.5802469135802469 0.5185185185185185 0.5308641975308642 0.5925925925925926 0.43209876543209874 0.4691358024691358 0.4567901234567901 0.3950617283950617 0.5061728395061729 0.6172839506172839 0.5802469135802469 0.5185185185185185 0.4567901234567901 0.49382716049382713 0.691358024691358 0.6419753086419753 0.5802469135802469 0.4567901234567901 0.5802469135802469 0.5432098765432098 0.6172839506172839 0.5555555555555556 0.7407407407407407 0.6790123456790124 0.7283950617283951 0.7901234567901234 0.5185185185185185 0.5679012345679012 0.37037037037037035 0.43209876543209874 0.4691358024691358 0.5185185185185185 0.5679012345679012 0.49382716049382713 0.6790123456790124 0.7407407407407407 0.5802469135802469 0.6296296296296297 0.48148148148148145 0.5308641975308642 0.6790123456790124 0.43209876543209874 0.3950617283950617 0.43209876543209874 0.48148148148148145 0.5308641975308642 0.5061728395061729 0.4567901234567901 0.5061728395061729 0.6296296296296297 0.691358024691358 0.5185185185185185 0.5679012345679012 0.49382716049382713 0.43209876543209874 0.4691358024691358 0.6172839506172839 0.49382716049382713 0.4567901234567901 0.3950617283950617 0.43209876543209874 0.4691358024691358 0.5679012345679012 0.5185185185185185 0.4567901234567901 0.49382716049382713 0.6419753086419753 0.49382716049382713 0.43209876543209874 0.5185185185185185 0.4567901234567901 0.3950617283950617 0.5925925925925926 0.5555555555555556 0.49382716049382713 0.6172839506172839 0.5802469135802469 0.5185185185185185 0.4567901234567901 0.3950617283950617 0.5802469135802469 0.8395061728395061 0.5802469135802469 0.5308641975308642 0.7901234567901234 0.5432098765432098 0.5925925925925926 0.4444444444444444 0.49382716049382713 0.5432098765432098 0.7407407407407407 0.48148148148148145 0.5308641975308642 0.5061728395061729 0.43209876543209874 0.48148148148148145 0.5432098765432098 0.4691358024691358 0.49382716049382713
0.4074074074074074 0.345679012345679 0.5308641975308642 0.654320987654321 0.5925925925925926 0.5061728395061729 0.8024691358024691 0.7530864197530864 0.7160493827160493 0.654320987654321 0.5925925925925926 0.8271604938271605 0.7777777777777778 0.49382716049382713 0.345679012345679 0.4691358024691358 0.4074074074074074 0.6172839506172839 0.5679012345679012 0.5308641975308642 0.4691358024691358 0.4444444444444444 0.5308641975308642 0.4691358024691358 0.6296296296296297 0.5925925925925926 0.5308641975308642 0.5308641975308642 0.5925925925925926 0.41975308641975306 0.4691358024691358 0.345679012345679 0.38271604938271603 0.49382716049382713 0.4444444444444444 0.4074074074074074 0.4444444444444444 0.49382716049382713 0.5679012345679012 0.5185185185185185 0.4691358024691358 0.48148148148148145 0.5432098765432098 0.38271604938271603 0.41975308641975306 0.4074074074074074 0.345679012345679 0.4567901234567901 0.5555555555555556 0.5061728395061729 0.4691358024691358 0.4074074074074074 0.4444444444444444 0.6296296296296297 0.5802469135802469 0.5308641975308642 0.4074074074074074 0.5308641975308642 0.49382716049382713 0.5679012345679012 0.5061728395061729 0.6666666666666666 0.6296296296296297 0.6790123456790124 0.7407407407407407 0.4567901234567901 0.5061728395061729 0.2962962962962963 0.35802469135802467 0.41975308641975306 0.4567901234567901 0.5061728395061729 0.41975308641975306 0.6296296296296297 0.691358024691358 0.5185185185185185 0.5679012345679012 0.41975308641975306 0.4691358024691358 0.6172839506172839 0.35802469135802467 0.32098765432098764 0.38271604938271603 0.41975308641975306 0.4691358024691358 0.41975308641975306 0.38271604938271603 0.4444444444444444 0.5802469135802469 0.6419753086419753 0.48148148148148145 0.5308641975308642 0.43209876543209874 0.38271604938271603 0.43209876543209874 0.5802469135802469 0.43209876543209874 0.38271604938271603 0.345679012345679 0.38271604938271603 0.43209876543209874 0.5061728395061729 0.4567901234567901 0.4074074074074074 0.4567901234567901 0.5925925925925926 0.4444444444444444 0.38271604938271603 0.4444444444444444 0.4074074074074074 0.345679012345679 0.5432098765432098 0.5061728395061729 0.4444444444444444 0.5555555555555556 0.5061728395061729 0.4691358024691358 0.4074074074074074 0.345679012345679 0.5308641975308642 0.7901234567901234 0.5185185185185185 0.4691358024691358 0.7407407407407407 0.48148148148148145 0.5308641975308642 0.35802469135802467 0.43209876543209874 0.48148148148148145 0.691358024691358 0.4444444444444444 0.49382716049382713 0.4444444444444444 0.3950617283950617 0.4444444444444444 0.5061728395061729 0.43209876543209874 0.4567901234567901
0.19753086419753085 0.14814814814814814 0.2962962962962963 0.3950617283950617 0.345679012345679 0.2962962962962963 0.5432098765432098 0.49382716049382713 0.4444444444444444 0.3950617283950617 0.345679012345679 0.5432098765432098 0.49382716049382713 0.3333333333333333 0.14814814814814814 0.2222222222222222 0.18518518518518517 0.35802469135802467 0.30864197530864196 0.25925925925925924 0.2222222222222222 0.2716049382716049 0.2716049382716049 0.2345679012345679 0.37037037037037035 0.32098765432098764 0.2716049382716049 0.37037037037037035 0.43209876543209874 0.24691358024691357 0.30864197530864196 0.09876543209876543 0.16049382716049382 0.20987654320987653 0.1728395061728395 0.13580246913580246 0.19753086419753085 0.25925925925925924 0.25925925925925924 0.20987654320987653 0.1728395061728395 0.32098765432098764 0.38271604938271603 0.19753086419753085 0.25925925925925924 0.16049382716049382 0.12345679012345678 0.2839506172839506 0.2839506172839506 0.2345679012345679 0.19753086419753085 0.16049382716049382 0.2222222222222222 0.3333333333333333 0.2839506172839506 0.2345679012345679 0.16049382716049382 0.2345679012345679 0.2839506172839506 0.2962962962962963 0.25925925925925924 0.38271604938271603 0.3333333333333333 0.5185185185185185 0.5802469135802469 0.2222222222222222 0.30864197530864196 0.024691358024691357 0.08641975308641975 0.14814814814814814 0.2222222222222222 0.2839506172839506 0.12345679012345678 0.4691358024691358 0.5308641975308642 0.345679012345679 0.4074074074074074 0.1728395061728395 0.25925925925925924 0.43209876543209874 0.08641975308641975 0.04938271604938271 0.1111111111111111 0.1728395061728395 0.2345679012345679 0.12345679012345678 0.08641975308641975 0.14814814814814814 0.41975308641975306 0.48148148148148145 0.2962962962962963 0.35802469135802467 0.1728395061728395 0.13580246913580246 0.20987654320987653 0.38271604938271603 0.14814814814814814 0.1111111111111111 0.07407407407407407 0.13580246913580246 0.19753086419753085 0.18518518518518517 0.14814814814814814 0.1111111111111111 0.1728395061728395 0.43209876543209874 0.19753086419753085 0.16049382716049382 0.1728395061728395 0.13580246913580246 0.09876543209876543 0.35802469135802467 0.24691358024691357 0.20987654320987653 0.25925925925925924 0.20987654320987653 0.1728395061728395 0.13580246913580246 0.09876543209876543 0.20987654320987653 0.6296296296296297 0.2716049382716049 0.18518518518518517 0.5802469135802469 0.2222222222222222 0.30864197530864196 0.08641975308641975 0.14814814814814814 0.2222222222222222 0.5308641975308642 0.1728395061728395 0.25925925925925924 0.14814814814814814 0.1111111111111111 0.1728395061728395 0.24691358024691357 0.20987654320987653 0.1728395061728395
