0.0694074278303669 0.12037802898017952 0.05538706613975431 0.007403322815509195 0.010696525033442596 0.025880995415045596 0.12669382920278977 0.019442657435488977 0.07624401351999918 0.06892238254245422 0.07639207997630937 0.18657394643057726 0.004242869834267683 0.003002175045185798 0.04242869834267684 0.022189545487036527 0.022786917052150028 0.018926977708339714 0.03204362344147291 0.01095691776695361
0.010022878741085605 0.0 0.011930765159932133 0.0 0.010243261503021739 0.0 0.0 0.0 0.007907455172431813 0.0 0.007371859861439137 0.0 0.0 0.0 0.0 0.0 0.0 0.04270167205725528 0.0 0.0
0.0 0.04193337159739485 0.022236033809405614 0.0019129011564366638 0.05828200561734248 0.0 0.008606475896180396 0.0 0.017128623091588233 0.0 0.0 0.0 0.0 0.0522077395693451 0.0 0.0 0.021929436042353256 0.0 0.0 0.0
0.011930765159932133 0.022236033809405614 0.1455169088324965 0.088940236715699 0.09657618583003685 0.0 0.06014043811822489 0.0 0.04007684286970986 0.023365195792484167 0.08672733509108427 0.025571693977714458 0.0 0.0 0.018911617486399024 0.0 0.0 0.1141262735372145 0.06450290059524522 0.025201533424885292
0.0 0.0019129011564366638 0.088940236715699 0.42561100358623205 0.13288372533589976 0.0 0.031712604118212084 0.03752603990457787 0.05078946326033745 0.004392896533727986 0.010732943834391773 0.0 0.12630499987517257 0.0 0.06571785280949527 0.04072078967380294 0.04254173977740905 0.035781969125179836 0.04008355167229072 0.14685822818640448
0.010243261503021739 0.05828200561734248 0.09657618583003685 0.13288372533589976 0.4261637111747859 0.0 0.03385724071773666 0.09021922053114723 0.09696016077700947 0.047014261679085956 0.06928768989268336 0.05147351014216356 0.08406259583665449 0.0 0.11740554201114506 0.06366113921309308 0.1539414588165009 0.06677244094416823 0.19930272353727363 0.11870887792088924
0.0 0.0 0.0 0.0 0.0 0.016532181396269153 0.0 0.0 0.0 0.0 0.0 0.0 0.0 0.0 0.0 0.0 0.0 0.06051907889094893 0.0 0.0
0.0 0.008606475896180396 0.06014043811822489 0.031712604118212084 0.03385724071773666 0.0 0.04595382611435071 0.0 0.006651161017361323 0.0 0.0 0.0 0.0 0.004708857335499805 0.0 0.0 0.01300100962051473 0.0 0.0 0.0
0.0 0.0 0.0 0.03752603990457787 0.09021922053114723 0.0 0.0 0.01998713359602107 0.0 0.0 0.0 0.0 0.0 0.0 0.0 0.0 0.0 0.00040611135146662036 0.0419667803355388 0.029934955161156296
0.007907455172431813 0.017128623091588233 0.04007684286970986 0.05078946326033745 0.09696016077700947 0.0 0.006651161017361323 0.0 0.10625677511062578 0.005919612622200532 0.027436954726869106 0.023103922985945505 0.0 0.010000607625946845 0.0 0.0 0.04460340175189828 0.03322379115059704 0.028731521959219464 0.06993464723165133
0.0 0.0 0.023365195792484167 0.004392896533727986 0.047014261679085956 0.0 0.0 0.0 0.005919612622200532 0.008423036654801309 0.005211224419134908 0.0 0.0 0.0 0.0 0.0 0.0 0.05233665116098224 0.007990528790920604 0.010878223240141704
0.007371859861439137 0.0 0.08672733509108427 0.010732943834391773 0.06928768989268336 0.0 0.0 0.0 0.027436954726869106 0.005211224419134908 0.08152670488913147 0.006707928308393465 0.0 0.0 0.0 0.0 0.0 0.10276983520129335 0.039407330959878806 0.026777204026220858
0.0 0.0 0.025571693977714458 0.0 0.05147351014216356 0.0 0.0 0.0 0.023103922985945505 0.0 0.006707928308393465 0.003914803264865441 0.0 0.0 0.0 0.0 0.00023725502922147812 0.017393764592949168 0.020617963365957337 0.015670989737401442
0.0 0.0 0.0 0.12630499987517257 0.08406259583665449 0.0 0.0 0.0 0.0 0.0 0.0 0.0 0.05723438363415881 0.0 0.0 0.0 0.0 0.0 0.0 0.0
0.0 0.0522077395693451 0.0 0.0 0.0 0.0 0.004708857335499805 0.0 0.010000607625946845 0.0 0.0 0.0 0.0 0.3557299374149807 0.0 0.0 0.04959289496811653 0.0 0.0 0.0
0.0 0.0 0.018911617486399024 0.06571785280949527 0.11740554201114506 0.0 0.0 0.0 0.0 0.0 0.0 0.0 0.0 0.0 0.046153656819535635 0.0 0.0013448785181409961 0.0 0.0 0.0
0.0 0.0 0.0 0.04072078967380294 0.06366113921309308 0.0 0.0 0.0 0.0 0.0 0.0 0.0 0.0 0.0 0.0 0.0025460617153385103 0.027308569638103825 0.0 0.0 0.0
0.0 0.021929436042353256 0.0 0.04254173977740905 0.1539414588165009 0.0 0.01300100962051473 0.0 0.04460340175189828 0.0 0.0 0.00023725502922147812 0.0 0.04959289496811653 0.0013448785181409961 0.027308569638103825 0.14095164217595765 0.0 0.0 0.04731921721248894
0.04270167205725528 0.0 0.1141262735372145 0.035781969125179836 0.06677244094416823 0.06051907889094893 0.0 0.00040611135146662036 0.03322379115059704 0.05233665116098224 0.10276983520129335 0.017393764592949168 0.0 0.0 0.0 0.0 0.0 0.25112896803456125 0.09121180032099191 0.06048057585530203
0.0 0.0 0.06450290059524522 0.04008355167229072 0.19930272353727363 0.0 0.0 0.0419667803355388 0.028731521959219464 0.007990528790920604 0.039407330959878806 0.020617963365957337 0.0 0.0 0.0 0.0 0.0 0.09121180032099191 0.16908953392858167 0.051390808258464926
0.0 0.0 0.025201533424885292 0.14685822818640448 0.11870887792088924 0.0 0.0 0.029934955161156296 0.06993464723165133 0.010878223240141704 0.026777204026220858 0.015670989737401442 0.0 0.0 0.0 0.0 0.04731921721248894 0.06048057585530203 0.051390808258464926 0.17441212152841673
