0.04460345855694693 0.044841979725700656 0.045199761478831244 0.04555754323196184 0.0456768038163387 0.046630888491353606 0.04746571258199165 0.04806201550387597 0.048539057841383425 0.049016100178890874 0.04985092426952892 0.05008944543828265 0.05008944543828265 0.05199761478831246 0.05271317829457364 0.05450208706022659 0.05462134764460346 0.055456171735241505 0.05641025641025641 0.05867620751341682
0.0 0.21978021978021978 0.04395604395604396 0.0 0.21978021978021978 0.08791208791208792 0.0 0.0 0.0 0.2637362637362638 0.1318681318681319 0.0 0.3076923076923077 0.04395604395604396 0.2637362637362638 0.08791208791208792 0.08791208791208792 0.04395604395604396 0.0 0.0
0.21978021978021978 0.7142857142857143 0.2637362637362638 0.09890109890109894 0.43956043956043955 0.1978021978021978 0.3076923076923077 0.08791208791208789 0.21978021978021978 0.4835164835164836 0.2417582417582418 0.21978021978021978 0.5274725274725276 0.20879120879120883 0.7582417582417583 0.3626373626373626 0.25274725274725274 0.2637362637362638 0.09890109890109894 0.10989010989010989
0.04395604395604396 0.2637362637362638 0.14285714285714288 0.0 0.3186813186813187 0.1318681318681319 0.0 0.0 0.0 0.3626373626373626 0.23076923076923078 0.04395604395604396 0.40659340659340665 0.08791208791208792 0.25274725274725274 0.1318681318681319 0.18681318681318684 0.032967032967032975 0.0 0.0
0.0 0.09890109890109894 0.0 0.14285714285714288 0.09890109890109894 0.1318681318681319 0.1318681318681319 0.1318681318681319 0.0 0.25274725274725274 0.17582417582417584 0.0 0.3516483516483517 0.032967032967032975 0.3076923076923077 0.1318681318681319 0.07692307692307694 0.08791208791208792 0.08791208791208792 0.04395604395604396
0.21978021978021978 0.43956043956043955 0.3186813186813187 0.09890109890109894 0.7142857142857143 0.3076923076923077 0.14285714285714285 0.14285714285714285 0.21978021978021978 0.7582417582417583 0.40659340659340665 0.21978021978021978 0.8021978021978023 0.2637362637362638 0.4835164835164836 0.25274725274725274 0.3626373626373626 0.20879120879120883 0.09890109890109894 0.10989010989010989
0.08791208791208792 0.1978021978021978 0.1318681318681319 0.1318681318681319 0.3076923076923077 0.28571428571428575 0.1208791208791209 0.23076923076923078 0.0 0.40659340659340665 0.32967032967032966 0.0 0.5054945054945055 0.18681318681318684 0.29670329670329676 0.1208791208791209 0.23076923076923078 0.1318681318681319 0.18681318681318684 0.08791208791208792
0.0 0.3076923076923077 0.0 0.1318681318681319 0.14285714285714285 0.1208791208791209 0.28571428571428575 0.06593406593406595 0.0 0.3516483516483517 0.16483516483516483 0.0 0.3406593406593406 0.1318681318681319 0.46153846153846156 0.17582417582417584 0.17582417582417584 0.07692307692307694 0.07692307692307694 0.08791208791208792
0.0 0.08791208791208789 0.0 0.1318681318681319 0.14285714285714285 0.23076923076923078 0.06593406593406595 0.28571428571428575 0.0 0.3516483516483517 0.27472527472527475 0.0 0.4505494505494505 0.1318681318681319 0.2417582417582418 0.06593406593406595 0.17582417582417584 0.07692307692307694 0.18681318681318684 0.08791208791208792
0.0 0.21978021978021978 0.0 0.0 0.21978021978021978 0.0 0.0 0.0 0.0 0.2637362637362638 0.0 0.0 0.3076923076923077 0.0 0.2637362637362638 0.0 0.0 0.0 0.0 0.0
0.2637362637362638 0.4835164835164836 0.3626373626373626 0.25274725274725274 0.7582417582417583 0.40659340659340665 0.3516483516483517 0.3516483516483517 0.2637362637362638 0.8571428571428572 0.5054945054945055 0.2637362637362638 0.9010989010989012 0.3626373626373626 0.5274725274725276 0.3516483516483517 0.46153846153846156 0.3076923076923077 0.3076923076923077 0.2637362637362638
0.1318681318681319 0.2417582417582418 0.23076923076923078 0.17582417582417584 0.40659340659340665 0.32967032967032966 0.16483516483516483 0.27472527472527475 0.0 0.5054945054945055 0.4285714285714286 0.1318681318681319 0.6043956043956045 0.23076923076923078 0.3406593406593406 0.21978021978021978 0.32967032967032966 0.1208791208791209 0.23076923076923078 0.1318681318681319
0.0 0.21978021978021978 0.04395604395604396 0.0 0.21978021978021978 0.0 0.0 0.0 0.0 0.2637362637362638 0.1318681318681319 0.0 0.3076923076923077 0.0 0.2637362637362638 0.08791208791208792 0.08791208791208792 0.0 0.0 0.0
0.3076923076923077 0.5274725274725276 0.40659340659340665 0.3516483516483517 0.8021978021978023 0.5054945054945055 0.3406593406593406 0.4505494505494505 0.3076923076923077 0.9010989010989012 0.6043956043956045 0.3076923076923077 1.0 0.40659340659340665 0.5714285714285716 0.3406593406593406 0.5054945054945055 0.29670329670329676 0.40659340659340665 0.3076923076923077
0.04395604395604396 0.20879120879120883 0.08791208791208792 0.032967032967032975 0.2637362637362638 0.18681318681318684 0.1318681318681319 0.1318681318681319 0.0 0.3626373626373626 0.23076923076923078 0.0 0.40659340659340665 0.14285714285714288 0.3076923076923077 0.1318681318681319 0.18681318681318684 0.08791208791208792 0.08791208791208792 0.04395604395604396
0.2637362637362638 0.7582417582417583 0.25274725274725274 0.3076923076923077 0.4835164835164836 0.29670329670329676 0.46153846153846156 0.2417582417582418 0.2637362637362638 0.5274725274725276 0.3406593406593406 0.2637362637362638 0.5714285714285716 0.3076923076923077 0.8571428571428572 0.46153846153846156 0.3516483516483517 0.3626373626373626 0.25274725274725274 0.2637362637362638
0.08791208791208792 0.3626373626373626 0.1318681318681319 0.1318681318681319 0.25274725274725274 0.1208791208791209 0.17582417582417584 0.06593406593406595 0.0 0.3516483516483517 0.21978021978021978 0.08791208791208792 0.3406593406593406 0.1318681318681319 0.46153846153846156 0.28571428571428575 0.17582417582417584 0.18681318681318684 0.07692307692307694 0.08791208791208792
0.08791208791208792 0.25274725274725274 0.18681318681318684 0.07692307692307694 0.3626373626373626 0.23076923076923078 0.17582417582417584 0.17582417582417584 0.0 0.46153846153846156 0.32967032967032966 0.08791208791208792 0.5054945054945055 0.18681318681318684 0.3516483516483517 0.17582417582417584 0.28571428571428575 0.1318681318681319 0.1318681318681319 0.08791208791208792
0.04395604395604396 0.2637362637362638 0.032967032967032975 0.08791208791208792 0.20879120879120883 0.1318681318681319 0.07692307692307694 0.07692307692307694 0.0 0.3076923076923077 0.1208791208791209 0.0 0.29670329670329676 0.08791208791208792 0.3626373626373626 0.18681318681318684 0.1318681318681319 0.14285714285714288 0.032967032967032975 0.04395604395604396
0.0 0.09890109890109894 0.0 0.08791208791208792 0.09890109890109894 0.18681318681318684 0.07692307692307694 0.18681318681318684 0.0 0.3076923076923077 0.23076923076923078 0.0 0.40659340659340665 0.08791208791208792 0.25274725274725274 0.07692307692307694 0.1318681318681319 0.032967032967032975 0.14285714285714288 0.04395604395604396
0.0 0.10989010989010989 0.0 0.04395604395604396 0.10989010989010989 0.08791208791208792 0.08791208791208792 0.08791208791208792 0.0 0.2637362637362638 0.1318681318681319 0.0 0.3076923076923077 0.04395604395604396 0.2637362637362638 0.08791208791208792 0.08791208791208792 0.04395604395604396 0.04395604395604396 0.0
