0.0694074278303669 0.12037802898017952 0.05538706613975431 0.007403322815509195 0.010696525033442596 0.025880995415045596 0.12669382920278977 0.019442657435488977 0.07624401351999918 0.06892238254245422 0.07639207997630937 0.18657394643057726 0.004242869834267683 0.003002175045185798 0.04242869834267684 0.022189545487036527 0.022786917052150028 0.018926977708339714 0.03204362344147291 0.01095691776695361
0.007517159055814205 0.0 0.0 0.0 0.0 0.0 0.0 0.0 0.0 0.0 0.0 0.0 0.0 0.0 0.0 0.0 0.0 0.010057691210299452 0.0 0.0
0.0 0.03145002869804615 0.0 0.0 0.0 0.0 0.0 0.0 0.0 0.0 0.0 0.0 0.0 0.002499825942798184 0.0 0.0 0.0 0.0 0.0 0.0
0.0 0.0 0.10913768162437237 0.017549247663357914 0.02511610832912653 0.0 0.036206596249868994 0.0 0.00860513237681959 0.004122702606571951 0.05834688337588079 0.006892729965544228 0.0 0.0 0.0 0.0 0.0 0.0645455389288323 0.025177095250110443 0.0
0.0 0.0 0.017549247663357914 0.3192082526896741 0.0264118859907726 0.0 0.0 0.0 0.0 0.0 0.0 0.0 0.06594932647262369 0.0 0.006747270258774307 0.0 0.0 0.0 0.0 0.0718553375470734
0.0 0.0 0.02511610832912653 0.0264118859907726 0.3196227833810895 0.0 0.0 0.03445036493479636 0.030407599991333023 0.0 0.005826387884693696 0.0 0.02363783398553637 0.0 0.058365871011854864 0.010072417601827532 0.083052039647658 0.0 0.1248960678993527 0.043636898832988935
0.0 0.0 0.0 0.0 0.0 0.012399136047201866 0.0 0.0 0.0 0.0 0.0 0.0 0.0 0.0 0.0 0.0 0.0 0.027061435212095142 0.0 0.0
0.0 0.0 0.036206596249868994 0.0 0.0 0.0 0.03446536958576303 0.0 0.0 0.0 0.0 0.0 0.0 0.0 0.0 0.0 0.0 0.0 0.0 0.0
0.0 0.0 0.0 0.0 0.03445036493479636 0.0 0.0 0.014990350197015802 0.0 0.0 0.0 0.0 0.0 0.0 0.0 0.0 0.0 0.0 0.01833219689496346 0.0056350482706015725
0.0 0.0 0.00860513237681959 0.0 0.030407599991333023 0.0 0.0 0.0 0.07969258133296933 0.0 0.003964019726899443 0.009332475689009107 0.0 0.0 0.0 0.0 0.013702349591075358 0.0 0.0 0.03485103515177104
0.0 0.0 0.004122702606571951 0.0 0.0 0.0 0.0 0.0 0.0 0.006317277491100982 0.0 0.0 0.0 0.0 0.0 0.0 0.0 0.019892650574811932 0.0 0.0
0.0 0.0 0.05834688337588079 0.0 0.005826387884693696 0.0 0.0 0.0 0.003964019726899443 0.0 0.061145028666848594 0.0 0.0 0.0 0.0 0.0 0.0 0.06118787608583179 0.008080301107664695 0.0
0.0 0.0 0.006892729965544228 0.0 0.0 0.0 0.0 0.0 0.009332475689009107 0.0 0.0 0.002936102448649081 0.0 0.0 0.0 0.0 0.0 0.0 0.0 0.0
0.0 0.0 0.0 0.06594932647262369 0.02363783398553637 0.0 0.0 0.0 0.0 0.0 0.0 0.0 0.04292578772561911 0.0 0.0 0.0 0.0 0.0 0.0 0.0
0.0 0.002499825942798184 0.0 0.0 0.0 0.0 0.0 0.0 0.0 0.0 0.0 0.0 0.0 0.26679745306123553 0.0 0.0 0.0 0.0 0.0 0.0
0.0 0.0 0.0 0.006747270258774307 0.058365871011854864 0.0 0.0 0.0 0.0 0.0 0.0 0.0 0.0 0.0 0.03461524261465172 0.0 0.0 0.0 0.0 0.0
0.0 0.0 0.0 0.0 0.010072417601827532 0.0 0.0 0.0 0.0 0.0 0.0 0.0 0.0 0.0 0.0 0.001909546286503883 0.009371356651691809 0.0 0.0 0.0
0.0 0.0 0.0 0.0 0.083052039647658 0.0 0.0 0.0 0.013702349591075358 0.0 0.0 0.0 0.0 0.0 0.0 0.009371356651691809 0.10571373163196826 0.0 0.0 0.00789874674944216
0.010057691210299452 0.0 0.0645455389288323 0.0 0.0 0.027061435212095142 0.0 0.0 0.0 0.019892650574811932 0.06118787608583179 0.0 0.0 0.0 0.0 0.0 0.0 0.18834672602592095 0.03868448757559906 0.0072879396599297985
0.0 0.0 0.025177095250110443 0.0 0.1248960678993527 0.0 0.0 0.01833219689496346 0.0 0.0 0.008080301107664695 0.0 0.0 0.0 0.0 0.0 0.0 0.03868448757559906 0.12681715044643627 0.00845310132634014
0.0 0.0 0.0 0.0718553375470734 0.043636898832988935 0.0 0.0 0.0056350482706015725 0.03485103515177104 0.0 0.0 0.0 0.0 0.0 0.0 0.0 0.00789874674944216 0.0072879396599297985 0.00845310132634014 0.13080909114631256
