0.04816244421979189 0.037302535510420815 0.00807728047871417 0.0018023261750860318 0.05163434733327207 0.01292262761796812 0.038691296755812885 0.0022312083243982888 0.007627975369910854 0.01137048269664757 0.0023894862604540022 0.006989757885815234 0.05779186961982661 0.017844560855313545 0.02533978698853251 0.015286585179058298 0.008802295540646795 0.008638911864718317 0.03689918206047238 0.027662898630640566 0.009736645937362783 0.000270604213256543 0.0036250753096631234 0.028050934860970704 0.01991749124365612 0.03428504324561672 0.006698730713067631 0.0587109027969243 0.013121751473005953 0.014479878279161433 0.002573292895873541 0.0020014500301238653 0.06328564572292171 0.02419099551716039 0.017165497452235803 0.04004942356196836 0.006188156725791134 0.022434621000929245 0.005218066149965792 0.05194579746551073 0.003905891002665196 0.00047993954803990645 3.063443923658977e-05 0.006290271523246433 0.007617763890165324 0.002864320068621144 0.016644711985213778 0.0031961931603508667 0.061901990217402406 0.04565042020239153
0.06234067685774107 0.0 0.0 0.0 0.010902343435940764 0.08393422629007574 0.0 0.0 0.0 0.09493643448992659 0.035723766312815985 0.10212313339408541 0.0 0.0 0.0 0.0 0.0 0.03187613561748889 0.0 0.07959806714277917 0.006245316360318748 0.0 0.020234569931075475 0.016915155466318055 0.04330613696957003 0.0 0.0 0.0 0.0 0.0 0.0 0.052204643504911996 0.0 0.057378253480435876 0.0 0.024175851485199476 0.024772646503112145 0.040453697385586906 0.10434165478734414 0.0 0.09336884643095189 0.0 0.0 0.04211156845599717 0.029193539451178196 0.0 0.0 0.0 0.021153585169642497 0.0026940845314555872
0.0 0.010087300068516925 0.0 0.0 0.0 0.0 0.0 0.0 0.0 0.0 0.0891734447672114 0.04403376553221394 0.0 0.0 0.0 0.0 0.0 0.0 0.02636592311409061 7.492554414767483e-05 0.0 0.0 0.0 0.0 0.0 0.011403830779592991 0.027002381825752764 0.0 0.0 0.0 0.0 0.0 0.0 0.0 0.003011093008086621 0.0 0.0 0.0 0.0 0.0 0.034086354833952726 0.0 0.0 0.0 0.0 0.0 0.0 0.0 0.0 0.0
0.0 0.0 0.010124628065739216 0.07183637437377971 0.0 0.04608050039704778 0.0 0.0 0.0 0.0 0.0 0.09843035606674205 0.0 0.0 0.0 0.0 0.0 0.0 0.0 0.0 0.0 0.0 0.04778597623332814 0.0 0.0 0.0 0.0 0.0 0.0 0.0 0.0 0.06749861005056917 0.0 0.0 0.0 0.0 0.0 0.0 0.04777901738132828 0.0 0.08485563961914766 0.0 0.0 0.05114828545641145 0.011132540814978137 0.0 0.0 0.0 0.0 0.0
0.0 0.0 0.07183637437377971 0.4067514621468832 0.0 0.024091692317313118 0.0 0.18121410348485156 0.0 0.0 0.0 0.1615643130230332 0.0 0.0 0.0 0.0 0.0 0.0 0.0 0.002758464588193732 0.0 0.0 0.09913619475053392 0.0 0.0 0.0 0.0 0.0 0.0 0.010144734422222246 0.11546333407317777 0.020683412622493402 0.0 0.0 0.0 0.0 0.09789064708424461 0.0 0.0880109750262612 0.0 0.33691209196173233 0.0 0.0 0.0 0.030543722164530607 0.0 0.0 0.04514215698002605 0.0 0.0
0.010902343435940764 0.0 0.0 0.0 0.004970660709705045 0.046599786876021926 0.0 0.0 0.0 0.0483232963696473 0.04659668729722671 0.06066902739021601 0.0 0.0 0.0 0.0 0.0 0.0 0.0 0.032984929022499915 0.0 0.0 0.03451578070001701 0.02395463832219065 0.0050047338902246 0.0 0.0 0.0 0.0 0.0 0.0 0.0035091513783847006 0.0 0.021132330151493767 0.0 0.009072778832960891 0.01052390392324512 0.025576832789972317 0.05446659068841625 0.0 0.057418931135838125 0.0 0.0 0.000657462452127805 0.0 0.0 0.0 0.0 0.0 0.0
0.08393422629007574 0.0 0.04608050039704778 0.024091692317313118 0.046599786876021926 0.22699266693006165 0.004013525232175408 0.0 0.0 0.09194202652014244 0.0 0.22792632141217062 0.025998329800595604 0.0 0.0 0.024454803590484187 0.0 0.0 0.01502349393649427 0.12144805006356946 0.005190017862305052 0.0 0.0701736057219492 0.05447967350129018 0.1329749403236029 0.0648280214992738 0.0 0.0474023184075108 0.0 0.047244489647410154 0.0 0.18471821919806075 0.017082451246622554 0.05259917727709723 0.05645467282148292 0.036072840020464986 0.06848719251249097 0.08213447284843339 0.20856356283390837 0.028419079169199085 0.13110647571765743 0.0 0.0 0.17689781123191678 0.1351340941512717 0.0 0.0 0.0 0.07336903979600182 0.03010875431835844
0.0 0.0 0.0 0.0 0.0 0.004013525232175408 0.02263396644614204 0.0 0.0 0.034382274222824805 0.0 0.024340849441513546 0.0 0.0 0.0 0.0 0.0 0.0 0.0 0.010885999206604435 0.009197722385194146 0.0 0.014663143704111564 0.044172745268281244 0.0 0.0 0.0 0.0 0.0 0.0 0.0 0.0 0.0 0.008164571791063224 0.0 0.0 0.0 0.018501848406558705 0.053881872850067236 0.0 0.03591235732110648 0.0 0.0 0.0 0.0 0.0 0.0 0.0 0.0 0.0
0.0 0.0 0.0 0.18121410348485156 0.0 0.0 0.0 0.3190934700228809 0.006786603999152152 0.0 0.0 0.14680509601371916 0.0 0.0 0.0 0.0 0.0 0.0 0.0 0.0 0.0 0.0 0.040206610538566445 0.0 0.0 0.0 0.0 0.0 0.0075756848739850224 0.0 0.06724821207549142 0.0 0.0 0.0 0.0 0.0 0.0 0.0 0.0 0.0 0.34342206130567665 0.0 0.0 0.0 0.0 0.0 0.0 0.0 0.0 0.0
0.0 0.0 0.0 0.0 0.0 0.0 0.0 0.006786603999152152 0.09285626470192485 0.004691296283800772 0.03239214511409333 0.11575809520528041 0.0 0.008884266793594983 0.0 0.025106914254881485 0.0 0.02319091984595617 0.0 0.01334534782678462 0.0 0.0 0.046621621563724625 0.0 0.0 0.0 0.0 0.0 0.0 0.0 0.0 0.0 0.0 0.0 0.040188863602006825 0.0 0.0 0.0 0.0 0.0 0.09635603552986466 0.0 0.0 0.046328903393806076 0.0 0.0 0.03269327419521631 0.0 0.0 0.0
0.09493643448992659 0.0 0.0 0.0 0.0483232963696473 0.09194202652014244 0.034382274222824805 0.0 0.004691296283800772 0.2361847175627304 0.0 0.0928756810022513 0.044020167178634745 0.0 0.05665103333503582 0.045430728415531973 0.04707275753592341 0.0 0.024896167372326528 0.15172349015584746 0.14674941190452628 0.0 0.035488672565375634 0.0643523469371225 0.09277780987614576 0.07470069493510606 0.0 0.04141845918361753 0.0 0.01947510477472178 0.0 0.049667578788141487 0.035033090523764104 0.12257467369176356 0.07447651019952206 0.029647185571883505 0.029132014162578934 0.1319441400021532 0.21735354788742928 0.03355421304191494 0.1357840726582914 0.0 0.0 0.04184717082199757 0.03990594028620226 0.0 0.0007282086623462414 0.0 0.0828395400197536 0.0492231844592709
0.035723766312815985 0.0891734447672114 0.0 0.0 0.04659668729722671 0.0 0.0 0.0 0.03239214511409333 0.0 0.4318800717948875 0.03037565149947241 0.07861914287382421 0.01694669455684733 0.0 0.08926056556060757 0.0 0.10897383777453484 0.15681365970009226 0.05059316652991658 0.0 0.0 0.16191130348561422 0.132414945293791 0.026034579242853073 0.09214703439264865 0.13257277213819163 0.09735787756313385 0.06368054100644827 0.0 0.0 0.0 0.08646259207850021 0.004668648858687896 0.08028388805242559 0.06871886935515337 0.02544175436656959 0.05564088939006101 0.0 0.07907991739926035 0.1484768737134935 0.0 0.0 0.019754862309215304 0.0 0.0 0.13433641748466985 0.0 0.07906154599220233 0.0
0.10212313339408541 0.04403376553221394 0.09843035606674205 0.1615643130230332 0.06066902739021601 0.22792632141217062 0.024340849441513546 0.14680509601371916 0.11575809520528041 0.0928756810022513 0.03037565149947241 0.4810885107377544 0.04856710049367052 0.09657684997055255 0.0011525863736224773 0.07523423754138964 0.0 0.17006345190273675 0.11339345589000799 0.12238170454567843 0.025517342071643134 0.0 0.19349415362050526 0.12004508338369824 0.16706694727133142 0.07658106057423242 0.18022476931349452 0.09976910174754255 0.08776027517056167 0.08071496846234893 0.09428214536765939 0.31644447275382037 0.0755359853068619 0.06781403168879763 0.15515247198857196 0.09685892763364379 0.07483779700455884 0.08306812733054231 0.12796558894668386 0.06260931154471905 0.17832367771675883 0.0 0.0 0.29889153724060413 0.16428728157101424 0.0 0.15184383353764375 0.14800533122657028 0.09934879152810866 0.05043607852769655
0.0 0.0 0.0 0.0 0.0 0.025998329800595604 0.0 0.0 0.0 0.044020167178634745 0.07861914287382421 0.04856710049367052 0.021067453256728187 0.0 0.0 0.0 0.0 0.0 0.0165274893514578 0.030863360621096098 0.0 0.0 0.0019686283916947045 0.024224934242410262 0.0 0.02607569011855944 0.03153571678720937 0.0 0.0 0.0 0.0 0.0 0.0 0.0 0.00012923771091664926 0.0 0.0 0.02994299620184862 0.0 0.0 0.06487478991090118 0.0 0.0 0.0 0.0 0.0 0.0 0.0 0.007828472090709936 0.0
0.0 0.0 0.0 0.0 0.0 0.0 0.0 0.0 0.008884266793594983 0.0 0.01694669455684733 0.09657684997055255 0.0 0.010935658385790248 0.0 0.0 0.0 0.006541834621020842 0.0 0.0016418295637713187 0.0 0.0 0.05639383849479174 0.0 0.0 0.0 0.0 0.0 0.0 0.0 0.0 0.0 0.0 0.0 0.025245776952019836 0.0 0.0 0.0 0.0 0.0 0.0870132820853563 0.0 0.0 0.039277671009072174 0.0 0.0 0.0 0.0 0.0 0.0
0.0 0.0 0.0 0.0 0.0 0.0 0.0 0.0 0.0 0.05665103333503582 0.0 0.0011525863736224773 0.0 0.0 0.01522018312864475 0.0 0.0 0.0 0.0 0.0 0.04217377753218585 0.0 0.0 0.0 0.0 0.0 0.0 0.0 0.0 0.0 0.0 0.0 0.0 0.014467752061004549 0.0 0.0 0.0 0.0 0.07615063196227823 0.0 0.0 0.0 0.0 0.0 0.0 0.0 0.0 0.0 0.0 0.0
0.0 0.0 0.0 0.0 0.0 0.024454803590484187 0.0 0.0 0.025106914254881485 0.045430728415531973 0.08926056556060757 0.07523423754138964 0.0 0.0 0.0 0.10006253947896085 0.0 0.028506700499816878 0.02116633187370029 0.05942964637443354 0.0 0.0 0.07774298221918768 0.03808443744458928 0.0 0.04205306237003156 0.05827491963932446 0.004321824654758194 0.0 0.0 0.0 0.005855747072737949 0.018769994767525597 0.0 0.037954036625574616 0.0 0.0 0.027846257532904428 0.0 0.0 0.14322332480617989 0.0 0.0 0.03378375632104352 0.0 0.0 0.03009087892585427 0.0 0.009339053234062075 0.0
0.0 0.0 0.0 0.0 0.0 0.0 0.0 0.0 0.0 0.04707275753592341 0.0 0.0 0.0 0.0 0.0 0.0 0.02900123712296363 0.0 0.0 0.0 0.017119337498865406 0.0 0.0 0.0 0.0 0.0 0.0 0.0 0.0 0.0 0.0 0.0 0.0 0.0 0.0 0.0 0.0 0.0 0.05109619192895781 0.0 0.0 0.0 0.0 0.0 0.0 0.0 0.0 0.0 0.0 0.0
0.03187613561748889 0.0 0.0 0.0 0.0 0.0 0.0 0.0 0.02319091984595617 0.0 0.10897383777453484 0.17006345190273675 0.0 0.006541834621020842 0.0 0.028506700499816878 0.0 0.14403155150799876 0.0266769502338626 0.04697660036276191 0.0 0.0 0.12040591368002679 0.06549588431801184 0.0 0.0 0.06228884481343827 0.013667897937216372 0.0 0.0 0.0 0.029572696275310784 0.0 0.018128427529834568 0.031204748215980516 0.037778961813657475 0.040740904841072734 0.009905991024152183 0.00991662516126085 0.0 0.08020827397649632 0.0 0.0 0.0773619012497953 0.0 0.0 0.035273540317305674 0.0 0.0 0.01762787635454971
0.0 0.02636592311409061 0.0 0.0 0.0 0.01502349393649427 0.0 0.0 0.0 0.024896167372326528 0.15681365970009226 0.11339345589000799 0.0165274893514578 0.0 0.0 0.02116633187370029 0.0 0.0266769502338626 0.10072458634226678 0.027468203756251336 0.0 0.0 0.07179395665841426 0.07575529166449399 0.0 0.03077735318183486 0.08516159712046945 0.03808051418098231 0.0 0.0 0.0 0.0 0.024370938556133842 0.0 0.04604100460632027 0.021187092145283526 0.0 0.00782227250797049 0.0 0.025215943685179806 0.08616555762954337 0.0 0.0 0.05338189095191981 0.0 0.0 0.03376379305397209 0.0 0.019672468747129565 0.0
0.07959806714277917 7.492554414767483e-05 0.0 0.002758464588193732 0.032984929022499915 0.12144805006356946 0.010885999206604435 0.0 0.01334534782678462 0.15172349015584746 0.05059316652991658 0.12238170454567843 0.030863360621096098 0.0016418295637713187 0.0 0.05942964637443354 0.0 0.04697660036276191 0.027468203756251336 0.1543800917112776 0.04608918034675186 0.0 0.03814527412080582 0.03741242975180656 0.06659329915030554 0.0772727313190309 0.0015609793198080868 0.01263576479711831 0.0 0.0 0.0 0.07917360233156856 0.027797207177631122 0.07744048899983938 0.0723224187304993 0.034569004114418794 0.0 0.09634094766710818 0.13297688565205162 0.01813128052326221 0.13844067421372164 0.0 0.0 0.07135319436542459 0.05937255699131255 0.0 0.009592513523296736 0.0 0.06750117267260622 0.033884817112123516
0.006245316360318748 0.0 0.0 0.0 0.0 0.005190017862305052 0.009197722385194146 0.0 0.0 0.14674941190452628 0.0 0.025517342071643134 0.0 0.0 0.04217377753218585 0.0 0.017119337498865406 0.0 0.0 0.04608918034675186 0.15897268661419733 0.0 0.0 0.0 0.0 0.0 0.0 0.0 0.0 0.0 0.0 0.0 0.0 0.06946225233284764 0.0 0.0 0.0 0.02166931105730968 0.19294954104428969 0.0 0.00859214311607992 0.0 0.0 0.0 0.013718655057432028 0.0 0.0 0.0 0.0 0.01617933611808625
0.0 0.0 0.0 0.0 0.0 0.0 0.0 0.0 0.0 0.0 0.0 0.0 0.0 0.0 0.0 0.0 0.0 0.0 0.0 0.0 0.0 0.0067193660377142805 0.0 0.0 0.0 0.0 0.0 0.0 0.0 0.0 0.0 0.0 0.0 0.0 0.0 0.0 0.0 0.0 0.0 0.0 0.0 0.0 0.0 0.0 0.0 0.0 0.0 0.0 0.0 0.0
0.020234569931075475 0.0 0.04778597623332814 0.09913619475053392 0.03451578070001701 0.0701736057219492 0.014663143704111564 0.040206610538566445 0.046621621563724625 0.035488672565375634 0.16191130348561422 0.19349415362050526 0.0019686283916947045 0.05639383849479174 0.0 0.07774298221918768 0.0 0.12040591368002679 0.07179395665841426 0.03814527412080582 0.0 0.0 0.2533792856337982 0.07605094699484527 0.030174811475797758 0.0 0.1152263105245176 0.05878490436176806 0.0 0.044986804349709086 0.0 0.04888551958465687 0.02893751320488605 0.0031250954845212786 0.06487264122238018 0.07956098550396434 0.15516815442962867 0.012011611059244864 0.04472347279264499 0.031609447845057315 0.21610964749944872 0.0 0.0 0.11017336022704216 0.06735259108465785 0.0 0.08383652178302442 0.0 0.025609658968777205 0.02015007699569224
0.016915155466318055 0.0 0.0 0.0 0.02395463832219065 0.05447967350129018 0.044172745268281244 0.0 0.0 0.0643523469371225 0.132414945293791 0.12004508338369824 0.024224934242410262 0.0 0.0 0.03808443744458928 0.0 0.06549588431801184 0.07575529166449399 0.03741242975180656 0.0 0.0 0.07605094699484527 0.13935627937432857 0.01855661346088766 0.009883537564792988 0.0833827580836825 0.05642023540892965 0.0 0.0 0.0 0.049683224053833186 0.022819867699713114 0.028686327777526804 0.0415414677589169 0.06909459327643433 0.0439091033673428 0.04660504634373483 0.04552117726182131 0.04305902166062339 0.09640799463746252 0.0 0.0 0.0690165732034444 0.0026594115867048795 0.0 0.020434870932144383 0.0 0.028562825061278135 0.01899386769348084
0.04330613696957003 0.0 0.0 0.0 0.0050047338902246 0.1329749403236029 0.0 0.0 0.0 0.09277780987614576 0.026034579242853073 0.16706694727133142 0.0 0.0 0.0 0.0 0.0 0.0 0.0 0.06659329915030554 0.0 0.0 0.030174811475797758 0.01855661346088766 0.11127854187595859 0.013351382053991057 0.0 0.01533550705366836 0.0 0.0197595549325051 0.0 0.12288490992453022 0.0 0.011971087956591492 0.008086987181125965 0.028603103165578875 0.008715375340243997 0.027279721935169476 0.13144388394404416 0.0 0.10886019665979063 0.0 0.0 0.11150330437025957 0.054532949353696125 0.0 0.0 0.0 0.03744597975559927 0.0
0.0 0.011403830779592991 0.0 0.0 0.0 0.0648280214992738 0.0 0.0 0.0 0.07470069493510606 0.09214703439264865 0.07658106057423242 0.02607569011855944 0.0 0.0 0.04205306237003156 0.0 0.0 0.03077735318183486 0.0772727313190309 0.0 0.0 0.0 0.009883537564792988 0.013351382053991057 0.08435746431770214 0.0437233795083678 0.002864557734278614 0.0 0.0 0.0 0.017503073508241596 0.014681331611943446 0.0 0.02725293777860502 0.0 0.0 0.05762680007075005 0.00840606031976776 0.0046083028994551994 0.10600163423458397 0.0 0.0 0.02655580360028509 0.0 0.0 0.014975726226256841 0.0 0.03891117305926173 0.0
0.0 0.027002381825752764 0.0 0.0 0.0 0.0 0.0 0.0 0.0 0.0 0.13257277213819163 0.18022476931349452 0.03153571678720937 0.0 0.0 0.05827491963932446 0.0 0.06228884481343827 0.08516159712046945 0.0015609793198080868 0.0 0.0 0.1152263105245176 0.0833827580836825 0.0 0.0437233795083678 0.21223999878047833 0.044104775543730323 0.04812766200395019 0.0 0.0 0.0 0.045280078388298506 0.0 0.0410265950042174 0.003987335105231443 0.0 0.006608702179952519 0.0 0.016643962170908827 0.10179188075239698 0.0 0.0 0.0 0.0 0.0 0.10162876434189133 0.0 0.030029358782093868 0.0
0.0 0.0 0.0 0.0 0.0 0.0474023184075108 0.0 0.0 0.0 0.04141845918361753 0.09735787756313385 0.09976910174754255 0.0 0.0 0.0 0.004321824654758194 0.0 0.013667897937216372 0.03808051418098231 0.01263576479711831 0.0 0.0 0.05878490436176806 0.05642023540892965 0.01533550705366836 0.002864557734278614 0.044104775543730323 0.03728114833999143 0.0 0.0 0.0 0.03574335544756624 0.0 0.0 0.0 0.0246282883421145 0.0 0.0129994268886236 0.034671816524444676 0.0 0.09834280886585206 0.0 0.0 0.04874059156728877 0.0 0.0 0.0 0.0 0.012790185616933056 0.0
0.0 0.0 0.0 0.0 0.0 0.0 0.0 0.0075756848739850224 0.0 0.0 0.06368054100644827 0.08776027517056167 0.0 0.0 0.0 0.0 0.0 0.0 0.0 0.0 0.0 0.0 0.0 0.0 0.0 0.0 0.04812766200395019 0.0 0.010255584286289834 0.0 0.0 0.0 0.0 0.0 0.0 0.0 0.0 0.0 0.0 0.0 0.07273146753663512 0.0 0.0 0.0 0.0 0.0 0.008952406588647932 0.0 0.0 0.0
0.0 0.0 0.0 0.010144734422222246 0.0 0.047244489647410154 0.0 0.0 0.0 0.01947510477472178 0.0 0.08071496846234893 0.0 0.0 0.0 0.0 0.0 0.0 0.0 0.0 0.0 0.0 0.044986804349709086 0.0 0.0197595549325051 0.0 0.0 0.0 0.0 0.005764141043721338 0.0 0.04544180867417963 0.0 0.0 0.0 0.0 0.017802926312918993 0.0 0.0641458784521966 0.0 0.0758197853299713 0.0 0.0 0.029091484080021962 0.02749940188584646 0.0 0.0 0.0 0.0 0.0
0.0 0.0 0.0 0.11546333407317777 0.0 0.0 0.0 0.06724821207549142 0.0 0.0 0.0 0.09428214536765939 0.0 0.0 0.0 0.0 0.0 0.0 0.0 0.0 0.0 0.0 0.0 0.0 0.0 0.0 0.0 0.0 0.0 0.0 0.04824299682539959 0.0 0.0 0.0 0.0 0.0 0.0 0.0 0.0 0.0 0.12641466409874696 0.0 0.0 0.0 0.0 0.0 0.0 0.0 0.0 0.0
0.052204643504911996 0.0 0.06749861005056917 0.020683412622493402 0.0035091513783847006 0.18471821919806075 0.0 0.0 0.0 0.049667578788141487 0.0 0.31644447275382037 0.0 0.0 0.0 0.005855747072737949 0.0 0.029572696275310784 0.0 0.07917360233156856 0.0 0.0 0.04888551958465687 0.049683224053833186 0.12288490992453022 0.017503073508241596 0.0 0.03574335544756624 0.0 0.04544180867417963 0.0 0.32505475918368354 0.0 0.010654155676966315 0.03187042491287356 0.04763399404775298 0.040893441129522035 0.027877670323015025 0.08665329091418883 0.005449435532887736 0.13744674039160643 0.0 0.0 0.19199704358767278 0.12901412178284488 0.0 0.0 0.06361121085281812 0.03701834211600641 0.015162918739527242
0.0 0.0 0.0 0.0 0.0 0.017082451246622554 0.0 0.0 0.0 0.035033090523764104 0.08646259207850021 0.0755359853068619 0.0 0.0 0.0 0.018769994767525597 0.0 0.0 0.024370938556133842 0.027797207177631122 0.0 0.0 0.02893751320488605 0.022819867699713114 0.0 0.014681331611943446 0.045280078388298506 0.0 0.0 0.0 0.0 0.0 0.011598361784888312 0.0 0.029257541201686624 0.0 0.0 0.017228597732952267 0.0 0.0 0.06180863646743617 0.0 0.0 0.02510244932868133 0.0 0.0 0.017522708990898653 0.0 0.0 0.0
0.057378253480435876 0.0 0.0 0.0 0.021132330151493767 0.05259917727709723 0.008164571791063224 0.0 0.0 0.12257467369176356 0.004668648858687896 0.06781403168879763 0.0 0.0 0.014467752061004549 0.0 0.0 0.018128427529834568 0.0 0.07744048899983938 0.06946225233284764 0.0 0.0031250954845212786 0.028686327777526804 0.011971087956591492 0.0 0.0 0.0 0.0 0.0 0.0 0.010654155676966315 0.0 0.09635697126000195 0.0 0.020342645885738614 0.03923719603010553 0.0694035532711034 0.1325769946229997 0.0 0.06953931326704893 0.0 0.0 0.007802466750709447 0.02691309316596105 0.0 0.0 0.0 0.0002981046980487234 0.016904430114090735
0.0 0.003011093008086621 0.0 0.0 0.0 0.05645467282148292 0.0 0.0 0.040188863602006825 0.07447651019952206 0.08028388805242559 0.15515247198857196 0.00012923771091664926 0.025245776952019836 0.0 0.037954036625574616 0.0 0.031204748215980516 0.04604100460632027 0.0723224187304993 0.0 0.0 0.06487264122238018 0.0415414677589169 0.008086987181125965 0.02725293777860502 0.0410265950042174 0.0 0.0 0.0 0.0 0.03187042491287356 0.029257541201686624 0.0 0.11412979946444465 0.0 0.0 0.004553485536627738 0.01731457222167737 0.0 0.07540798272049049 0.0 0.0 0.09671946314338559 0.0 0.0 0.036762389595237005 0.0 0.017080687570692282 0.0
0.024175851485199476 0.0 0.0 0.0 0.009072778832960891 0.036072840020464986 0.0 0.0 0.0 0.029647185571883505 0.06871886935515337 0.09685892763364379 0.0 0.0 0.0 0.0 0.0 0.037778961813657475 0.021187092145283526 0.034569004114418794 0.0 0.0 0.07956098550396434 0.06909459327643433 0.028603103165578875 0.0 0.003987335105231443 0.0246282883421145 0.0 0.0 0.0 0.04763399404775298 0.0 0.020342645885738614 0.0 0.06956244153590206 0.05425610352814089 0.0012281532768895487 0.06617682941480257 0.0 0.1034100359817906 0.0 0.0 0.03625238849348239 0.01954265506011979 0.0 0.0 0.0 0.0 0.004009533187526421
0.024772646503112145 0.0 0.0 0.09789064708424461 0.01052390392324512 0.06848719251249097 0.0 0.0 0.0 0.029132014162578934 0.02544175436656959 0.07483779700455884 0.0 0.0 0.0 0.0 0.0 0.040740904841072734 0.0 0.0 0.0 0.0 0.15516815442962867 0.0439091033673428 0.008715375340243997 0.0 0.0 0.0 0.0 0.017802926312918993 0.0 0.040893441129522035 0.0 0.03923719603010553 0.0 0.05425610352814089 0.15670785874586957 0.0 0.08696238109236493 0.0 0.18877167826835473 0.0 0.0 0.022619338420158674 0.05684031466479528 0.0 0.0 0.0 0.0 0.009335471090201969
0.040453697385586906 0.0 0.0 0.0 0.025576832789972317 0.08213447284843339 0.018501848406558705 0.0 0.0 0.1319441400021532 0.05564088939006101 0.08306812733054231 0.02994299620184862 0.0 0.0 0.027846257532904428 0.0 0.009905991024152183 0.00782227250797049 0.09634094766710818 0.02166931105730968 0.0 0.012011611059244864 0.04660504634373483 0.027279721935169476 0.05762680007075005 0.006608702179952519 0.0129994268886236 0.0 0.0 0.0 0.027877670323015025 0.017228597732952267 0.0694035532711034 0.004553485536627738 0.0012281532768895487 0.0 0.11487024513779717 0.11311297032685202 0.012422168275217166 0.11230701115216063 0.0 0.0 0.032039617150288524 0.0 0.0 0.0 0.0 0.060093076440078635 0.0
0.10434165478734414 0.0 0.04777901738132828 0.0880109750262612 0.05446659068841625 0.20856356283390837 0.053881872850067236 0.0 0.0 0.21735354788742928 0.0 0.12796558894668386 0.0 0.0 0.07615063196227823 0.0 0.05109619192895781 0.00991662516126085 0.0 0.13297688565205162 0.19294954104428969 0.0 0.04472347279264499 0.04552117726182131 0.13144388394404416 0.00840606031976776 0.0 0.034671816524444676 0.0 0.0641458784521966 0.0 0.08665329091418883 0.0 0.1325769946229997 0.01731457222167737 0.06617682941480257 0.08696238109236493 0.11311297032685202 0.34018257690802334 0.022498142259947007 0.12809964938934404 0.0 0.0 0.1264320253413686 0.1563572022721395 0.09842387384522411 0.0 0.0 0.04786859257059389 0.0687227830865133
0.0 0.0 0.0 0.0 0.0 0.028419079169199085 0.0 0.0 0.0 0.03355421304191494 0.07907991739926035 0.06260931154471905 0.0 0.0 0.0 0.0 0.0 0.0 0.025215943685179806 0.01813128052326221 0.0 0.0 0.031609447845057315 0.04305902166062339 0.0 0.0046083028994551994 0.016643962170908827 0.0 0.0 0.0 0.0 0.005449435532887736 0.0 0.0 0.0 0.0 0.0 0.012422168275217166 0.022498142259947007 0.020836577572845273 0.05214270981306729 0.0 0.0 0.0025977466066308408 0.0 0.0 0.0 0.0 0.0 0.0
0.09336884643095189 0.034086354833952726 0.08485563961914766 0.33691209196173233 0.057418931135838125 0.13110647571765743 0.03591235732110648 0.34342206130567665 0.09635603552986466 0.1357840726582914 0.1484768737134935 0.17832367771675883 0.06487478991090118 0.0870132820853563 0.0 0.14322332480617989 0.0 0.08020827397649632 0.08616555762954337 0.13844067421372164 0.00859214311607992 0.0 0.21610964749944872 0.09640799463746252 0.10886019665979063 0.10600163423458397 0.10179188075239698 0.09834280886585206 0.07273146753663512 0.0758197853299713 0.12641466409874696 0.13744674039160643 0.06180863646743617 0.06953931326704893 0.07540798272049049 0.1034100359817906 0.18877167826835473 0.11230701115216063 0.12809964938934404 0.05214270981306729 0.4761875434555123 0.0 0.0 0.1296263324254625 0.051188714798996005 0.0 0.0704020920109038 0.058161422225394 0.10049674390098245 0.041399290612687156
0.0 0.0 0.0 0.0 0.0 0.0 0.0 0.0 0.0 0.0 0.0 0.0 0.0 0.0 0.0 0.0 0.0 0.0 0.0 0.0 0.0 0.0 0.0 0.0 0.0 0.0 0.0 0.0 0.0 0.0 0.0 0.0 0.0 0.0 0.0 0.0 0.0 0.0 0.0 0.0 0.0 0.10316459574468126 0.0 0.0 0.0 0.0 0.0 0.0 0.0 0.0
0.0 0.0 0.0 0.0 0.0 0.0 0.0 0.0 0.0 0.0 0.0 0.0 0.0 0.0 0.0 0.0 0.0 0.0 0.0 0.0 0.0 0.0 0.0 0.0 0.0 0.0 0.0 0.0 0.0 0.0 0.0 0.0 0.0 0.0 0.0 0.0 0.0 0.0 0.0 0.0 0.0 0.0 0.10616373333333515 0.0 0.0 0.0 0.0 0.0 0.0 0.0
0.04211156845599717 0.0 0.05114828545641145 0.0 0.000657462452127805 0.17689781123191678 0.0 0.0 0.046328903393806076 0.04184717082199757 0.019754862309215304 0.29889153724060413 0.0 0.039277671009072174 0.0 0.03378375632104352 0.0 0.0773619012497953 0.05338189095191981 0.07135319436542459 0.0 0.0 0.11017336022704216 0.0690165732034444 0.11150330437025957 0.02655580360028509 0.0 0.04874059156728877 0.0 0.029091484080021962 0.0 0.19199704358767278 0.02510244932868133 0.007802466750709447 0.09671946314338559 0.03625238849348239 0.022619338420158674 0.032039617150288524 0.1264320253413686 0.0025977466066308408 0.1296263324254625 0.0 0.0 0.25684608181818475 0.11266379718868719 0.0 0.026494361837203717 0.07424622542140258 0.042696569817763236 0.0
0.029193539451178196 0.0 0.011132540814978137 0.030543722164530607 0.0 0.1351340941512717 0.0 0.0 0.0 0.03990594028620226 0.0 0.16428728157101424 0.0 0.0 0.0 0.0 0.0 0.0 0.0 0.05937255699131255 0.013718655057432028 0.0 0.06735259108465785 0.0026594115867048795 0.054532949353696125 0.0 0.0 0.0 0.0 0.02749940188584646 0.0 0.12901412178284488 0.0 0.02691309316596105 0.0 0.01954265506011979 0.05684031466479528 0.0 0.1563572022721395 0.0 0.051188714798996005 0.0 0.0 0.11266379718868719 0.16236993351207046 0.0 0.0 0.0 0.0 0.0324378868568502
0.0 0.0 0.0 0.0 0.0 0.0 0.0 0.0 0.0 0.0 0.0 0.0 0.0 0.0 0.0 0.0 0.0 0.0 0.0 0.0 0.0 0.0 0.0 0.0 0.0 0.0 0.0 0.0 0.0 0.0 0.0 0.0 0.0 0.0 0.0 0.0 0.0 0.0 0.09842387384522411 0.0 0.0 0.0 0.0 0.0 0.0 0.04263340390765506 0.0 0.0 0.0 0.0
0.0 0.0 0.0 0.0 0.0 0.0 0.0 0.0 0.03269327419521631 0.0007282086623462414 0.13433641748466985 0.15184383353764375 0.0 0.0 0.0 0.03009087892585427 0.0 0.035273540317305674 0.03376379305397209 0.009592513523296736 0.0 0.0 0.08383652178302442 0.020434870932144383 0.0 0.014975726226256841 0.10162876434189133 0.0 0.008952406588647932 0.0 0.0 0.0 0.017522708990898653 0.0 0.036762389595237005 0.0 0.0 0.0 0.0 0.0 0.0704020920109038 0.0 0.0 0.026494361837203717 0.0 0.0 0.09810144049080236 0.0 0.0 0.0
0.0 0.0 0.0 0.04514215698002605 0.0 0.0 0.0 0.0 0.0 0.0 0.0 0.14800533122657028 0.0 0.0 0.0 0.0 0.0 0.0 0.0 0.0 0.0 0.0 0.0 0.0 0.0 0.0 0.0 0.0 0.0 0.0 0.0 0.06361121085281812 0.0 0.0 0.0 0.0 0.0 0.0 0.0 0.0 0.058161422225394 0.0 0.0 0.07424622542140258 0.0 0.0 0.0 0.07113998210860473 0.0 0.0
0.021153585169642497 0.0 0.0 0.0 0.0 0.07336903979600182 0.0 0.0 0.0 0.0828395400197536 0.07906154599220233 0.09934879152810866 0.007828472090709936 0.0 0.0 0.009339053234062075 0.0 0.0 0.019672468747129565 0.06750117267260622 0.0 0.0 0.025609658968777205 0.028562825061278135 0.03744597975559927 0.03891117305926173 0.030029358782093868 0.012790185616933056 0.0 0.0 0.0 0.03701834211600641 0.0 0.0002981046980487234 0.017080687570692282 0.0 0.0 0.060093076440078635 0.04786859257059389 0.0 0.10049674390098245 0.0 0.0 0.042696569817763236 0.0 0.0 0.0 0.0 0.04745219135598973 0.0
0.0026940845314555872 0.0 0.0 0.0 0.0 0.03010875431835844 0.0 0.0 0.0 0.0492231844592709 0.0 0.05043607852769655 0.0 0.0 0.0 0.0 0.0 0.01762787635454971 0.0 0.033884817112123516 0.01617933611808625 0.0 0.02015007699569224 0.01899386769348084 0.0 0.0 0.0 0.0 0.0 0.0 0.0 0.015162918739527242 0.0 0.016904430114090735 0.0 0.004009533187526421 0.009335471090201969 0.0 0.0687227830865133 0.0 0.041399290612687156 0.0 0.0 0.0 0.0324378868568502 0.0 0.0 0.0 0.0 0.00707930816121234
