0.0694074278303669 0.12037802898017952 0.05538706613975431 0.007403322815509195 0.010696525033442596 0.025880995415045596 0.12669382920278977 0.019442657435488977 0.07624401351999918 0.06892238254245422 0.07639207997630937 0.18657394643057726 0.004242869834267683 0.003002175045185798 0.04242869834267684 0.022189545487036527 0.022786917052150028 0.018926977708339714 0.03204362344147291 0.01095691776695361
0.009396448819767755 0.0 0.0070701467982576816 0.0 0.0 0.0 0.0 0.0 0.004273715989565829 0.0 0.004510935372994851 0.0 0.0 0.0 0.0 0.0 0.0 0.034540676845516316 0.0 0.0
0.0 0.039312535872557675 0.016378212545971493 0.0 0.04365397178071184 0.0 0.00586000096768835 0.0 0.01249768100696258 0.0 0.0 0.0 0.0 0.039780761162708345 0.0 0.0 0.01621427936193598 0.0 0.0 0.0
0.0070701467982576816 0.016378212545971493 0.13642210203046545 0.0710924894526137 0.07871116645480924 0.0 0.05415697765113592 0.0 0.03220891524648728 0.018554572496006116 0.07963222216228338 0.0209019529746719 0.0 0.0 0.01292191230977302 0.0 0.0 0.10173108988511892 0.0546714492589615 0.015203751226106732
0.0 0.0 0.0710924894526137 0.39901031586209257 0.10626576549961797 0.0 0.016976203190068873 0.023601098117632446 0.034168595176060634 0.0 0.0 0.0 0.11121608152453533 0.0 0.05097520717181503 0.027340881383128846 0.02483665709734062 0.014633845012030022 0.021499159874952767 0.12810750552657169
0.0 0.04365397178071184 0.07871116645480924 0.10626576549961797 0.3995284792263618 0.0 0.01910356767745114 0.0762770066320595 0.08032202058059035 0.03343342580941133 0.05342236439068593 0.03803355656592444 0.06895640537387493 0.0 0.10264562426132251 0.05026395881027668 0.13621910402429016 0.04560704471887611 0.18070105962779337 0.09994088314891414
0.0 0.0 0.0 0.0 0.0 0.01549892005900233 0.0 0.0 0.0 0.0 0.0 0.0 0.0 0.0 0.0 0.0 0.0 0.05215466797123547 0.0 0.0
0.0 0.00586000096768835 0.05415697765113592 0.016976203190068873 0.01910356767745114 0.0 0.043081711982203785 0.0 0.001894579729080803 0.0 0.0 0.0 0.0 0.0 0.0 0.0 0.0071602137364426 0.0 0.0 0.0
0.0 0.0 0.0 0.023601098117632446 0.0762770066320595 0.0 0.0 0.01873793774626975 0.0 0.0 0.0 0.0 0.0 0.0 0.0 0.0 0.0 0.0 0.036058134475394965 0.023859978438517615
0.004273715989565829 0.01249768100696258 0.03220891524648728 0.034168595176060634 0.08032202058059035 0.0 0.001894579729080803 0.0 0.09961572666621166 0.0023358685045309358 0.021568720976876676 0.0196610611617114 0.0 0.0 0.0 0.0 0.03687813871169254 0.022055486677309943 0.02012694980174423 0.06116374421168125
0.0 0.0 0.018554572496006116 0.0 0.03343342580941133 0.0 0.0 0.0 0.0023358685045309358 0.007896596863876226 0.002400294995887009 0.0 0.0 0.0 0.0 0.0 0.0 0.04422565101443965 0.0024432609601898747 0.00516462454691613
0.004510935372994851 0.0 0.07963222216228338 0.0 0.05342236439068593 0.0 0.0 0.0 0.021568720976876676 0.002400294995887009 0.07643128583356074 0.00403788117858106 0.0 0.0 0.0 0.0 0.0 0.09237434542242795 0.03157557349682527 0.018779115700672477
0.0 0.0 0.0209019529746719 0.0 0.03803355656592444 0.0 0.0 0.0 0.0196610611617114 0.0 0.00403788117858106 0.0036701280608113507 0.0 0.0 0.0 0.0 0.0 0.009423646739842084 0.015211577828662115 0.010098273337611374
0.0 0.0 0.0 0.11121608152453533 0.06895640537387493 0.0 0.0 0.0 0.0 0.0 0.0 0.0 0.05365723465702388 0.0 0.0 0.0 0.0 0.0 0.0 0.0
0.0 0.039780761162708345 0.0 0.0 0.0 0.0 0.0 0.0 0.0 0.0 0.0 0.0 0.0 0.3334968163265444 0.0 0.0 0.034071595605899674 0.0 0.0 0.0
0.0 0.0 0.01292191230977302 0.05097520717181503 0.10264562426132251 0.0 0.0 0.0 0.0 0.0 0.0 0.0 0.0 0.0 0.04326905326831465 0.0 0.0 0.0 0.0 0.0
0.0 0.0 0.0 0.027340881383128846 0.05026395881027668 0.0 0.0 0.0 0.0 0.0 0.0 0.0 0.0 0.0 0.0 0.0023869328581298532 0.022824266391500814 0.0 0.0 0.0
0.0 0.01621427936193598 0.0 0.02483665709734062 0.13621910402429016 0.0 0.0071602137364426 0.0 0.03687813871169254 0.0 0.0 0.0 0.0 0.034071595605899674 0.0 0.022824266391500814 0.1321421645399603 0.0 0.0 0.03746409959672725
0.034540676845516316 0.0 0.10173108988511892 0.014633845012030022 0.04560704471887611 0.05215466797123547 0.0 0.0 0.022055486677309943 0.04422565101443965 0.09237434542242795 0.009423646739842084 0.0 0.0 0.0 0.0 0.0 0.23543340753240116 0.07807997213464368 0.04718241680645896
0.0 0.0 0.0546714492589615 0.021499159874952767 0.18070105962779337 0.0 0.0 0.036058134475394965 0.02012694980174423 0.0024432609601898747 0.03157557349682527 0.015211577828662115 0.0 0.0 0.0 0.0 0.0 0.07807997213464368 0.1585214380580453 0.040656381525433716
0.0 0.0 0.015203751226106732 0.12810750552657169 0.09994088314891414 0.0 0.0 0.023859978438517615 0.06116374421168125 0.00516462454691613 0.018779115700672477 0.010098273337611374 0.0 0.0 0.0 0.0 0.03746409959672725 0.04718241680645896 0.040656381525433716 0.16351136393289067
