0.0932827493862977 0.09372907833072974 0.09372907833072974 0.09729970988618612 0.09863869671948226 0.1019861638027226 0.10220932827493863 0.1037714795804508 0.10555679535817898 0.10979692033028342
0.42857142857142855 0.10714285714285714 0.5714285714285714 0.21428571428571427 0.0 0.17857142857142858 0.32142857142857145 0.0 0.21428571428571427 0.10714285714285714
0.10714285714285714 0.0 0.25 0.0 0.21428571428571427 0.07142857142857142 0.07142857142857142 0.0 0.0 0.0
0.5714285714285714 0.25 1.0 0.35714285714285715 0.4642857142857143 0.0 0.4642857142857143 0.0 0.35714285714285715 0.25
0.21428571428571427 0.0 0.35714285714285715 0.14285714285714285 0.25 0.10714285714285714 0.17857142857142858 0.07142857142857142 0.07142857142857142 0.03571428571428571
0.0 0.21428571428571427 0.4642857142857143 0.25 0.8571428571428571 0.42857142857142855 0.2857142857142857 0.32142857142857145 0.0 0.21428571428571427
0.17857142857142858 0.07142857142857142 0.0 0.10714285714285714 0.42857142857142855 0.2857142857142857 0.14285714285714285 0.17857142857142858 0.0 0.07142857142857142
0.32142857142857145 0.07142857142857142 0.4642857142857143 0.17857142857142858 0.2857142857142857 0.14285714285714285 0.2857142857142857 0.10714285714285714 0.10714285714285714 0.07142857142857142
0.0 0.0 0.0 0.07142857142857142 0.32142857142857145 0.17857142857142858 0.10714285714285714 0.14285714285714285 0.0 0.03571428571428571
0.21428571428571427 0.0 0.35714285714285715 0.07142857142857142 0.0 0.0 0.10714285714285714 0.0 0.14285714285714285 0.03571428571428571
0.10714285714285714 0.0 0.25 0.03571428571428571 0.21428571428571427 0.07142857142857142 0.07142857142857142 0.03571428571428571 0.03571428571428571 0.0
