0.029470330545599364 0.09179609717244126 0.020749726842916805 0.02855129736850167 0.07064812261944878 0.00968048279876237 0.12420733388475325 0.08200839383635082 0.004513474047524227 0.00741864003512749 0.13328533937852935 0.023838699465939608 0.0030123865249313277 0.024420753811434815 0.019238427840578377 0.15874255838413545 0.018222385605898152 0.04082039028275587 0.09740219955273718 0.011972960001633837
0.0912892393624361 0.0 0.0 0.0 0.018632722328191437 0.14870936732855072 0.0 0.03140953136011149 0.0 0.03144955568587021 0.0 0.10842439163205883 0.0 0.0 0.10141511743694592 0.0 0.0 0.0 0.0 0.038476493766979314
0.0 0.006370425008344683 0.0 0.0 0.0 0.031666149255332954 0.0 0.0 0.0 0.012331687611633446 0.0 0.0 0.028567927093276768 0.0 0.0 0.0 0.0 0.0 0.005849062195481737 0.0
0.0 0.0 0.015033375984239684 0.0 0.0 0.08722768564685807 0.0 0.0 0.0 0.036242709214634794 0.0 0.043021060215396284 0.0 0.0 0.005712784156715139 0.0 0.0 0.0 0.0 0.029864624170037518
0.0 0.0 0.0 0.010123312603241175 0.0 0.0 0.0 0.0 0.0 0.0 0.0 0.0 0.0 0.0 0.05463381781011095 0.0 0.0 0.0 0.0 0.0
0.018632722328191437 0.0 0.0 0.0 0.10218984241722637 0.09586052179219279 0.0034322299021326413 0.03933245471469107 0.0 0.03543834833648207 0.01919999423198533 0.04029960955043563 0.0 0.0385042768680357 0.0387350153776872 0.020796577957970894 0.0 0.0 0.04009772373459769 0.061099394259296974
0.14870936732855072 0.031666149255332954 0.08722768564685807 0.0 0.09586052179219279 0.4398202382709656 0.04885504737138574 0.08882965932622611 0.07061703716710571 0.14366631926097218 0.034614378450631034 0.22147900452066627 0.0 0.1700910073023657 0.06870850902357906 0.05170474328006808 0.07172058873967302 0.11051640492099468 0.08425900751544407 0.1198679478614409
0.0 0.0 0.0 0.0 0.0034322299021326413 0.04885504737138574 0.04880666468633309 0.050853617158504255 0.0 0.023750443459460535 0.0 0.017115950583713152 0.0023294900119865125 0.014147845675882564 0.0 0.0 0.0 0.0 0.01770955639418119 0.0
0.03140953136011149 0.0 0.0 0.0 0.03933245471469107 0.08882965932622611 0.050853617158504255 0.12756434288558013 0.0 0.0729906158171531 0.0351639539189712 0.05901116408006718 0.0 0.0 0.11110784075585517 0.023037400634647306 0.0 0.0 0.017261401050171793 0.03308430680604957
0.0 0.0 0.0 0.0 0.0 0.07061703716710571 0.0 0.0 0.05083739909503038 0.12103898435590282 0.0 0.0 0.0 0.0 0.0 0.0 0.0 0.0 0.0 0.0
0.03144955568587021 0.012331687611633446 0.036242709214634794 0.0 0.03543834833648207 0.14366631926097218 0.023750443459460535 0.0729906158171531 0.12103898435590282 0.4252458538196834 0.0 0.044052973002871476 0.0 0.042984693836601195 0.03159901878539417 0.0 0.03775074183966115 0.0646296920745506 0.006631757870093236 0.13975137812836563
0.0 0.0 0.0 0.0 0.01919999423198533 0.034614378450631034 0.0 0.0351639539189712 0.0 0.0 0.013840787234369146 0.0 0.0 0.0 0.05765426594790243 0.0 0.0 0.0 0.0 0.0
0.10842439163205883 0.0 0.043021060215396284 0.0 0.04029960955043563 0.22147900452066627 0.017115950583713152 0.05901116408006718 0.0 0.044052973002871476 0.0 0.193244474035987 0.0 0.0 0.07748221750844098 0.02739158293710703 0.0 0.0 0.0 0.05306136531564859
0.0 0.028567927093276768 0.0 0.0 0.0 0.0 0.0023294900119865125 0.0 0.0 0.0 0.0 0.0 0.35577197288135953 0.05169986813471966 0.0 0.0 0.0 0.0 0.0400933973136951 0.0
0.0 0.0 0.0 0.0 0.0385042768680357 0.1700910073023657 0.014147845675882564 0.0 0.0 0.042984693836601195 0.0 0.0 0.05169986813471966 0.13755990336469495 0.0 0.0 0.032462696391981904 0.0 0.033112414984830724 0.04244464734571596
0.10141511743694592 0.0 0.005712784156715139 0.05463381781011095 0.0387350153776872 0.06870850902357906 0.0 0.11110784075585517 0.0 0.03159901878539417 0.05765426594790243 0.07748221750844098 0.0 0.0 0.24751267370654662 0.022002404049069224 0.0 0.0 0.0 0.057260064708209046
0.0 0.0 0.0 0.0 0.020796577957970894 0.05170474328006808 0.0 0.023037400634647306 0.0 0.0 0.0 0.02739158293710703 0.0 0.0 0.022002404049069224 0.0020135169289119403 0.0 0.0 0.0014551401053317647 0.014939826286250485
0.0 0.0 0.0 0.0 0.0 0.07172058873967302 0.0 0.0 0.0 0.03775074183966115 0.0 0.0 0.0 0.032462696391981904 0.0 0.0 0.012526403587446566 0.0 0.0 0.0
0.0 0.0 0.0 0.0 0.0 0.11051640492099468 0.0 0.0 0.0 0.0646296920745506 0.0 0.0 0.0 0.0 0.0 0.0 0.0 0.034523212609462915 0.0 0.0
0.0 0.005849062195481737 0.0 0.0 0.04009772373459769 0.08425900751544407 0.01770955639418119 0.017261401050171793 0.0 0.006631757870093236 0.0 0.0 0.0400933973136951 0.033112414984830724 0.0 0.0014551401053317647 0.0 0.0 0.06353063885660504 0.02249350040869516
0.038476493766979314 0.0 0.029864624170037518 0.0 0.061099394259296974 0.1198679478614409 0.0 0.03308430680604957 0.0 0.13975137812836563 0.0 0.05306136531564859 0.0 0.04244464734571596 0.057260064708209046 0.014939826286250485 0.0 0.0 0.02249350040869516 0.16541242405118056
