0.04460345855694693 0.044841979725700656 0.045199761478831244 0.04555754323196184 0.0456768038163387 0.046630888491353606 0.04746571258199165 0.04806201550387597 0.048539057841383425 0.049016100178890874 0.04985092426952892 0.05008944543828265 0.05008944543828265 0.05199761478831246 0.05271317829457364 0.05450208706022659 0.05462134764460346 0.055456171735241505 0.05641025641025641 0.05867620751341682
0.0 0.1948051948051948 0.03896103896103896 0.0 0.1948051948051948 0.07792207792207792 0.0 0.0 0.0 0.23376623376623382 0.11688311688311691 0.0 0.27272727272727276 0.03896103896103896 0.23376623376623382 0.07792207792207792 0.07792207792207792 0.03896103896103896 0.0 0.0
0.1948051948051948 0.7142857142857142 0.23376623376623382 0.03896103896103905 0.3896103896103896 0.1428571428571429 0.27272727272727276 0.012987012987013054 0.1948051948051948 0.4285714285714286 0.18181818181818185 0.1948051948051948 0.46753246753246763 0.1688311688311689 0.7532467532467533 0.33766233766233766 0.20779220779220783 0.23376623376623382 0.03896103896103905 0.06493506493506493
0.03896103896103896 0.23376623376623382 0.14285714285714285 0.0 0.29870129870129875 0.11688311688311691 0.0 0.0 0.0 0.33766233766233766 0.22077922077922077 0.03896103896103896 0.37662337662337664 0.07792207792207792 0.20779220779220783 0.11688311688311691 0.18181818181818185 0.012987012987012997 0.0 0.0
0.0 0.03896103896103905 0.0 0.14285714285714285 0.03896103896103905 0.11688311688311691 0.11688311688311691 0.11688311688311691 0.0 0.20779220779220783 0.15584415584415584 0.0 0.3116883116883117 0.012987012987012997 0.27272727272727276 0.11688311688311691 0.051948051948051986 0.07792207792207792 0.07792207792207792 0.03896103896103896
0.1948051948051948 0.3896103896103896 0.29870129870129875 0.03896103896103905 0.7142857142857142 0.27272727272727276 0.07792207792207798 0.07792207792207798 0.1948051948051948 0.7532467532467533 0.37662337662337664 0.1948051948051948 0.7922077922077922 0.23376623376623382 0.4285714285714286 0.20779220779220783 0.33766233766233766 0.1688311688311689 0.03896103896103905 0.06493506493506493
0.07792207792207792 0.1428571428571429 0.11688311688311691 0.11688311688311691 0.27272727272727276 0.2857142857142857 0.09090909090909093 0.22077922077922077 0.0 0.37662337662337664 0.3246753246753246 0.0 0.48051948051948046 0.18181818181818185 0.24675324675324675 0.09090909090909093 0.22077922077922077 0.11688311688311691 0.18181818181818185 0.07792207792207792
0.0 0.27272727272727276 0.0 0.11688311688311691 0.07792207792207798 0.09090909090909093 0.2857142857142857 0.025974025974025993 0.0 0.3116883116883117 0.12987012987012986 0.0 0.2857142857142857 0.11688311688311691 0.44155844155844154 0.15584415584415584 0.15584415584415584 0.051948051948051986 0.051948051948051986 0.07792207792207792
0.0 0.012987012987013054 0.0 0.11688311688311691 0.07792207792207798 0.22077922077922077 0.025974025974025993 0.2857142857142857 0.0 0.3116883116883117 0.2597402597402597 0.0 0.41558441558441556 0.11688311688311691 0.18181818181818185 0.025974025974025993 0.15584415584415584 0.051948051948051986 0.18181818181818185 0.07792207792207792
0.0 0.1948051948051948 0.0 0.0 0.1948051948051948 0.0 0.0 0.0 0.0 0.23376623376623382 0.0 0.0 0.27272727272727276 0.0 0.23376623376623382 0.0 0.0 0.0 0.0 0.0
0.23376623376623382 0.4285714285714286 0.33766233766233766 0.20779220779220783 0.7532467532467533 0.37662337662337664 0.3116883116883117 0.3116883116883117 0.23376623376623382 0.8571428571428572 0.48051948051948046 0.23376623376623382 0.8961038961038961 0.33766233766233766 0.46753246753246763 0.3116883116883117 0.44155844155844154 0.27272727272727276 0.27272727272727276 0.23376623376623382
0.11688311688311691 0.18181818181818185 0.22077922077922077 0.15584415584415584 0.37662337662337664 0.3246753246753246 0.12987012987012986 0.2597402597402597 0.0 0.48051948051948046 0.4285714285714286 0.11688311688311691 0.5844155844155844 0.22077922077922077 0.2857142857142857 0.1948051948051948 0.3246753246753246 0.09090909090909093 0.22077922077922077 0.11688311688311691
0.0 0.1948051948051948 0.03896103896103896 0.0 0.1948051948051948 0.0 0.0 0.0 0.0 0.23376623376623382 0.11688311688311691 0.0 0.27272727272727276 0.0 0.23376623376623382 0.07792207792207792 0.07792207792207792 0.0 0.0 0.0
0.27272727272727276 0.46753246753246763 0.37662337662337664 0.3116883116883117 0.7922077922077922 0.48051948051948046 0.2857142857142857 0.41558441558441556 0.27272727272727276 0.8961038961038961 0.5844155844155844 0.27272727272727276 1.0 0.37662337662337664 0.5064935064935064 0.2857142857142857 0.48051948051948046 0.24675324675324675 0.37662337662337664 0.27272727272727276
0.03896103896103896 0.1688311688311689 0.07792207792207792 0.012987012987012997 0.23376623376623382 0.18181818181818185 0.11688311688311691 0.11688311688311691 0.0 0.33766233766233766 0.22077922077922077 0.0 0.37662337662337664 0.14285714285714285 0.27272727272727276 0.11688311688311691 0.18181818181818185 0.07792207792207792 0.07792207792207792 0.03896103896103896
0.23376623376623382 0.7532467532467533 0.20779220779220783 0.27272727272727276 0.4285714285714286 0.24675324675324675 0.44155844155844154 0.18181818181818185 0.23376623376623382 0.46753246753246763 0.2857142857142857 0.23376623376623382 0.5064935064935064 0.27272727272727276 0.8571428571428572 0.44155844155844154 0.3116883116883117 0.33766233766233766 0.20779220779220783 0.23376623376623382
0.07792207792207792 0.33766233766233766 0.11688311688311691 0.11688311688311691 0.20779220779220783 0.09090909090909093 0.15584415584415584 0.025974025974025993 0.0 0.3116883116883117 0.1948051948051948 0.07792207792207792 0.2857142857142857 0.11688311688311691 0.44155844155844154 0.2857142857142857 0.15584415584415584 0.18181818181818185 0.051948051948051986 0.07792207792207792
0.07792207792207792 0.20779220779220783 0.18181818181818185 0.051948051948051986 0.33766233766233766 0.22077922077922077 0.15584415584415584 0.15584415584415584 0.0 0.44155844155844154 0.3246753246753246 0.07792207792207792 0.48051948051948046 0.18181818181818185 0.3116883116883117 0.15584415584415584 0.2857142857142857 0.11688311688311691 0.11688311688311691 0.07792207792207792
0.03896103896103896 0.23376623376623382 0.012987012987012997 0.07792207792207792 0.1688311688311689 0.11688311688311691 0.051948051948051986 0.051948051948051986 0.0 0.27272727272727276 0.09090909090909093 0.0 0.24675324675324675 0.07792207792207792 0.33766233766233766 0.18181818181818185 0.11688311688311691 0.14285714285714285 0.012987012987012997 0.03896103896103896
0.0 0.03896103896103905 0.0 0.07792207792207792 0.03896103896103905 0.18181818181818185 0.051948051948051986 0.18181818181818185 0.0 0.27272727272727276 0.22077922077922077 0.0 0.37662337662337664 0.07792207792207792 0.20779220779220783 0.051948051948051986 0.11688311688311691 0.012987012987012997 0.14285714285714285 0.03896103896103896
0.0 0.06493506493506493 0.0 0.03896103896103896 0.06493506493506493 0.07792207792207792 0.07792207792207792 0.07792207792207792 0.0 0.23376623376623382 0.11688311688311691 0.0 0.27272727272727276 0.03896103896103896 0.23376623376623382 0.07792207792207792 0.07792207792207792 0.03896103896103896 0.03896103896103896 0.0
