0.029470330545599364 0.09179609717244126 0.020749726842916805 0.02855129736850167 0.07064812261944878 0.00968048279876237 0.12420733388475325 0.08200839383635082 0.004513474047524227 0.00741864003512749 0.13328533937852935 0.023838699465939608 0.0030123865249313277 0.024420753811434815 0.019238427840578377 0.15874255838413545 0.018222385605898152 0.04082039028275587 0.09740219955273718 0.011972960001633837
0.12552270412334965 0.0 0.0 0.0 0.05491005016187814 0.24829239438481354 0.01661648392870632 0.07244457803161453 0.0 0.1282998856575176 0.0 0.16177446289426317 0.012979529035554549 0.0053665667483955015 0.16494047613738022 0.01504712656561652 0.0 0.0 0.0003752687449861125 0.08660805565703245
0.0 0.008759334386473938 0.0 0.0 0.0 0.11532689862020362 0.0017364296837072898 0.005830334628049633 0.0 0.09325973989188868 0.0 0.0 0.09646962669759634 0.019395193477586753 0.0 0.0 0.0 0.0 0.01895551167015981 0.0
0.0 0.0 0.020670891978329567 0.0 0.0 0.1725127383197091 0.0 0.0 0.0 0.11879506480287039 0.0 0.0820731570941888 0.0 0.0 0.05494016847373756 0.0 0.0 0.0 0.0 0.0636982116766788
0.0 0.0 0.0 0.013919554829456615 0.0 0.03828408464905381 0.0 0.0 0.0 0.0 0.0 0.0 0.0 0.0 0.10294056524319617 0.0 0.0 0.0 0.0 0.0
0.05491005016187814 0.0 0.0 0.0 0.14051103332368628 0.19748741192122876 0.03174407498405005 0.0824113644589673 0.0 0.13433254138090267 0.040955737291659494 0.09569354388541312 0.07825052082193623 0.08345735420214595 0.10430423715089465 0.04033470783537184 0.0 0.0 0.07117031397344109 0.11127481922212329
0.24829239438481354 0.11532689862020362 0.1725127383197091 0.03828408464905381 0.19748741192122876 0.6047528276225776 0.14047259167587928 0.19521426829307842 0.16261534417322993 0.3058662115279689 0.1196758207328813 0.3401786380782199 0.10374875662555638 0.27834978385905207 0.19758343001936263 0.13454857238004508 0.1565355840881253 0.19945580196107504 0.1786372969768636 0.2333490720468433
0.01661648392870632 0.0017364296837072898 0.0 0.0 0.03174407498405005 0.14047259167587928 0.06710916394370799 0.08392318107823799 0.0 0.11263529067933864 0.0 0.06250053909414818 0.07818798455592885 0.04909157718545032 0.047631469137672855 0.001515802961024805 0.0 0.0 0.0387728008084821 0.027891676376809477
0.07244457803161453 0.005830334628049633 0.0 0.0 0.0824113644589673 0.19521426829307842 0.08392318107823799 0.1754009714676727 0.0 0.17664252769939004 0.06167741581646169 0.11916281725286099 0.04819099664160692 0.03940868492220917 0.1814347813668789 0.047333249349864576 0.0 0.01066292126575663 0.05309171012683153 0.0880174506066922
0.0 0.0 0.0 0.0 0.0 0.16261534417322993 0.0 0.0 0.06990142375566677 0.21030459427741166 0.0 0.0 0.0 0.0 0.0 0.0 0.0 0.0 0.0 0.0
0.1282998856575176 0.09325973989188868 0.11879506480287039 0.0 0.13433254138090267 0.3058662115279689 0.11263529067933864 0.17664252769939004 0.21030459427741166 0.5847130490020647 0.07147597537593814 0.16001990947580969 0.12224857731518035 0.14851077330867213 0.1577412426965623 0.07379805163466246 0.11983304010349799 0.15083639203001553 0.09827735024689732 0.2504998052291526
0.0 0.0 0.0 0.0 0.040955737291659494 0.1196758207328813 0.0 0.06167741581646169 0.0 0.07147597537593814 0.019031082447257576 0.037408355054486725 0.0 0.0 0.10665803987432415 0.0 0.0 0.0 0.0 0.02716251360512134
0.16177446289426317 0.0 0.0820731570941888 0.0 0.09569354388541312 0.3401786380782199 0.06250053909414818 0.11916281725286099 0.0 0.16001990947580969 0.037408355054486725 0.2657111517994821 0.0 0.019781176191472127 0.16012418271016604 0.06400245624302559 0.0 0.017320853433730576 0.04444563547176872 0.12030953370699254
0.012979529035554549 0.09646962669759634 0.0 0.0 0.07825052082193623 0.10374875662555638 0.07818798455592885 0.04819099664160692 0.0 0.12224857731518035 0.0 0.0 0.4891864627118694 0.14419959493085488 0.0 0.04296146263953493 0.04522039203466338 0.03539773537569746 0.11871263701456347 0.07220101953742386
0.0053665667483955015 0.019395193477586753 0.0 0.0 0.08345735420214595 0.27834978385905207 0.04909157718545032 0.03940868492220917 0.0 0.14851077330867213 0.0 0.019781176191472127 0.14419959493085488 0.18914486712645556 0.016651987845975214 0.021993958278278575 0.06060387894550845 0.026996029883261496 0.07081689165132446 0.09925195873619264
0.16494047613738022 0.0 0.05494016847373756 0.10294056524319617 0.10430423715089465 0.19758343001936263 0.047631469137672855 0.1814347813668789 0.0 0.1577412426965623 0.10665803987432415 0.16012418271016604 0.0 0.016651987845975214 0.3403299263465016 0.06878856479321771 0.0 0.020486866676847626 0.041316447126271805 0.13468352053778293
0.01504712656561652 0.0 0.0 0.0 0.04033470783537184 0.13454857238004508 0.001515802961024805 0.047333249349864576 0.0 0.07379805163466246 0.0 0.06400245624302559 0.04296146263953493 0.021993958278278575 0.06878856479321771 0.002768585777253918 0.0 0.0 0.013744669315116198 0.04633219022001783
0.0 0.0 0.0 0.0 0.0 0.1565355840881253 0.0 0.0 0.0 0.11983304010349799 0.0 0.0 0.04522039203466338 0.06060387894550845 0.0 0.0 0.01722380493273903 0.0 0.0 0.0
0.0 0.0 0.0 0.0 0.0 0.19945580196107504 0.0 0.01066292126575663 0.0 0.15083639203001553 0.0 0.017320853433730576 0.03539773537569746 0.026996029883261496 0.020486866676847626 0.0 0.0 0.04746941733801151 0.0 0.0
0.0003752687449861125 0.01895551167015981 0.0 0.0 0.07117031397344109 0.1786372969768636 0.0387728008084821 0.05309171012683153 0.0 0.09827735024689732 0.0 0.04444563547176872 0.11871263701456347 0.07081689165132446 0.041316447126271805 0.013744669315116198 0.0 0.0 0.08735462842783193 0.06542032470390496
0.08660805565703245 0.0 0.0636982116766788 0.0 0.11127481922212329 0.2333490720468433 0.027891676376809477 0.0880174506066922 0.0 0.2504998052291526 0.02716251360512134 0.12030953370699254 0.07220101953742386 0.09925195873619264 0.13468352053778293 0.04633219022001783 0.0 0.0 0.06542032470390496 0.22744208307037328
