0.055371748920136014 0.038073502231208325 0.08343289526085225 0.005595890900550399 0.006979546406069704 0.0837749798323275 0.021280723789684364 0.03128797394030369 0.008567431506499606 0.06024262475875379 0.016190301136537695 0.048116492560937 0.018717642373556352 0.0034055284951342297 0.00031655587211142766 0.01500066374618346 0.021398155806757958 0.05086848635235732 0.03824199164700957 0.0032268275995874563 0.031058215646029265 0.09622277364212849 0.0072552563591990115 0.0025171297572731265 0.06313247352673876 0.07864881700007148 0.019059726945031604 0.00673957663204975 0.008909516077974858 0.009869395174054673 0.018926977708339714 0.01626688723462917 0.007326736717417721 0.004299032972868098 0.019677521469636167
0.006811094665340535 0.0 0.0 0.009537959427058235 0.0 0.0 0.0 0.0 0.06070295360557909 0.0 0.0 0.012633079222945306 0.0 0.0 0.0 0.022657681375903155 0.0 0.0 0.02701305134981241 0.0 0.01769090326774006 0.0 0.0 0.0 0.007948425453687236 0.0 0.04179977881419816 0.0 0.01358229914453446 0.02404610583463196 0.0 0.0 0.05260100688629449 0.06743441261317712 0.0
0.0 0.09480722050728901 0.0009542962012183409 0.026856332137862926 0.0 0.02766592091567263 0.0 0.0 0.0 0.01574357199085341 0.0 0.02504207917438564 0.018126846070980918 0.0 0.0 0.01254610443454851 0.0 0.0 0.02562931610354155 0.0 0.07887826876385803 0.02765968278871256 0.07432990772971809 0.14992367282923952 0.0 0.01214678685647784 0.0 0.0 0.038127089490029686 0.0 0.03204079254840905 0.0 0.10522402648280504 0.0 0.04534392593346581
0.0 0.0009542962012183409 0.009197697195349975 0.033880036958963466 0.0 0.0 0.0 0.0 0.015740428986306676 0.0 0.0 0.02017753597985604 0.0 0.0 0.0 0.0371955394607035 0.017179803823740514 0.0 0.024310728537437154 0.0 0.03312290542251475 0.0 0.013635305652177715 0.0519193772054507 0.011097428944911059 0.0 0.032241771875643366 0.0 0.03926211162196225 0.0 0.0 0.0 0.08838045265409561 0.023918669431000683 0.0
0.009537959427058235 0.026856332137862926 0.033880036958963466 0.29211202187786967 0.07497135629506818 0.02022898883798946 0.02015878752449468 0.0 0.05266131184281164 0.0 0.0340201364892245 0.04038414201831131 0.03912012688943778 0.0 0.0 0.18321366718227028 0.1175269298570662 0.0 0.06355452327340244 0.0 0.07864338270145482 0.02389480285674639 0.0 0.0 0.04017565188518052 0.0 0.030783847589129498 0.0 0.09171927463737933 0.12454579263745064 0.010459807410042987 0.0 0.3264934406329104 0.08809023725105336 0.07696679220748381
0.0 0.0 0.0 0.07497135629506818 0.024861971929806263 0.0 0.0 0.0 0.0 0.0 0.0 0.0 0.0 0.0 0.0 0.03119710451304769 0.0 0.0 0.0 0.0 0.0 0.0 0.0 0.0 0.0 0.0 0.0 0.0 0.014932388878744984 0.0 0.0 0.0 0.10935277505010887 0.07626616272554898 0.0
0.0 0.02766592091567263 0.0 0.02022898883798946 0.0 0.06217734075110003 0.0 0.0 0.0 0.0 0.0 0.0 0.02744106108568048 0.0 0.0 0.06686677007641109 0.02808843947390402 0.0 0.06922907903930664 0.0 0.02555845230884443 0.006336458882741168 0.03488198360199918 0.08336680227880605 0.02675558527171447 0.0037673472978489997 0.048736630564753386 0.0 0.0 0.0 0.011575321164333019 0.0 0.07510192510893038 0.03435325404423256 0.021925514950022068
0.0 0.0 0.0 0.02015878752449468 0.0 0.0 0.009315926260194373 0.0 0.0 0.0 0.0 0.0 0.0 0.01906624463264278 0.0 0.0 0.0 0.0 0.0 0.0 0.0 0.0 0.0 0.0 0.0 0.0 0.0 0.0 0.0 0.0 0.0 0.0 0.09672161294354925 0.08114491423050868 0.02804503279758422
0.0 0.0 0.0 0.0 0.0 0.0 0.0 0.013963348442871393 0.06651415979982289 0.0 0.0 0.0 0.0 0.0 0.0 0.0 0.0 0.0 0.0 0.0 0.0 0.0 0.0 0.0 0.0 0.0 0.04761098500844199 0.0 0.0 0.0 0.0 0.0 0.0 0.021235997671540496 0.0
0.06070295360557909 0.0 0.015740428986306676 0.05266131184281164 0.0 0.0 0.0 0.06651415979982289 0.2942343423466127 0.0 0.03418735019291505 0.04456366838883241 0.0 0.0 0.0 0.14270892640541677 0.09731147645560373 0.05403368913868575 0.1093301242887385 0.0 0.015516725025915445 0.0 0.0 0.0 0.09192905565338311 0.0 0.18273491570300354 0.06943452661422356 0.05098393718626898 0.11400880419596365 0.0 0.0 0.09439790900908351 0.1274630583945694 0.0
0.0 0.01574357199085341 0.0 0.0 0.0 0.0 0.0 0.0 0.0 0.0046463585240303475 0.0 0.0 0.0 0.0 0.0 0.0 0.0 0.0 0.012105211530031579 0.0 0.002206081320333203 0.0 0.02472373790024704 0.07501139563052206 0.0 0.0 0.0 0.0 0.0 0.0 0.0 0.0 0.0373949807367559 0.0 0.0005333954713677286
0.0 0.0 0.0 0.0340201364892245 0.0 0.0 0.0 0.0 0.03418735019291505 0.0 0.012844722369243302 0.0 0.0 0.0 0.0 0.04267610016262041 0.021713673040581236 0.0 0.0 0.0 0.0 0.0 0.0 0.0 0.0 0.0 0.0 0.0 0.039214213941606596 0.024229533808254183 0.0 0.0 0.07708318394846075 0.09757961236984941 0.0
0.012633079222945306 0.02504207917438564 0.02017753597985604 0.04038414201831131 0.0 0.0 0.0 0.0 0.04456366838883241 0.0 0.0 0.08666595915940434 0.0 0.0 0.0 0.04166995389886596 0.028734337039461627 0.014510662277041328 0.04204863229399011 0.0 0.08895204615950264 0.0 0.02270523938591751 0.07185578886089988 0.02946038372307172 0.008001227923841017 0.04978510067025113 0.0 0.05353368023025454 0.028155202368930793 0.0 0.0 0.09317157155091282 0.05899600706186592 0.0
0.0 0.018126846070980918 0.0 0.03912012688943778 0.0 0.02744106108568048 0.0 0.0 0.0 0.0 0.0 0.0 0.0949404868140846 0.050113096522611755 0.0 0.03113492317085259 0.0 0.0 0.05483843346134948 0.0 0.04239749801576523 0.009633588759814418 0.05971177503920233 0.07428725864298968 0.0 0.0 0.0 0.0 0.006821919766441198 0.0 0.03149708518204691 0.0 0.07454429901364817 0.07791558936220894 0.03658985461250028
0.0 0.0 0.0 0.0 0.0 0.0 0.01906624463264278 0.0 0.0 0.0 0.0 0.0 0.050113096522611755 0.36401819730134555 0.0 0.0 0.0 0.0 0.0 0.10331220617681114 0.0 0.0 0.03673842678442302 0.020516571752332236 0.0 0.0 0.0 0.0 0.057200418860635704 0.0 0.019267760881015783 0.05407555557511401 0.15547846427405787 0.32224960774558653 0.0
0.0 0.0 0.0 0.0 0.0 0.0 0.0 0.0 0.0 0.0 0.0 0.0 0.0 0.0 0.005742787096789926 0.0 0.0 0.0 0.0 0.0 0.0 0.0 0.0 0.0 0.0 0.0 0.0 0.0 0.0 0.0 0.0 0.0 0.0 0.0 0.0
0.022657681375903155 0.01254610443454851 0.0371955394607035 0.18321366718227028 0.03119710451304769 0.06686677007641109 0.0 0.0 0.14270892640541677 0.0 0.04267610016262041 0.04166995389886596 0.03113492317085259 0.0 0.0 0.21983750391290185 0.13310264948606232 0.0 0.10017836000403407 0.0 0.04422190139033194 0.02924872264777109 0.0 0.0 0.07141296281074005 0.03149732452282167 0.06121860890988984 0.0 0.06558186454564918 0.12365350418776444 0.0 0.0 0.22731946801067626 0.09055981197044294 0.05980856364419934
0.0 0.0 0.017179803823740514 0.1175269298570662 0.0 0.02808843947390402 0.0 0.0 0.09731147645560373 0.0 0.021713673040581236 0.028734337039461627 0.0 0.0 0.0 0.13310264948606232 0.11308691384909936 0.0 0.05911450726543563 0.0 0.011775973193031336 0.0 0.0 0.01200292643876183 0.03657143417617875 0.0 0.07720528586569203 0.0 0.04551217553485715 0.06332036215046061 0.0 0.0 0.16163273068547213 0.06212492628088384 0.018816357773459913
0.0 0.0 0.0 0.0 0.0 0.0 0.0 0.0 0.05403368913868575 0.0 0.0 0.014510662277041328 0.0 0.0 0.0 0.0 0.0 0.0033516629209088935 0.02242267987917118 0.0 0.014025012232443151 0.0 0.0 0.0 0.006685168504585448 0.0 0.038836732807499885 0.0 0.0 0.0 0.0 0.0 0.027393875663707934 0.020868027358854124 0.0
0.02701305134981241 0.02562931610354155 0.024310728537437154 0.06355452327340244 0.0 0.06922907903930664 0.0 0.0 0.1093301242887385 0.012105211530031579 0.0 0.04204863229399011 0.05483843346134948 0.0 0.0 0.10017836000403407 0.05911450726543563 0.02242267987917118 0.15111851232214804 0.0 0.05066388196406635 0.023012928552312684 0.008091169198233661 0.045551211041205186 0.093860880754535 0.02468444178030041 0.12001261871164959 0.0 0.028267096939325165 0.04118717261266769 0.0005121144181913506 0.0 0.10766032410180848 0.10910842862971115 0.054538017591522714
0.0 0.0 0.0 0.0 0.0 0.0 0.0 0.0 0.0 0.0 0.0 0.0 0.0 0.10331220617681114 0.0 0.0 0.0 0.0 0.0 0.05152625316455897 0.0 0.0 0.0 0.0 0.0 0.0 0.0 0.0 0.0 0.0 0.0 0.0 0.08570947245468191 0.1290083561410434 0.0
0.01769090326774006 0.07887826876385803 0.03312290542251475 0.07864338270145482 0.0 0.02555845230884443 0.0 0.0 0.015516725025915445 0.002206081320333203 0.0 0.08895204615950264 0.04239749801576523 0.0 0.0 0.04422190139033194 0.011775973193031336 0.014025012232443151 0.05066388196406635 0.0 0.13679880774022876 0.03385445763789932 0.09653467924283704 0.1339947210858085 0.03887185972250437 0.02960665071972457 0.026199219448826472 0.0 0.08597028507742904 0.0009718392230333162 0.05168503503723443 0.0 0.13159722077625563 0.06682556815135715 0.05972212890292142
0.0 0.02765968278871256 0.0 0.02389480285674639 0.0 0.006336458882741168 0.0 0.0 0.0 0.0 0.0 0.0 0.009633588759814418 0.0 0.0 0.02924872264777109 0.0 0.0 0.023012928552312684 0.0 0.03385445763789932 0.012164097161348763 0.0502914942957112 0.08651708285587745 0.0 0.0 0.0 0.0 0.003975976374373857 0.0 0.005308655202932042 0.0 0.06904335705432202 0.0 0.024457814297561956
0.0 0.07432990772971809 0.013635305652177715 0.0 0.0 0.03488198360199918 0.0 0.0 0.0 0.02472373790024704 0.0 0.02270523938591751 0.05971177503920233 0.03673842678442302 0.0 0.0 0.0 0.0 0.008091169198233661 0.0 0.09653467924283704 0.0502914942957112 0.21551021521128177 0.09814028313915413 0.0 0.010850079874234114 0.0 0.0 0.06976121640221183 0.0 0.11271728992770419 0.04043192693403838 0.17934657894880035 0.0 0.04975175039294444
0.0 0.14992367282923952 0.0519193772054507 0.0 0.0 0.08336680227880605 0.0 0.0 0.0 0.07501139563052206 0.0 0.07185578886089988 0.07428725864298968 0.020516571752332236 0.0 0.0 0.01200292643876183 0.0 0.045551211041205186 0.0 0.1339947210858085 0.08651708285587745 0.09814028313915413 0.4109022799188552 0.031290500256610454 0.06939225209317856 0.0 0.0 0.08696315757951184 0.0 0.11361869938306557 0.03329584604182401 0.01059764561970411 0.008167426185067939 0.08130503663825195
0.007948425453687236 0.0 0.011097428944911059 0.04017565188518052 0.0 0.02675558527171447 0.0 0.0 0.09192905565338311 0.0 0.0 0.02946038372307172 0.0 0.0 0.0 0.07141296281074005 0.03657143417617875 0.006685168504585448 0.093860880754535 0.0 0.03887185972250437 0.0 0.0 0.031290500256610454 0.08064758116200893 0.0 0.10179192409274124 0.0 0.031763584420066604 0.02045898945577279 0.0 0.0 0.09278346724851261 0.07007201623242665 0.0
0.0 0.01214678685647784 0.0 0.0 0.0 0.0037673472978489997 0.0 0.0 0.0 0.0 0.0 0.008001227923841017 0.0 0.0 0.0 0.03149732452282167 0.0 0.0 0.02468444178030041 0.0 0.02960665071972457 0.0 0.010850079874234114 0.06939225209317856 0.0 0.008343495497376808 0.02013953472377636 0.0 0.013186245786252465 0.0 0.0 0.0 0.051656651511245155 0.0 0.0
0.04179977881419816 0.0 0.032241771875643366 0.030783847589129498 0.0 0.048736630564753386 0.0 0.04761098500844199 0.18273491570300354 0.0 0.0 0.04978510067025113 0.0 0.0 0.0 0.06121860890988984 0.07720528586569203 0.038836732807499885 0.12001261871164959 0.0 0.026199219448826472 0.0 0.0 0.0 0.10179192409274124 0.02013953472377636 0.19341741012591457 0.0 0.05371047695559811 0.02497516009522799 0.0 0.0 0.0817694873641095 0.10966383419468073 0.028716967346248623
0.0 0.0 0.0 0.0 0.0 0.0 0.0 0.0 0.06943452661422356 0.0 0.0 0.0 0.0 0.0 0.0 0.0 0.0 0.0 0.0 0.0 0.0 0.0 0.0 0.0 0.0 0.0 0.0 0.01755764606059529 0.0 0.0 0.0 0.0 0.0 0.0 0.0
0.01358229914453446 0.038127089490029686 0.03926211162196225 0.09171927463737933 0.014932388878744984 0.0 0.0 0.0 0.05098393718626898 0.0 0.039214213941606596 0.05353368023025454 0.006821919766441198 0.057200418860635704 0.0 0.06558186454564918 0.04551217553485715 0.0 0.028267096939325165 0.0 0.08597028507742904 0.003975976374373857 0.06976121640221183 0.08696315757951184 0.031763584420066604 0.013186245786252465 0.05371047695559811 0.0 0.19122139323782222 0.07178366506440598 0.025085273656821977 0.0 0.13582507546578526 0.1751361131338065 0.02376282704862831
0.02404610583463196 0.0 0.0 0.12454579263745064 0.0 0.0 0.0 0.0 0.11400880419596365 0.0 0.024229533808254183 0.028155202368930793 0.0 0.0 0.0 0.12365350418776444 0.06332036215046061 0.0 0.04118717261266769 0.0 0.0009718392230333162 0.0 0.0 0.0 0.02045898945577279 0.0 0.02497516009522799 0.0 0.07178366506440598 0.15919519917225672 0.0 0.0 0.16760884009668686 0.10832883119595849 0.0
0.0 0.03204079254840905 0.0 0.010459807410042987 0.0 0.011575321164333019 0.0 0.0 0.0 0.0 0.0 0.0 0.03149708518204691 0.019267760881015783 0.0 0.0 0.0 0.0 0.0005121144181913506 0.0 0.05168503503723443 0.005308655202932042 0.11271728992770419 0.11361869938306557 0.0 0.0 0.0 0.0 0.025085273656821977 0.0 0.10389297159796343 0.023475331654709206 0.15717988048606274 0.0 0.045474834969699895
0.0 0.0 0.0 0.0 0.0 0.0 0.0 0.0 0.0 0.0 0.0 0.0 0.0 0.05407555557511401 0.0 0.0 0.0 0.0 0.0 0.0 0.0 0.0 0.04043192693403838 0.03329584604182401 0.0 0.0 0.0 0.0 0.0 0.0 0.023475331654709206 0.013200546390453382 0.08360643834255227 0.01477694628723042 0.0
0.05260100688629449 0.10522402648280504 0.08838045265409561 0.3264934406329104 0.10935277505010887 0.07510192510893038 0.09672161294354925 0.0 0.09439790900908351 0.0373949807367559 0.07708318394846075 0.09317157155091282 0.07454429901364817 0.15547846427405787 0.0 0.22731946801067626 0.16163273068547213 0.027393875663707934 0.10766032410180848 0.08570947245468191 0.13159722077625563 0.06904335705432202 0.17934657894880035 0.01059764561970411 0.09278346724851261 0.051656651511245155 0.0817694873641095 0.0 0.13582507546578526 0.16760884009668686 0.15717988048606274 0.08360643834255227 0.47547958857142025 0.17491303917269652 0.15616276293352555
0.06743441261317712 0.0 0.023918669431000683 0.08809023725105336 0.07626616272554898 0.03435325404423256 0.08114491423050868 0.021235997671540496 0.1274630583945694 0.0 0.09757961236984941 0.05899600706186592 0.07791558936220894 0.32224960774558653 0.0 0.09055981197044294 0.06212492628088384 0.020868027358854124 0.10910842862971115 0.1290083561410434 0.06682556815135715 0.0 0.0 0.008167426185067939 0.07007201623242665 0.0 0.10966383419468073 0.0 0.1751361131338065 0.10832883119595849 0.0 0.01477694628723042 0.17491303917269652 0.4647641357058092 0.03494901021502911
0.0 0.04534392593346581 0.0 0.07696679220748381 0.0 0.021925514950022068 0.02804503279758422 0.0 0.0 0.0005333954713677286 0.0 0.0 0.03658985461250028 0.0 0.0 0.05980856364419934 0.018816357773459913 0.0 0.054538017591522714 0.0 0.05972212890292142 0.024457814297561956 0.04975175039294444 0.08130503663825195 0.0 0.0 0.028716967346248623 0.0 0.02376282704862831 0.0 0.045474834969699895 0.0 0.15616276293352555 0.03494901021502911 0.11930117766813739
