0.029470330545599364 0.09179609717244126 0.020749726842916805 0.02855129736850167 0.07064812261944878 0.00968048279876237 0.12420733388475325 0.08200839383635082 0.004513474047524227 0.00741864003512749 0.13328533937852935 0.023838699465939608 0.0030123865249313277 0.024420753811434815 0.019238427840578377 0.15874255838413545 0.018222385605898152 0.04082039028275587 0.09740219955273718 0.011972960001633837
0.2852788730076128 0.01816495059404133 0.0899228138690944 0.0005846434403338208 0.2242042467190828 0.71301318731404 0.13920039997137934 0.2639414624986287 0.0 0.5802680921918721 0.08522916982639828 0.4107414621178833 0.4041580897488757 0.20560956663463514 0.46139215007274004 0.09668703832054604 0.0 0.0911549901382287 0.1358426621866471 0.311222011143947
0.01816495059404133 0.019907578151077132 0.0 0.0 0.06707991542351976 0.5057437289896001 0.05001638316655033 0.12302325653523383 0.0 0.4709239838664132 0.0 0.15070955537788677 0.41334422485108746 0.14533423080399643 0.19506504174412953 0.0 0.0 0.0 0.08011894255199081 0.12663568400304825
0.0899228138690944 0.0 0.04697929995074901 0.0 0.03254759898770487 0.5705096507930136 0.0 0.0615001297934441 0.0 0.504039390881303 0.0 0.2643162758618871 0.21103940065977156 0.01249087754553102 0.28466796195317556 0.0 0.0 0.0 0.0 0.2215882867076715
0.0005846434403338208 0.0 0.0 0.03163535188512867 0.03206498695956839 0.4319846916639847 0.0 0.07127602260418087 0.0 0.3730987703393396 0.0 0.13396343227998386 0.15898190707484616 0.0 0.32837205326426044 0.0 0.0 0.0 0.0 0.10143105752108283
0.2242042467190828 0.06707991542351976 0.03254759898770487 0.03206498695956839 0.3193432575538324 0.6717462325233967 0.16386601869966455 0.28344627659892296 0.0 0.5958387755881986 0.14248253823680557 0.3541985707819748 0.47896710920819885 0.2932383817613271 0.41029393875919595 0.13151264726324285 0.0 0.08724762086887239 0.21617573508804355 0.3454268023819793
0.71301318731404 0.5057437289896001 0.5705096507930136 0.4319846916639847 0.6717462325233967 1.3744382445967673 0.5680211317635155 0.6916757768050559 0.5919407768684763 1.0627990421072866 0.5166292180500491 0.8941102613468033 0.7998919413838408 0.783557407790255 0.7989997279996857 0.5211531081799379 0.5523388957142359 0.6145063214814499 0.6190693144634878 0.7629276515787211
0.13920039997137934 0.05001638316655033 0.0 0.0 0.16386601869966455 0.5680211317635155 0.15252082714479087 0.23824781270366202 0.0 0.527431244372103 0.0 0.2742952854761782 0.43219429242765983 0.21216232423009984 0.3069108902314426 0.045983461874364195 0.0 0.013301670127695786 0.13706794140855294 0.2153333790221339
0.2639414624986287 0.12302325653523383 0.0615001297934441 0.07127602260418087 0.28344627659892296 0.6916757768050559 0.23824781270366202 0.39863857151743787 0.0 0.6603514498164955 0.1854069046714173 0.3998705320592322 0.47111027293767904 0.27139240039119983 0.5096271708849898 0.1607138766875451 0.05359207287956025 0.15248953232391926 0.22029981915124353 0.3443721216763578
0.0 0.0 0.0 0.0 0.0 0.5919407768684763 0.0 0.0 0.15886687217196993 0.6268774405777862 0.0 0.04720411028492322 0.049562280102009026 0.0 0.0 0.0 0.0 0.0 0.0 0.0
0.5802680921918721 0.4709239838664132 0.504039390881303 0.3730987703393396 0.5958387755881986 1.0627990421072866 0.527431244372103 0.6603514498164955 0.6268774405777862 1.3288932931865105 0.45567678629823405 0.7011989463495212 0.8056391756785928 0.6409658108450031 0.7464049542820135 0.44765000103968333 0.5028837653347367 0.5531343251555185 0.5259567813386496 0.7673257983661586
0.08522916982639828 0.0 0.0 0.0 0.14248253823680557 0.5166292180500491 0.0 0.1854069046714173 0.0 0.45567678629823405 0.04325246010740358 0.21860795866604832 0.2855783022962939 0.08702977918205335 0.3353423181976254 0.0 0.0 0.0 0.0006503417002150513 0.1840090734799773
0.4107414621178833 0.15070955537788677 0.2643162758618871 0.13396343227998386 0.3541985707819748 0.8941102613468033 0.2742952854761782 0.3998705320592322 0.04720411028492322 0.7011989463495212 0.21860795866604832 0.6038889813624593 0.4729806728617518 0.3092350064170688 0.5457866869848829 0.2348531983373121 0.09455502202813904 0.21661757924849923 0.2691238592527867 0.4341343195332641
0.4041580897488757 0.41334422485108746 0.21103940065977156 0.15898190707484616 0.47896710920819885 0.7998919413838408 0.43219429242765983 0.47111027293767904 0.049562280102009026 0.8056391756785928 0.2855783022962939 0.4729806728617518 1.1117874152542484 0.5758649866461525 0.4834185344338948 0.3560237662235224 0.36748147144486865 0.37690602268016704 0.4856024222852824 0.5282373668533964
0.20560956663463514 0.14533423080399643 0.01249087754553102 0.0 0.2932383817613271 0.783557407790255 0.21216232423009984 0.27139240039119983 0.0 0.6409658108450031 0.08702977918205335 0.3092350064170688 0.5758649866461525 0.4298746980146717 0.35359049278331156 0.1441207010351846 0.19192939752863225 0.17756875636064962 0.24677111609496194 0.36435274522508365
0.46139215007274004 0.19506504174412953 0.28466796195317556 0.32837205326426044 0.41029393875919595 0.7989997279996857 0.3069108902314426 0.5096271708849898 0.0 0.7464049542820135 0.3353423181976254 0.5457866869848829 0.4834185344338948 0.35359049278331156 0.7734771053329581 0.2871239815992439 0.1389105083943818 0.26726826720335595 0.31347934561902946 0.49599298107579415
0.09668703832054604 0.0 0.0 0.0 0.13151264726324285 0.5211531081799379 0.045983461874364195 0.1607138766875451 0.0 0.44765000103968333 0.0 0.2348531983373121 0.3560237662235224 0.1441207010351846 0.2871239815992439 0.0062922404028498136 0.0 0.0 0.07109580562744355 0.19282988857759875
0.0 0.0 0.0 0.0 0.0 0.5523388957142359 0.0 0.05359207287956025 0.0 0.5028837653347367 0.0 0.09455502202813904 0.36748147144486865 0.19192939752863225 0.1389105083943818 0.0 0.03914501121077052 0.0 0.0 0.07048115065330052
0.0911549901382287 0.0 0.0 0.0 0.08724762086887239 0.6145063214814499 0.013301670127695786 0.15248953232391926 0.0 0.5531343251555185 0.0 0.21661757924849923 0.37690602268016704 0.17756875636064962 0.26726826720335595 0.0 0.0 0.10788503940457161 0.04063911693524602 0.16869281069273967
0.1358426621866471 0.08011894255199081 0.0 0.0 0.21617573508804355 0.6190693144634878 0.13706794140855294 0.22029981915124353 0.0 0.5259567813386496 0.0006503417002150513 0.2691238592527867 0.4856024222852824 0.24677111609496194 0.31347934561902946 0.07109580562744355 0.0 0.04063911693524602 0.19853324642689074 0.26574550474821734
0.311222011143947 0.12663568400304825 0.2215882867076715 0.10143105752108283 0.3454268023819793 0.7629276515787211 0.2153333790221339 0.3443721216763578 0.0 0.7673257983661586 0.1840090734799773 0.4341343195332641 0.5282373668533964 0.36435274522508365 0.49599298107579415 0.19282988857759875 0.07048115065330052 0.16869281069273967 0.26574550474821734 0.5169138251599392
