0.005776004973062578 0.010541856610029009 0.0054133858267716535 0.009738914214670534 0.00940219643597182 0.005594695399917115 0.0065271446332366345 0.009350393700787402 0.01144840447575632 0.007019270617488603 0.0062681309573145464 0.005698300870285951 0.005439287194363863 0.007925818483215915 0.005387484459179445 0.008158930791545794 0.007925818483215915 0.005568794032324907 0.005853709075839204 0.007925818483215915 0.006242229589722337 0.006941566514711977 0.005983215913800249 0.006578947368421052 0.005568794032324907 0.007304185661002901 0.005361583091587236 0.005361583091587236 0.009920223787815997 0.0058796104434314135 0.005853709075839204 0.009687111479486117 0.009816618317447161 0.007071073352673021 0.008184832159138003 0.012044135930377124 0.008573352673021135 0.005750103605470369 0.00572420223787816 0.005905511811023622 0.0064235391628678 0.0052579776212184 0.009505801906340655 0.005465188561956071 0.005309780356402818 0.008832366348943224 0.010878574388727726 0.005206174886033982 0.0061386241193535016 0.00870285951098218 0.011836924989639452 0.008728760878574389 0.006501243265644426 0.005750103605470369 0.005516991297140489 0.006371736427683382 0.0060091172813924575 0.006812059676750933 0.0062681309573145464 0.005698300870285951 0.005672399502693742 0.0052579776212184 0.0064235391628678 0.0052838789888106094 0.008987774554496477 0.00916908412764194 0.009039577289680896 0.006682552838789888 0.007848114380439287 0.010438251139660175 0.007485495234148363 0.005801906340654786 0.005698300870285951 0.005491089929548281 0.010878574388727726 0.005594695399917115 0.005439287194363863 0.010127434728553668 0.010826771653543307 0.005491089929548281 0.008314338997099047 0.009505801906340655 0.012251346871114795 0.00867695814338997 0.006682552838789888 0.005232076253626192 0.006035018648984666 0.006449440530460008 0.005983215913800249 0.010645462080397844 0.006708454206382097 0.006708454206382097 0.0052579776212184 0.011292996270203066 0.011862826357231663 0.005853709075839204 0.008184832159138003 0.009894322420223789 0.012743472855366764 0.00937629506837961 0.006734355573974306 0.005905511811023622 0.00663075010360547 0.006371736427683382 0.006112722751761293 0.006060920016576875 0.005905511811023622 0.00826253626191463 0.006086821384169084 0.009117281392457521 0.007640903439701616 0.008780563613758806 0.00823663489432242 0.009039577289680896 0.006112722751761293 0.0071228760878574385 0.010308744301699129 0.0072523829258184834 0.006371736427683382 0.0052838789888106094 0.005698300870285951 0.006086821384169084 0.005983215913800249 0.006734355573974306 0.005983215913800249 0.006786158309158723 0.005646498135101533 0.007355988396187319 0.005232076253626192 0.005905511811023622 0.005801906340654786 0.006035018648984666 0.005491089929548281 0.007640903439701616 0.005698300870285951 0.005620596767509325 0.005594695399917115 0.0061386241193535016
0.11111111111111112 0.030303030303030307 0.17171717171717174 0.23232323232323238 0.20202020202020202 0.07070707070707072 0.32323232323232326 0.29292929292929293 0.26262626262626265 0.23232323232323238 0.20202020202020202 0.32323232323232326 0.29292929292929293 0.12121212121212123 0.0 0.0 0.0 0.0 0.0 0.0 0.0 0.09090909090909094 0.0 0.0 0.030303030303030373 0.0 0.0 0.10101010101010101 0.18181818181818188 0.0 0.0 0.0 0.0 0.0 0.0 0.0 0.0 0.0 0.0 0.0 0.0 0.07070707070707072 0.15151515151515152 0.0 0.0 0.0 0.0 0.0 0.0 0.0 0.0 0.0 0.0 0.0 0.0 0.0 0.0 0.0 0.12121212121212123 0.0 0.0 0.060606060606060656 0.030303030303030373 0.19191919191919196 0.27272727272727276 0.0 0.0 0.0 0.0 0.0 0.0 0.0 0.0 0.16161616161616166 0.24242424242424246 0.0 0.030303030303030373 0.0 0.0 0.0 0.0 0.0 0.0 0.0 0.0 0.0 0.0 0.0 0.13131313131313138 0.21212121212121215 0.0 0.0 0.0 0.0 0.0 0.0 0.0 0.0 0.0 0.0 0.0 0.0 0.0 0.0 0.0 0.18181818181818188 0.0 0.0 0.0 0.0 0.0 0.15151515151515152 0.0 0.0 0.0 0.0 0.0 0.0 0.0 0.0 0.30303030303030304 0.0 0.0 0.27272727272727276 0.0 0.0 0.0 0.0 0.0 0.24242424242424246 0.0 0.0 0.0 0.0 0.0 0.0 0.0 0.0
0.030303030303030307 0.0 0.09090909090909094 0.15151515151515152 0.12121212121212123 0.09090909090909094 0.24242424242424246 0.21212121212121215 0.18181818181818188 0.15151515151515152 0.12121212121212123 0.24242424242424246 0.21212121212121215 0.09090909090909094 0.0 0.0 0.0 0.0 0.0 0.0 0.0 0.060606060606060615 0.0 0.0 0.0 0.0 0.0 0.020202020202020218 0.15151515151515152 0.0 0.0 0.0 0.0 0.0 0.0 0.0 0.0 0.0 0.0 0.0 0.0 0.0 0.12121212121212123 0.0 0.0 0.0 0.0 0.0 0.0 0.0 0.0 0.0 0.0 0.0 0.0 0.0 0.0 0.0 0.09090909090909094 0.0 0.0 0.0 0.0 0.11111111111111116 0.24242424242424246 0.0 0.0 0.0 0.0 0.0 0.0 0.0 0.0 0.08080808080808087 0.21212121212121215 0.0 0.0 0.0 0.0 0.0 0.0 0.0 0.0 0.0 0.0 0.0 0.0 0.0 0.050505050505050504 0.18181818181818188 0.0 0.0 0.0 0.0 0.0 0.0 0.0 0.0 0.0 0.0 0.0 0.0 0.0 0.0 0.0 0.15151515151515152 0.0 0.0 0.0 0.0 0.0 0.12121212121212123 0.0 0.0 0.0 0.0 0.0 0.0 0.0 0.0 0.27272727272727276 0.0 0.0 0.24242424242424246 0.0 0.0 0.0 0.0 0.0 0.21212121212121215 0.0 0.0 0.0 0.0 0.0 0.0 0.0 0.0
0.17171717171717174 0.09090909090909094 0.33333333333333337 0.393939393939394 0.3636363636363637 0.13131313131313138 0.4848484848484849 0.45454545454545453 0.42424242424242425 0.393939393939394 0.26262626262626265 0.4848484848484849 0.45454545454545453 0.18181818181818188 0.09090909090909094 0.15151515151515152 0.12121212121212123 0.24242424242424246 0.21212121212121215 0.18181818181818188 0.15151515151515152 0.15151515151515152 0.23232323232323238 0.20202020202020202 0.29292929292929293 0.26262626262626265 0.23232323232323238 0.16161616161616166 0.24242424242424246 0.050505050505050504 0.08080808080808087 0.0 0.0 0.0 0.0 0.0 0.0 0.0 0.0 0.0 0.0 0.13131313131313138 0.21212121212121215 0.07070707070707072 0.10101010101010101 0.0 0.0 0.030303030303030373 0.060606060606060656 0.030303030303030373 0.0 0.0 0.0 0.09090909090909094 0.060606060606060656 0.030303030303030373 0.07070707070707072 0.08080808080808087 0.18181818181818188 0.16161616161616166 0.13131313131313138 0.22222222222222224 0.19191919191919196 0.25252525252525254 0.33333333333333337 0.0 0.0 0.0 0.0 0.0 0.0 0.0 0.0 0.22222222222222224 0.30303030303030304 0.060606060606060656 0.14141414141414144 0.0 0.0 0.020202020202020218 0.0 0.0 0.0 0.0 0.0 0.0 0.0 0.0 0.19191919191919196 0.27272727272727276 0.030303030303030373 0.11111111111111116 0.0 0.0 0.0 0.0 0.0 0.0 0.0 0.0 0.0 0.0 0.0 0.0 0.0 0.24242424242424246 0.0 0.0 0.0 0.0 0.0 0.21212121212121215 0.030303030303030373 0.050505050505050504 0.0 0.0 0.0 0.0 0.0 0.0 0.36363636363636376 0.0 0.0 0.33333333333333337 0.0 0.0 0.0 0.0 0.0 0.30303030303030304 0.0 0.0 0.0 0.0 0.0 0.0 0.0 0.0
0.23232323232323238 0.15151515151515152 0.393939393939394 0.5555555555555556 0.47474747474747475 0.29292929292929293 0.6464646464646465 0.6161616161616162 0.5858585858585859 0.45454545454545453 0.37373737373737376 0.6464646464646465 0.6161616161616162 0.24242424242424246 0.15151515151515152 0.31313131313131315 0.23232323232323238 0.40404040404040403 0.37373737373737376 0.3434343434343435 0.21212121212121215 0.21212121212121215 0.393939393939394 0.31313131313131315 0.45454545454545453 0.42424242424242425 0.29292929292929293 0.27272727272727276 0.30303030303030304 0.21212121212121215 0.24242424242424246 0.15151515151515152 0.18181818181818188 0.24242424242424246 0.21212121212121215 0.18181818181818188 0.21212121212121215 0.24242424242424246 0.27272727272727276 0.24242424242424246 0.21212121212121215 0.19191919191919196 0.27272727272727276 0.13131313131313138 0.16161616161616166 0.23232323232323238 0.15151515151515152 0.19191919191919196 0.32323232323232326 0.29292929292929293 0.26262626262626265 0.13131313131313138 0.16161616161616166 0.35353535353535354 0.32323232323232326 0.29292929292929293 0.23232323232323238 0.3434343434343435 0.24242424242424246 0.37373737373737376 0.29292929292929293 0.4343434343434344 0.40404040404040403 0.31313131313131326 0.393939393939394 0.09090909090909094 0.12121212121212123 0.0 0.0 0.010101010101010154 0.0 0.020202020202020218 0.0 0.2828282828282829 0.36363636363636376 0.17171717171717174 0.20202020202020202 0.11111111111111116 0.14141414141414144 0.23232323232323238 0.0 0.0 0.030303030303030373 0.010101010101010154 0.040404040404040435 0.0 0.0 0.010101010101010154 0.25252525252525254 0.33333333333333337 0.19191919191919196 0.22222222222222224 0.16161616161616166 0.13131313131313138 0.16161616161616166 0.25252525252525254 0.060606060606060656 0.030303030303030373 0.050505050505050504 0.030303030303030373 0.060606060606060656 0.09090909090909094 0.060606060606060656 0.030303030303030373 0.060606060606060656 0.30303030303030304 0.21212121212121215 0.13131313131313138 0.11111111111111116 0.13131313131313138 0.050505050505050504 0.27272727272727276 0.29292929292929293 0.21212121212121215 0.22222222222222224 0.19191919191919196 0.21212121212121215 0.13131313131313138 0.050505050505050504 0.19191919191919196 0.4242424242424243 0.07070707070707072 0.0 0.393939393939394 0.09090909090909094 0.12121212121212123 0.0 0.010101010101010154 0.0 0.36363636363636376 0.11111111111111116 0.14141414141414144 0.010101010101010154 0.030303030303030373 0.010101010101010154 0.19191919191919196 0.11111111111111116 0.11111111111111116
0.20202020202020202 0.12121212121212123 0.3636363636363637 0.47474747474747475 0.4444444444444445 0.26262626262626265 0.5656565656565657 0.5353535353535354 0.5050505050505051 0.47474747474747475 0.3434343434343435 0.5656565656565657 0.5353535353535354 0.21212121212121215 0.12121212121212123 0.23232323232323238 0.20202020202020202 0.32323232323232326 0.29292929292929293 0.26262626262626265 0.23232323232323238 0.18181818181818188 0.31313131313131315 0.2828282828282829 0.37373737373737376 0.3434343434343435 0.31313131313131315 0.19191919191919196 0.27272727272727276 0.13131313131313138 0.16161616161616166 0.020202020202020218 0.10101010101010101 0.060606060606060656 0.030303030303030373 0.0 0.13131313131313138 0.16161616161616166 0.09090909090909094 0.060606060606060656 0.030303030303030373 0.21212121212121215 0.24242424242424246 0.15151515151515152 0.18181818181818188 0.15151515151515152 0.12121212121212123 0.21212121212121215 0.24242424242424246 0.21212121212121215 0.18181818181818188 0.15151515151515152 0.18181818181818188 0.27272727272727276 0.24242424242424246 0.21212121212121215 0.20202020202020202 0.26262626262626265 0.21212121212121215 0.29292929292929293 0.26262626262626265 0.35353535353535354 0.32323232323232326 0.2828282828282829 0.36363636363636376 0.0 0.040404040404040435 0.0 0.0 0.0 0.0 0.0 0.0 0.25252525252525254 0.33333333333333337 0.09090909090909094 0.17171717171717174 0.0 0.060606060606060656 0.15151515151515152 0.0 0.0 0.0 0.0 0.0 0.0 0.0 0.0 0.22222222222222224 0.30303030303030304 0.11111111111111116 0.14141414141414144 0.0 0.0 0.08080808080808087 0.17171717171717174 0.0 0.0 0.0 0.0 0.0 0.0 0.0 0.0 0.0 0.27272727272727276 0.13131313131313138 0.10101010101010101 0.030303030303030373 0.0 0.020202020202020218 0.24242424242424246 0.21212121212121215 0.18181818181818188 0.14141414141414144 0.11111111111111116 0.08080808080808087 0.10101010101010101 0.020202020202020218 0.11111111111111116 0.393939393939394 0.0 0.0 0.36363636363636376 0.0 0.040404040404040435 0.0 0.0 0.0 0.33333333333333337 0.0 0.060606060606060656 0.0 0.0 0.0 0.11111111111111116 0.08080808080808087 0.0
0.07070707070707072 0.09090909090909094 0.13131313131313138 0.29292929292929293 0.26262626262626265 0.33333333333333337 0.3838383838383839 0.35353535353535354 0.32323232323232326 0.29292929292929293 0.26262626262626265 0.3838383838383839 0.35353535353535354 0.18181818181818188 0.0 0.0 0.0 0.0 0.0 0.0 0.0 0.15151515151515152 0.030303030303030373 0.050505050505050504 0.09090909090909094 0.060606060606060656 0.030303030303030373 0.060606060606060656 0.24242424242424246 0.0 0.0 0.0 0.0 0.0 0.0 0.0 0.0 0.0 0.0 0.0 0.0 0.030303030303030373 0.21212121212121215 0.0 0.0 0.0 0.0 0.13131313131313138 0.0 0.0 0.0 0.0 0.0 0.0 0.0 0.0 0.0 0.0 0.18181818181818188 0.21212121212121215 0.18181818181818188 0.27272727272727276 0.24242424242424246 0.15151515151515152 0.33333333333333337 0.0 0.0 0.0 0.0 0.0 0.0 0.0 0.0 0.12121212121212123 0.30303030303030304 0.0 0.040404040404040435 0.0 0.0 0.22222222222222224 0.0 0.0 0.0 0.0 0.0 0.0 0.0 0.0 0.09090909090909094 0.27272727272727276 0.0 0.010101010101010154 0.0 0.0 0.0 0.19191919191919196 0.0 0.0 0.0 0.0 0.0 0.0 0.0 0.0 0.0 0.24242424242424246 0.0 0.0 0.0 0.0 0.0 0.21212121212121215 0.0 0.0 0.0 0.0 0.0 0.0 0.0 0.0 0.36363636363636376 0.0 0.0 0.33333333333333337 0.0 0.0 0.0 0.0 0.0 0.30303030303030304 0.0 0.0 0.0 0.0 0.0 0.0 0.0 0.0
0.32323232323232326 0.24242424242424246 0.4848484848484849 0.6464646464646465 0.5656565656565657 0.3838383838383839 0.888888888888889 0.8080808080808081 0.7272727272727274 0.6464646464646465 0.5656565656565657 0.787878787878788 0.7070707070707071 0.33333333333333337 0.24242424242424246 0.40404040404040403 0.32323232323232326 0.6464646464646465 0.5656565656565657 0.4848484848484849 0.40404040404040403 0.30303030303030304 0.4848484848484849 0.40404040404040403 0.6464646464646465 0.5656565656565657 0.4848484848484849 0.31313131313131326 0.393939393939394 0.20202020202020202 0.23232323232323238 0.24242424242424246 0.22222222222222224 0.4848484848484849 0.40404040404040403 0.32323232323232326 0.30303030303030304 0.2828282828282829 0.5151515151515152 0.3838383838383839 0.30303030303030304 0.2828282828282829 0.36363636363636376 0.22222222222222224 0.20202020202020202 0.32323232323232326 0.24242424242424246 0.18181818181818188 0.5656565656565657 0.4848484848484849 0.40404040404040403 0.32323232323232326 0.30303030303030304 0.595959595959596 0.46464646464646475 0.3838383838383839 0.32323232323232326 0.4848484848484849 0.33333333333333337 0.46464646464646475 0.3838383838383839 0.6262626262626263 0.5454545454545455 0.45454545454545453 0.4848484848484849 0.33333333333333337 0.36363636363636376 0.24242424242424246 0.27272727272727276 0.30303030303030304 0.33333333333333337 0.36363636363636376 0.30303030303030304 0.3737373737373738 0.45454545454545453 0.31313131313131326 0.3434343434343435 0.25252525252525254 0.2828282828282829 0.3737373737373738 0.32323232323232326 0.24242424242424246 0.22222222222222224 0.25252525252525254 0.2828282828282829 0.35353535353535354 0.22222222222222224 0.25252525252525254 0.3434343434343435 0.4242424242424243 0.23232323232323238 0.26262626262626276 0.30303030303030304 0.22222222222222224 0.20202020202020202 0.29292929292929293 0.40404040404040403 0.32323232323232326 0.24242424242424246 0.22222222222222224 0.20202020202020202 0.4343434343434344 0.30303030303030304 0.22222222222222224 0.20202020202020202 0.393939393939394 0.30303030303030304 0.22222222222222224 0.40404040404040403 0.32323232323232326 0.24242424242424246 0.36363636363636376 0.3838383838383839 0.30303030303030304 0.5656565656565657 0.4848484848484849 0.40404040404040403 0.32323232323232326 0.24242424242424246 0.3838383838383839 0.5151515151515152 0.31313131313131326 0.2828282828282829 0.4848484848484849 0.23232323232323238 0.26262626262626276 0.22222222222222224 0.20202020202020202 0.23232323232323238 0.45454545454545453 0.20202020202020202 0.18181818181818188 0.30303030303030304 0.22222222222222224 0.20202020202020202 0.2828282828282829 0.20202020202020202 0.30303030303030304
0.29292929292929293 0.21212121212121215 0.45454545454545453 0.6161616161616162 0.5353535353535354 0.35353535353535354 0.8080808080808081 0.7777777777777779 0.696969696969697 0.6161616161616162 0.5353535353535354 0.8080808080808081 0.6767676767676768 0.30303030303030304 0.21212121212121215 0.37373737373737376 0.29292929292929293 0.5656565656565657 0.5353535353535354 0.45454545454545453 0.37373737373737376 0.27272727272727276 0.45454545454545453 0.37373737373737376 0.6161616161616162 0.5353535353535354 0.45454545454545453 0.2828282828282829 0.36363636363636376 0.17171717171717174 0.20202020202020202 0.21212121212121215 0.19191919191919196 0.40404040404040403 0.37373737373737376 0.29292929292929293 0.27272727272727276 0.30303030303030304 0.4343434343434344 0.40404040404040403 0.27272727272727276 0.25252525252525254 0.33333333333333337 0.19191919191919196 0.17171717171717174 0.29292929292929293 0.21212121212121215 0.15151515151515152 0.4848484848484849 0.45454545454545453 0.37373737373737376 0.29292929292929293 0.27272727272727276 0.5151515151515152 0.4848484848484849 0.35353535353535354 0.29292929292929293 0.45454545454545453 0.30303030303030304 0.4343434343434344 0.35353535353535354 0.595959595959596 0.5151515151515152 0.3737373737373738 0.45454545454545453 0.25252525252525254 0.2828282828282829 0.11111111111111116 0.19191919191919196 0.22222222222222224 0.25252525252525254 0.2828282828282829 0.22222222222222224 0.393939393939394 0.4242424242424243 0.33333333333333337 0.36363636363636376 0.27272727272727276 0.30303030303030304 0.393939393939394 0.24242424242424246 0.21212121212121215 0.24242424242424246 0.27272727272727276 0.30303030303030304 0.27272727272727276 0.24242424242424246 0.27272727272727276 0.31313131313131326 0.393939393939394 0.25252525252525254 0.2828282828282829 0.32323232323232326 0.19191919191919196 0.22222222222222224 0.31313131313131326 0.32323232323232326 0.29292929292929293 0.21212121212121215 0.19191919191919196 0.22222222222222224 0.35353535353535354 0.32323232323232326 0.19191919191919196 0.22222222222222224 0.36363636363636376 0.27272727272727276 0.19191919191919196 0.37373737373737376 0.29292929292929293 0.21212121212121215 0.33333333333333337 0.35353535353535354 0.27272727272727276 0.4848484848484849 0.45454545454545453 0.37373737373737376 0.29292929292929293 0.21212121212121215 0.35353535353535354 0.4848484848484849 0.23232323232323238 0.20202020202020202 0.45454545454545453 0.25252525252525254 0.2828282828282829 0.19191919191919196 0.22222222222222224 0.25252525252525254 0.4242424242424243 0.17171717171717174 0.20202020202020202 0.27272727272727276 0.19191919191919196 0.17171717171717174 0.25252525252525254 0.17171717171717174 0.27272727272727276
0.26262626262626265 0.18181818181818188 0.42424242424242425 0.5858585858585859 0.5050505050505051 0.32323232323232326 0.7272727272727274 0.696969696969697 0.6666666666666667 0.5858585858585859 0.5050505050505051 0.7272727272727274 0.696969696969697 0.27272727272727276 0.18181818181818188 0.3434343434343435 0.26262626262626265 0.4848484848484849 0.45454545454545453 0.42424242424242425 0.3434343434343435 0.24242424242424246 0.42424242424242425 0.3434343434343435 0.5353535353535354 0.5050505050505051 0.42424242424242425 0.25252525252525254 0.33333333333333337 0.19191919191919196 0.22222222222222224 0.18181818181818188 0.16161616161616166 0.32323232323232326 0.29292929292929293 0.26262626262626265 0.29292929292929293 0.32323232323232326 0.35353535353535354 0.32323232323232326 0.29292929292929293 0.22222222222222224 0.30303030303030304 0.16161616161616166 0.14141414141414144 0.26262626262626265 0.18181818181818188 0.17171717171717174 0.40404040404040403 0.37373737373737376 0.3434343434343435 0.26262626262626265 0.24242424242424246 0.4343434343434344 0.40404040404040403 0.37373737373737376 0.26262626262626265 0.42424242424242425 0.27272727272727276 0.40404040404040403 0.32323232323232326 0.5151515151515152 0.4848484848484849 0.3434343434343435 0.4242424242424243 0.17171717171717174 0.20202020202020202 0.0 0.060606060606060656 0.14141414141414144 0.17171717171717174 0.20202020202020202 0.040404040404040435 0.31313131313131326 0.393939393939394 0.25252525252525254 0.2828282828282829 0.19191919191919196 0.22222222222222224 0.31313131313131326 0.060606060606060656 0.08080808080808087 0.16161616161616166 0.19191919191919196 0.22222222222222224 0.09090909090909094 0.060606060606060656 0.19191919191919196 0.33333333333333337 0.36363636363636376 0.27272727272727276 0.30303030303030304 0.24242424242424246 0.21212121212121215 0.24242424242424246 0.33333333333333337 0.24242424242424246 0.21212121212121215 0.18181818181818188 0.21212121212121215 0.24242424242424246 0.27272727272727276 0.24242424242424246 0.21212121212121215 0.24242424242424246 0.33333333333333337 0.29292929292929293 0.16161616161616166 0.29292929292929293 0.26262626262626265 0.18181818181818188 0.30303030303030304 0.37373737373737376 0.24242424242424246 0.40404040404040403 0.37373737373737376 0.3434343434343435 0.26262626262626265 0.18181818181818188 0.37373737373737376 0.45454545454545453 0.15151515151515152 0.12121212121212123 0.4242424242424243 0.17171717171717174 0.20202020202020202 0.060606060606060656 0.14141414141414144 0.17171717171717174 0.393939393939394 0.19191919191919196 0.22222222222222224 0.19191919191919196 0.16161616161616166 0.19191919191919196 0.27272727272727276 0.14141414141414144 0.24242424242424246
0.23232323232323238 0.15151515151515152 0.393939393939394 0.45454545454545453 0.47474747474747475 0.29292929292929293 0.6464646464646465 0.6161616161616162 0.5858585858585859 0.5555555555555556 0.47474747474747475 0.6464646464646465 0.6161616161616162 0.24242424242424246 0.15151515151515152 0.21212121212121215 0.23232323232323238 0.40404040404040403 0.37373737373737376 0.3434343434343435 0.31313131313131315 0.21212121212121215 0.29292929292929293 0.31313131313131315 0.45454545454545453 0.42424242424242425 0.393939393939394 0.22222222222222224 0.30303030303030304 0.11111111111111116 0.14141414141414144 0.050505050505050504 0.13131313131313138 0.14141414141414144 0.11111111111111116 0.13131313131313138 0.21212121212121215 0.24242424242424246 0.17171717171717174 0.14141414141414144 0.11111111111111116 0.19191919191919196 0.27272727272727276 0.13131313131313138 0.16161616161616166 0.13131313131313138 0.15151515151515152 0.19191919191919196 0.32323232323232326 0.29292929292929293 0.26262626262626265 0.23232323232323238 0.26262626262626265 0.35353535353535354 0.32323232323232326 0.29292929292929293 0.23232323232323238 0.3434343434343435 0.24242424242424246 0.27272727272727276 0.29292929292929293 0.4343434343434344 0.40404040404040403 0.31313131313131326 0.393939393939394 0.0 0.12121212121212123 0.0 0.0 0.010101010101010154 0.09090909090909094 0.12121212121212123 0.0 0.2828282828282829 0.36363636363636376 0.17171717171717174 0.20202020202020202 0.010101010101010154 0.14141414141414144 0.23232323232323238 0.0 0.0 0.030303030303030373 0.11111111111111116 0.14141414141414144 0.0 0.0 0.010101010101010154 0.25252525252525254 0.33333333333333337 0.19191919191919196 0.22222222222222224 0.060606060606060656 0.030303030303030373 0.16161616161616166 0.25252525252525254 0.060606060606060656 0.030303030303030373 0.050505050505050504 0.13131313131313138 0.16161616161616166 0.09090909090909094 0.060606060606060656 0.030303030303030373 0.16161616161616166 0.30303030303030304 0.21212121212121215 0.18181818181818188 0.21212121212121215 0.18181818181818188 0.15151515151515152 0.27272727272727276 0.29292929292929293 0.26262626262626265 0.32323232323232326 0.29292929292929293 0.26262626262626265 0.23232323232323238 0.15151515151515152 0.29292929292929293 0.4242424242424243 0.0 0.0 0.393939393939394 0.0 0.12121212121212123 0.0 0.010101010101010154 0.09090909090909094 0.36363636363636376 0.010101010101010154 0.14141414141414144 0.010101010101010154 0.030303030303030373 0.11111111111111116 0.19191919191919196 0.16161616161616166 0.16161616161616166
0.20202020202020202 0.12121212121212123 0.26262626262626265 0.37373737373737376 0.3434343434343435 0.26262626262626265 0.5656565656565657 0.5353535353535354 0.5050505050505051 0.47474747474747475 0.4444444444444445 0.5656565656565657 0.5353535353535354 0.21212121212121215 0.020202020202020218 0.08080808080808087 0.10101010101010101 0.22222222222222224 0.19191919191919196 0.16161616161616166 0.18181818181818188 0.18181818181818188 0.21212121212121215 0.18181818181818188 0.37373737373737376 0.3434343434343435 0.31313131313131315 0.19191919191919196 0.27272727272727276 0.0 0.11111111111111116 0.0 0.0 0.0 0.0 0.0 0.08080808080808087 0.16161616161616166 0.0 0.0 0.0 0.16161616161616166 0.24242424242424246 0.0 0.08080808080808087 0.0 0.020202020202020218 0.11111111111111116 0.14141414141414144 0.11111111111111116 0.08080808080808087 0.10101010101010101 0.18181818181818188 0.17171717171717174 0.14141414141414144 0.11111111111111116 0.10101010101010101 0.26262626262626265 0.21212121212121215 0.19191919191919196 0.16161616161616166 0.35353535353535354 0.32323232323232326 0.2828282828282829 0.36363636363636376 0.0 0.0 0.0 0.0 0.0 0.0 0.040404040404040435 0.0 0.25252525252525254 0.33333333333333337 0.0 0.17171717171717174 0.0 0.0 0.15151515151515152 0.0 0.0 0.0 0.0 0.060606060606060656 0.0 0.0 0.0 0.22222222222222224 0.30303030303030304 0.010101010101010154 0.14141414141414144 0.0 0.0 0.0 0.17171717171717174 0.0 0.0 0.0 0.0 0.08080808080808087 0.0 0.0 0.0 0.0 0.27272727272727276 0.030303030303030373 0.0 0.030303030303030373 0.0 0.020202020202020218 0.24242424242424246 0.21212121212121215 0.18181818181818188 0.24242424242424246 0.21212121212121215 0.18181818181818188 0.15151515151515152 0.12121212121212123 0.21212121212121215 0.393939393939394 0.0 0.0 0.36363636363636376 0.0 0.0 0.0 0.0 0.0 0.33333333333333337 0.0 0.0 0.0 0.0 0.0 0.010101010101010154 0.0 0.0
0.32323232323232326 0.24242424242424246 0.4848484848484849 0.6464646464646465 0.5656565656565657 0.3838383838383839 0.787878787878788 0.8080808080808081 0.7272727272727274 0.6464646464646465 0.5656565656565657 0.888888888888889 0.8080808080808081 0.33333333333333337 0.24242424242424246 0.40404040404040403 0.32323232323232326 0.5454545454545455 0.5656565656565657 0.4848484848484849 0.40404040404040403 0.30303030303030304 0.4848484848484849 0.40404040404040403 0.6464646464646465 0.5656565656565657 0.4848484848484849 0.31313131313131326 0.393939393939394 0.20202020202020202 0.23232323232323238 0.24242424242424246 0.22222222222222224 0.3838383838383839 0.40404040404040403 0.32323232323232326 0.30303030303030304 0.2828282828282829 0.5151515151515152 0.4848484848484849 0.40404040404040403 0.2828282828282829 0.36363636363636376 0.22222222222222224 0.20202020202020202 0.32323232323232326 0.24242424242424246 0.18181818181818188 0.46464646464646475 0.4848484848484849 0.40404040404040403 0.32323232323232326 0.30303030303030304 0.595959595959596 0.5656565656565657 0.4848484848484849 0.32323232323232326 0.4848484848484849 0.33333333333333337 0.46464646464646475 0.3838383838383839 0.6262626262626263 0.5454545454545455 0.40404040404040403 0.4848484848484849 0.23232323232323238 0.26262626262626276 0.14141414141414144 0.22222222222222224 0.20202020202020202 0.23232323232323238 0.26262626262626276 0.30303030303030304 0.3737373737373738 0.45454545454545453 0.31313131313131326 0.3434343434343435 0.25252525252525254 0.2828282828282829 0.3737373737373738 0.22222222222222224 0.24242424242424246 0.22222222222222224 0.25252525252525254 0.2828282828282829 0.35353535353535354 0.32323232323232326 0.35353535353535354 0.3434343434343435 0.4242424242424243 0.23232323232323238 0.26262626262626276 0.30303030303030304 0.22222222222222224 0.20202020202020202 0.29292929292929293 0.30303030303030304 0.32323232323232326 0.24242424242424246 0.22222222222222224 0.20202020202020202 0.4343434343434344 0.40404040404040403 0.32323232323232326 0.30303030303030304 0.393939393939394 0.30303030303030304 0.22222222222222224 0.40404040404040403 0.32323232323232326 0.24242424242424246 0.36363636363636376 0.3838383838383839 0.30303030303030304 0.46464646464646475 0.4848484848484849 0.40404040404040403 0.32323232323232326 0.24242424242424246 0.4848484848484849 0.5151515151515152 0.31313131313131326 0.2828282828282829 0.4848484848484849 0.33333333333333337 0.36363636363636376 0.27272727272727276 0.30303030303030304 0.33333333333333337 0.45454545454545453 0.25252525252525254 0.2828282828282829 0.35353535353535354 0.22222222222222224 0.25252525252525254 0.33333333333333337 0.20202020202020202 0.30303030303030304
0.29292929292929293 0.21212121212121215 0.45454545454545453 0.6161616161616162 0.5353535353535354 0.35353535353535354 0.7070707070707071 0.6767676767676768 0.696969696969697 0.6161616161616162 0.5353535353535354 0.8080808080808081 0.7777777777777779 0.30303030303030304 0.21212121212121215 0.37373737373737376 0.29292929292929293 0.46464646464646475 0.4343434343434344 0.45454545454545453 0.37373737373737376 0.27272727272727276 0.45454545454545453 0.37373737373737376 0.5151515151515152 0.5353535353535354 0.45454545454545453 0.2828282828282829 0.36363636363636376 0.17171717171717174 0.20202020202020202 0.21212121212121215 0.19191919191919196 0.30303030303030304 0.27272727272727276 0.29292929292929293 0.27272727272727276 0.30303030303030304 0.4343434343434344 0.40404040404040403 0.37373737373737376 0.25252525252525254 0.33333333333333337 0.19191919191919196 0.17171717171717174 0.29292929292929293 0.21212121212121215 0.15151515151515152 0.3838383838383839 0.35353535353535354 0.37373737373737376 0.29292929292929293 0.27272727272727276 0.5151515151515152 0.4848484848484849 0.45454545454545453 0.29292929292929293 0.45454545454545453 0.30303030303030304 0.4343434343434344 0.35353535353535354 0.494949494949495 0.5151515151515152 0.3737373737373738 0.45454545454545453 0.15151515151515152 0.18181818181818188 0.010101010101010154 0.09090909090909094 0.17171717171717174 0.15151515151515152 0.18181818181818188 0.17171717171717174 0.3434343434343435 0.4242424242424243 0.23232323232323238 0.26262626262626276 0.17171717171717174 0.20202020202020202 0.29292929292929293 0.09090909090909094 0.11111111111111116 0.19191919191919196 0.17171717171717174 0.20202020202020202 0.17171717171717174 0.19191919191919196 0.27272727272727276 0.31313131313131326 0.393939393939394 0.25252525252525254 0.2828282828282829 0.22222222222222224 0.19191919191919196 0.22222222222222224 0.31313131313131326 0.22222222222222224 0.19191919191919196 0.21212121212121215 0.19191919191919196 0.22222222222222224 0.35353535353535354 0.32323232323232326 0.29292929292929293 0.32323232323232326 0.36363636363636376 0.27272727272727276 0.19191919191919196 0.27272727272727276 0.29292929292929293 0.21212121212121215 0.33333333333333337 0.35353535353535354 0.27272727272727276 0.3838383838383839 0.35353535353535354 0.37373737373737376 0.29292929292929293 0.21212121212121215 0.45454545454545453 0.4848484848484849 0.23232323232323238 0.20202020202020202 0.45454545454545453 0.25252525252525254 0.2828282828282829 0.09090909090909094 0.22222222222222224 0.25252525252525254 0.4242424242424243 0.27272727272727276 0.30303030303030304 0.27272727272727276 0.24242424242424246 0.27272727272727276 0.35353535353535354 0.22222222222222224 0.32323232323232326
0.12121212121212123 0.09090909090909094 0.18181818181818188 0.24242424242424246 0.21212121212121215 0.18181818181818188 0.33333333333333337 0.30303030303030304 0.27272727272727276 0.24242424242424246 0.21212121212121215 0.33333333333333337 0.30303030303030304 0.33333333333333337 0.09090909090909094 0.050505050505050504 0.07070707070707072 0.09090909090909094 0.060606060606060656 0.030303030303030373 0.050505050505050504 0.25252525252525254 0.08080808080808087 0.10101010101010101 0.14141414141414144 0.11111111111111116 0.08080808080808087 0.31313131313131315 0.393939393939394 0.15151515151515152 0.23232323232323238 0.0 0.0 0.0 0.0 0.0 0.0 0.030303030303030373 0.0 0.0 0.0 0.2828282828282829 0.3636363636363637 0.12121212121212123 0.20202020202020202 0.0 0.0 0.13131313131313138 0.0 0.0 0.0 0.0 0.050505050505050504 0.0 0.0 0.0 0.0 0.0 0.13131313131313138 0.010101010101010154 0.030303030303030373 0.020202020202020218 0.0 0.40404040404040403 0.4848484848484849 0.0 0.060606060606060656 0.0 0.0 0.0 0.0 0.0 0.0 0.37373737373737376 0.45454545454545453 0.21212121212121215 0.29292929292929293 0.0 0.030303030303030373 0.22222222222222224 0.0 0.0 0.0 0.0 0.0 0.0 0.0 0.0 0.3434343434343435 0.42424242424242425 0.18181818181818188 0.26262626262626265 0.0 0.0 0.0 0.19191919191919196 0.0 0.0 0.0 0.0 0.0 0.0 0.0 0.0 0.0 0.393939393939394 0.0 0.0 0.0 0.0 0.0 0.26262626262626265 0.0 0.0 0.0 0.0 0.0 0.0 0.0 0.0 0.5151515151515152 0.0 0.0 0.4848484848484849 0.0 0.060606060606060656 0.0 0.0 0.0 0.45454545454545453 0.0 0.030303030303030373 0.0 0.0 0.0 0.0 0.0 0.0
0.0 0.0 0.09090909090909094 0.15151515151515152 0.12121212121212123 0.0 0.24242424242424246 0.21212121212121215 0.18181818181818188 0.15151515151515152 0.020202020202020218 0.24242424242424246 0.21212121212121215 0.09090909090909094 0.0 0.060606060606060615 0.030303030303030307 0.15151515151515152 0.12121212121212123 0.09090909090909094 0.060606060606060615 0.0 0.09090909090909094 0.060606060606060615 0.15151515151515152 0.12121212121212123 0.09090909090909094 0.12121212121212123 0.15151515151515152 0.060606060606060615 0.09090909090909094 0.0 0.0 0.0 0.0 0.0 0.0 0.0 0.0 0.0 0.0 0.09090909090909094 0.12121212121212123 0.030303030303030307 0.060606060606060615 0.0 0.0 0.0 0.020202020202020218 0.0 0.0 0.0 0.0 0.050505050505050504 0.020202020202020218 0.0 0.0 0.0 0.0 0.020202020202020218 0.0 0.08080808080808087 0.050505050505050504 0.21212121212121215 0.24242424242424246 0.0 0.020202020202020218 0.0 0.0 0.0 0.0 0.0 0.0 0.18181818181818188 0.21212121212121215 0.12121212121212123 0.15151515151515152 0.0 0.0 0.08080808080808087 0.0 0.0 0.0 0.0 0.0 0.0 0.0 0.0 0.15151515151515152 0.18181818181818188 0.09090909090909094 0.12121212121212123 0.0 0.0 0.0 0.050505050505050504 0.0 0.0 0.0 0.0 0.0 0.0 0.0 0.0 0.0 0.15151515151515152 0.0 0.0 0.0 0.0 0.0 0.020202020202020218 0.0 0.0 0.0 0.0 0.0 0.0 0.0 0.0 0.27272727272727276 0.0 0.0 0.24242424242424246 0.0 0.020202020202020218 0.0 0.0 0.0 0.21212121212121215 0.0 0.0 0.0 0.0 0.0 0.0 0.0 0.0
0.0 0.0 0.15151515151515152 0.31313131313131315 0.23232323232323238 0.0 0.40404040404040403 0.37373737373737376 0.3434343434343435 0.21212121212121215 0.08080808080808087 0.40404040404040403 0.37373737373737376 0.050505050505050504 0.060606060606060615 0.22222222222222224 0.14141414141414144 0.31313131313131315 0.2828282828282829 0.25252525252525254 0.12121212121212123 0.0 0.25252525252525254 0.17171717171717174 0.31313131313131315 0.2828282828282829 0.15151515151515152 0.18181818181818188 0.21212121212121215 0.12121212121212123 0.15151515151515152 0.060606060606060615 0.09090909090909094 0.15151515151515152 0.12121212121212123 0.09090909090909094 0.12121212121212123 0.15151515151515152 0.18181818181818188 0.15151515151515152 0.12121212121212123 0.10101010101010101 0.13131313131313138 0.09090909090909094 0.07070707070707072 0.14141414141414144 0.060606060606060615 0.10101010101010101 0.23232323232323238 0.20202020202020202 0.17171717171717174 0.040404040404040435 0.07070707070707072 0.26262626262626265 0.23232323232323238 0.20202020202020202 0.040404040404040435 0.15151515151515152 0.0 0.18181818181818188 0.10101010101010101 0.24242424242424246 0.21212121212121215 0.17171717171717174 0.20202020202020202 0.050505050505050504 0.13131313131313138 0.0 0.0 0.0 0.0 0.0 0.0 0.14141414141414144 0.17171717171717174 0.18181818181818188 0.16161616161616166 0.020202020202020218 0.10101010101010101 0.14141414141414144 0.0 0.0 0.0 0.0 0.0 0.0 0.0 0.0 0.16161616161616166 0.19191919191919196 0.15151515151515152 0.13131313131313138 0.07070707070707072 0.040404040404040435 0.07070707070707072 0.16161616161616166 0.0 0.0 0.0 0.0 0.0 0.0 0.0 0.0 0.0 0.11111111111111116 0.12121212121212123 0.040404040404040435 0.020202020202020218 0.040404040404040435 0.0 0.0 0.15151515151515152 0.07070707070707072 0.08080808080808087 0.050505050505050504 0.020202020202020218 0.0 0.0 0.050505050505050504 0.23232323232323238 0.08080808080808087 0.0 0.20202020202020202 0.050505050505050504 0.13131313131313138 0.0 0.0 0.0 0.17171717171717174 0.020202020202020218 0.10101010101010101 0.0 0.0 0.0 0.15151515151515152 0.07070707070707072 0.020202020202020218
0.0 0.0 0.12121212121212123 0.23232323232323238 0.20202020202020202 0.0 0.32323232323232326 0.29292929292929293 0.26262626262626265 0.23232323232323238 0.10101010101010101 0.32323232323232326 0.29292929292929293 0.07070707070707072 0.030303030303030307 0.14141414141414144 0.11111111111111112 0.23232323232323238 0.20202020202020202 0.17171717171717174 0.14141414141414144 0.0 0.17171717171717174 0.14141414141414144 0.23232323232323238 0.20202020202020202 0.17171717171717174 0.10101010101010101 0.13131313131313138 0.09090909090909094 0.07070707070707072 0.0 0.010101010101010109 0.0 0.0 0.0 0.040404040404040435 0.07070707070707072 0.0 0.0 0.0 0.12121212121212123 0.15151515151515152 0.060606060606060615 0.09090909090909094 0.060606060606060615 0.030303030303030307 0.12121212121212123 0.15151515151515152 0.12121212121212123 0.09090909090909094 0.060606060606060615 0.09090909090909094 0.18181818181818188 0.15151515151515152 0.12121212121212123 0.010101010101010109 0.07070707070707072 0.0 0.10101010101010101 0.07070707070707072 0.16161616161616166 0.13131313131313138 0.19191919191919196 0.22222222222222224 0.0 0.10101010101010101 0.0 0.0 0.0 0.0 0.0 0.0 0.16161616161616166 0.19191919191919196 0.15151515151515152 0.13131313131313138 0.0 0.07070707070707072 0.16161616161616166 0.0 0.0 0.0 0.0 0.0 0.0 0.0 0.0 0.13131313131313138 0.16161616161616166 0.12121212121212123 0.10101010101010101 0.0 0.0 0.040404040404040435 0.13131313131313138 0.0 0.0 0.0 0.0 0.0 0.0 0.0 0.0 0.0 0.13131313131313138 0.040404040404040435 0.010101010101010109 0.0 0.0 0.0 0.0 0.07070707070707072 0.040404040404040435 0.0 0.0 0.0 0.0 0.0 0.0 0.25252525252525254 0.0 0.0 0.22222222222222224 0.0 0.10101010101010101 0.0 0.0 0.0 0.19191919191919196 0.0 0.07070707070707072 0.0 0.0 0.0 0.07070707070707072 0.040404040404040435 0.0
