0.0932827493862977 0.09372907833072974 0.09372907833072974 0.09729970988618612 0.09863869671948226 0.1019861638027226 0.10220932827493863 0.1037714795804508 0.10555679535817898 0.10979692033028342
0.42857142857142866 0.08035714285714289 0.5357142857142857 0.19642857142857145 0.0 0.13392857142857142 0.3125 0.0 0.19642857142857145 0.08035714285714289
0.08035714285714289 0.0 0.18749999999999997 0.0 0.16071428571428578 0.05357142857142858 0.05357142857142858 0.0 0.0 0.0
0.5357142857142857 0.18749999999999997 1.0 0.3035714285714286 0.3482142857142859 0.0 0.41964285714285726 0.0 0.3035714285714286 0.18749999999999997
0.19642857142857145 0.0 0.3035714285714286 0.14285714285714288 0.18749999999999997 0.08035714285714289 0.16964285714285718 0.05357142857142858 0.05357142857142858 0.02678571428571429
0.0 0.16071428571428578 0.3482142857142859 0.18749999999999997 0.8571428571428573 0.3928571428571429 0.21428571428571433 0.27678571428571425 0.0 0.16071428571428578
0.13392857142857142 0.05357142857142858 0.0 0.08035714285714289 0.3928571428571429 0.28571428571428575 0.10714285714285716 0.16964285714285718 0.0 0.05357142857142858
0.3125 0.05357142857142858 0.41964285714285726 0.16964285714285718 0.21428571428571433 0.10714285714285716 0.28571428571428575 0.08035714285714289 0.08035714285714289 0.05357142857142858
0.0 0.0 0.0 0.05357142857142858 0.27678571428571425 0.16964285714285718 0.08035714285714289 0.14285714285714288 0.0 0.02678571428571429
0.19642857142857145 0.0 0.3035714285714286 0.05357142857142858 0.0 0.0 0.08035714285714289 0.0 0.14285714285714288 0.02678571428571429
0.08035714285714289 0.0 0.18749999999999997 0.02678571428571429 0.16071428571428578 0.05357142857142858 0.05357142857142858 0.02678571428571429 0.02678571428571429 0.0
