0.029470330545599364 0.09179609717244126 0.020749726842916805 0.02855129736850167 0.07064812261944878 0.00968048279876237 0.12420733388475325 0.08200839383635082 0.004513474047524227 0.00741864003512749 0.13328533937852935 0.023838699465939608 0.0030123865249313277 0.024420753811434815 0.019238427840578377 0.15874255838413545 0.018222385605898152 0.04082039028275587 0.09740219955273718 0.011972960001633837
0.14834501396395866 0.0 0.01018085235908757 0.0 0.07909493538433596 0.3146810790889888 0.03412847193480248 0.09980127581261655 0.0 0.1928667723052826 0.006381649878794346 0.197341177069066 0.068862180566029 0.03397270958928689 0.207290715271003 0.02670997110203502 0.0 0.0 0.019727753522366248 0.11869576358373451
0.0 0.01035194063856011 0.0 0.0 0.0 0.1711007315301174 0.008633565895542004 0.022572180614790244 0.0 0.1472117747453922 0.0 0.00099838109463804 0.14173742643380932 0.03738648452421672 0.004652717707961107 0.0 0.0 0.0 0.02769314465327853 0.0
0.01018085235908757 0.0 0.024429235974389486 0.0 0.0 0.22936944010160976 0.0 0.0 0.0 0.17382996852836075 0.0 0.10810788834671711 0.0 0.0 0.08775842468508588 0.0 0.0 0.0 0.0 0.08625393668110634
0.0 0.0 0.0 0.01645038298026691 0.0 0.09452702850832961 0.0 0.0 0.0 0.04657189552214619 0.0 0.0 0.0 0.0 0.13514506353191963 0.0 0.0 0.0 0.0 0.0
0.07909493538433596 0.0 0.0 0.0 0.16605849392799285 0.2652386720072528 0.050618638371994956 0.11113063762181813 0.0 0.20026200341051636 0.055459565998108945 0.13262283344206482 0.13549574773425943 0.11342607242488612 0.14801705166636625 0.05336012775363912 0.0 0.0 0.09188537413267 0.1447251025306741
0.3146810790889888 0.1711007315301174 0.22936944010160976 0.09452702850832961 0.2652386720072528 0.7147078871903191 0.20155095454554162 0.2661373409376466 0.22394754884397938 0.41399947303929996 0.17638344892104818 0.41931172711658893 0.203197783019597 0.3505223015635096 0.2835000440165516 0.1897777917800298 0.2130789143204268 0.2587487333211286 0.24155615661780983 0.3090031548371116
0.03412847193480248 0.008633565895542004 0.0 0.0 0.050618638371994956 0.20155095454554162 0.07931083011529126 0.10596955702472713 0.0 0.17189185549259067 0.0 0.0927569314344382 0.12876031425189044 0.07238739819182882 0.08467138643678285 0.007868325662930435 0.0 0.0 0.052814963751349364 0.05466906246899869
0.09980127581261655 0.022572180614790244 0.0 0.0 0.11113063762181813 0.2661373409376466 0.10596955702472713 0.20729205718906768 0.0 0.24574380228754789 0.07935305708145535 0.1592639193680569 0.10860803611247438 0.07254921570349354 0.22831940844089477 0.06353048182667606 0.0 0.030923865702637 0.07697858284460465 0.12463954647378728
0.0 0.0 0.0 0.0 0.0 0.22394754884397938 0.0 0.0 0.08261077352942436 0.2698150008917509 0.0 0.0 0.0 0.0 0.0 0.0 0.0 0.0 0.0 0.0
0.1928667723052826 0.1472117747453922 0.17382996852836075 0.04657189552214619 0.20026200341051636 0.41399947303929996 0.17189185549259067 0.24574380228754789 0.2698150008917509 0.6910245124569855 0.12636180550769466 0.23733120045776845 0.21987580565281062 0.21886149295671942 0.24183605863734103 0.12720547297823687 0.17455457227938925 0.20830752533365882 0.15937441183143342 0.32433208996301066
0.006381649878794346 0.0 0.0 0.0 0.055459565998108945 0.17638344892104818 0.0 0.07935305708145535 0.0 0.12636180550769466 0.02249127925584986 0.06329401271328125 0.00836873220949741 0.0 0.13932722249193857 0.0 0.0 0.0 0.0 0.04956916501581504
0.197341177069066 0.00099838109463804 0.10810788834671711 0.0 0.13262283344206482 0.41931172711658893 0.0927569314344382 0.1592639193680569 0.0 0.23733120045776845 0.06329401271328125 0.31402227030847885 0.06121833767374196 0.06113172336655737 0.2152188261779827 0.08840970511363794 0.0 0.04579181426441181 0.07654252458334271 0.16514164596788844
0.068862180566029 0.14173742643380932 0.0 0.0 0.13549574773425943 0.203197783019597 0.12876031425189044 0.10860803611247438 0.0 0.21987580565281062 0.00836873220949741 0.06121833767374196 0.5781294559322092 0.20586607946161173 0.030955049492965236 0.08768464886581884 0.0912576890932641 0.08418463356205025 0.17112546348180901 0.13734906915399137
0.03397270958928689 0.03738648452421672 0.0 0.0 0.11342607242488612 0.3505223015635096 0.07238739819182882 0.07254921570349354 0.0 0.21886149295671942 0.0 0.06113172336655737 0.20586607946161173 0.22353484296762932 0.0647860599798804 0.03944063581497945 0.07936466731452613 0.048506419380031224 0.09595320942898697 0.13712349966317705
0.207290715271003 0.004652717707961107 0.08775842468508588 0.13514506353191963 0.14801705166636625 0.2835000440165516 0.08467138643678285 0.22831940844089477 0.0 0.24183605863734103 0.13932722249193857 0.2152188261779827 0.030955049492965236 0.0647860599798804 0.40220809477313824 0.09997933862265002 0.0 0.055741352466348815 0.08019686119666575 0.18629915775749878
0.02670997110203502 0.0 0.0 0.0 0.05336012775363912 0.1897777917800298 0.007868325662930435 0.06353048182667606 0.0 0.12720547297823687 0.0 0.08840970511363794 0.08768464886581884 0.03944063581497945 0.09997933862265002 0.003271965009481903 0.0 0.0 0.02193768878830582 0.06726043284252939
0.0 0.0 0.0 0.0 0.0 0.2130789143204268 0.0 0.0 0.0 0.17455457227938925 0.0 0.0 0.0912576890932641 0.07936466731452613 0.0 0.0 0.02035540582960067 0.0 0.0 0.0
0.0 0.0 0.0 0.0 0.0 0.2587487333211286 0.0 0.030923865702637 0.0 0.20830752533365882 0.0 0.04579181426441181 0.08418463356205025 0.048506419380031224 0.055741352466348815 0.0 0.0 0.056100220490377245 0.0 0.018741083197257064
0.019727753522366248 0.02769314465327853 0.0 0.0 0.09188537413267 0.24155615661780983 0.052814963751349364 0.07697858284460465 0.0 0.15937441183143342 0.0 0.07654252458334271 0.17112546348180901 0.09595320942898697 0.08019686119666575 0.02193768878830582 0.0 0.0 0.10323728814198319 0.09403820756737818
0.11869576358373451 0.0 0.08625393668110634 0.0 0.1447251025306741 0.3090031548371116 0.05466906246899869 0.12463954647378728 0.0 0.32433208996301066 0.04956916501581504 0.16514164596788844 0.13734906915399137 0.13712349966317705 0.18629915775749878 0.06726043284252939 0.0 0.018741083197257064 0.09403820756737818 0.2687951890831684
