0.06023725157910954 0.061315667847789246 0.06208596518256047 0.06270220305037745 0.06331844091819443 0.06439685718687413 0.06470497612078262 0.06470497612078262 0.06716992759205054 0.068094284393776 0.07040517639808966 0.07055923586504391 0.07163765213372361 0.07287012786935758 0.07579725774148821
0.2857142857142857 0.0 0.16666666666666666 0.0 0.21428571428571433 0.29761904761904756 0.0 0.3452380952380952 0.15476190476190477 0.0 0.0 0.16666666666666666 0.03571428571428574 0.15476190476190477 0.023809523809523826
0.0 0.2857142857142857 0.0 0.0 0.0952380952380953 0.0 0.0 0.0 0.03571428571428574 0.3333333333333333 0.04761904761904765 0.04761904761904765 0.0 0.0 0.023809523809523826
0.16666666666666666 0.0 0.2857142857142857 0.0 0.0952380952380953 0.17857142857142852 0.0 0.22619047619047616 0.03571428571428574 0.0 0.0 0.04761904761904765 0.0 0.15476190476190477 0.023809523809523826
0.0 0.0 0.0 0.0 0.07142857142857148 0.0 0.0 0.08333333333333344 0.0 0.07142857142857148 0.0 0.0 0.0 0.0 0.0
0.21428571428571433 0.0952380952380953 0.0952380952380953 0.07142857142857148 0.8571428571428571 0.3452380952380952 0.07142857142857148 0.869047619047619 0.20238095238095247 0.14285714285714296 0.0952380952380953 0.3333333333333333 0.08333333333333344 0.08333333333333344 0.07142857142857148
0.29761904761904756 0.0 0.17857142857142852 0.0 0.3452380952380952 0.42857142857142855 0.03571428571428574 0.47619047619047605 0.16666666666666666 0.0 0.05952380952380951 0.29761904761904756 0.0 0.16666666666666666 0.03571428571428574
0.0 0.0 0.0 0.0 0.07142857142857148 0.03571428571428574 0.0 0.08333333333333344 0.0 0.07142857142857148 0.023809523809523826 0.023809523809523826 0.0 0.0 0.0
0.3452380952380952 0.0 0.22619047619047616 0.08333333333333344 0.869047619047619 0.47619047619047605 0.08333333333333344 1.0 0.21428571428571433 0.1547619047619048 0.0 0.3452380952380952 0.0 0.21428571428571433 0.08333333333333344
0.15476190476190477 0.03571428571428574 0.03571428571428574 0.0 0.20238095238095247 0.16666666666666666 0.0 0.21428571428571433 0.14285714285714285 0.08333333333333344 0.03571428571428574 0.15476190476190477 0.023809523809523826 0.023809523809523826 0.011904761904761913
0.0 0.3333333333333333 0.0 0.07142857142857148 0.14285714285714296 0.0 0.07142857142857148 0.1547619047619048 0.08333333333333344 0.8571428571428571 0.3333333333333333 0.0952380952380953 0.20238095238095247 0.0 0.07142857142857148
0.0 0.04761904761904765 0.0 0.0 0.0952380952380953 0.05952380952380951 0.023809523809523826 0.0 0.03571428571428574 0.3333333333333333 0.2857142857142857 0.04761904761904765 0.15476190476190477 0.0 0.023809523809523826
0.16666666666666666 0.04761904761904765 0.04761904761904765 0.0 0.3333333333333333 0.29761904761904756 0.023809523809523826 0.3452380952380952 0.15476190476190477 0.0952380952380953 0.04761904761904765 0.2857142857142857 0.03571428571428574 0.03571428571428574 0.023809523809523826
0.03571428571428574 0.0 0.0 0.0 0.08333333333333344 0.0 0.0 0.0 0.023809523809523826 0.20238095238095247 0.15476190476190477 0.03571428571428574 0.14285714285714285 0.0 0.011904761904761913
0.15476190476190477 0.0 0.15476190476190477 0.0 0.08333333333333344 0.16666666666666666 0.0 0.21428571428571433 0.023809523809523826 0.0 0.0 0.03571428571428574 0.0 0.14285714285714285 0.011904761904761913
0.023809523809523826 0.023809523809523826 0.023809523809523826 0.0 0.07142857142857148 0.03571428571428574 0.0 0.08333333333333344 0.011904761904761913 0.07142857142857148 0.023809523809523826 0.023809523809523826 0.011904761904761913 0.011904761904761913 0.0
