0.06023725157910954 0.061315667847789246 0.06208596518256047 0.06270220305037745 0.06331844091819443 0.06439685718687413 0.06470497612078262 0.06470497612078262 0.06716992759205054 0.068094284393776 0.07040517639808966 0.07055923586504391 0.07163765213372361 0.07287012786935758 0.07579725774148821
0.2857142857142857 0.0 0.21428571428571427 0.0 0.35714285714285715 0.32142857142857145 0.0 0.4642857142857143 0.17857142857142858 0.0 0.0 0.21428571428571427 0.10714285714285714 0.17857142857142858 0.07142857142857142
0.0 0.2857142857142857 0.0 0.0 0.2857142857142857 0.0 0.0 0.0 0.10714285714285714 0.42857142857142855 0.14285714285714285 0.14285714285714285 0.0 0.0 0.07142857142857142
0.21428571428571427 0.0 0.2857142857142857 0.0 0.2857142857142857 0.25 0.0 0.39285714285714285 0.10714285714285714 0.0 0.0 0.14285714285714285 0.0 0.17857142857142858 0.07142857142857142
0.0 0.0 0.0 0.0 0.21428571428571427 0.0 0.0 0.25 0.0 0.21428571428571427 0.0 0.0 0.0 0.0 0.0
0.35714285714285715 0.2857142857142857 0.2857142857142857 0.21428571428571427 0.8571428571428571 0.4642857142857143 0.21428571428571427 0.8928571428571429 0.32142857142857145 0.42857142857142855 0.2857142857142857 0.42857142857142855 0.25 0.25 0.21428571428571427
0.32142857142857145 0.0 0.25 0.0 0.4642857142857143 0.42857142857142855 0.10714285714285714 0.5714285714285714 0.21428571428571427 0.0 0.17857142857142858 0.32142857142857145 0.0 0.21428571428571427 0.10714285714285714
0.0 0.0 0.0 0.0 0.21428571428571427 0.10714285714285714 0.0 0.25 0.0 0.21428571428571427 0.07142857142857142 0.07142857142857142 0.0 0.0 0.0
0.4642857142857143 0.0 0.39285714285714285 0.25 0.8928571428571429 0.5714285714285714 0.25 1.0 0.35714285714285715 0.4642857142857143 0.0 0.4642857142857143 0.0 0.35714285714285715 0.25
0.17857142857142858 0.10714285714285714 0.10714285714285714 0.0 0.32142857142857145 0.21428571428571427 0.0 0.35714285714285715 0.14285714285714285 0.25 0.10714285714285714 0.17857142857142858 0.07142857142857142 0.07142857142857142 0.03571428571428571
0.0 0.42857142857142855 0.0 0.21428571428571427 0.42857142857142855 0.0 0.21428571428571427 0.4642857142857143 0.25 0.8571428571428571 0.42857142857142855 0.2857142857142857 0.32142857142857145 0.0 0.21428571428571427
0.0 0.14285714285714285 0.0 0.0 0.2857142857142857 0.17857142857142858 0.07142857142857142 0.0 0.10714285714285714 0.42857142857142855 0.2857142857142857 0.14285714285714285 0.17857142857142858 0.0 0.07142857142857142
0.21428571428571427 0.14285714285714285 0.14285714285714285 0.0 0.42857142857142855 0.32142857142857145 0.07142857142857142 0.4642857142857143 0.17857142857142858 0.2857142857142857 0.14285714285714285 0.2857142857142857 0.10714285714285714 0.10714285714285714 0.07142857142857142
0.10714285714285714 0.0 0.0 0.0 0.25 0.0 0.0 0.0 0.07142857142857142 0.32142857142857145 0.17857142857142858 0.10714285714285714 0.14285714285714285 0.0 0.03571428571428571
0.17857142857142858 0.0 0.17857142857142858 0.0 0.25 0.21428571428571427 0.0 0.35714285714285715 0.07142857142857142 0.0 0.0 0.10714285714285714 0.0 0.14285714285714285 0.03571428571428571
0.07142857142857142 0.07142857142857142 0.07142857142857142 0.0 0.21428571428571427 0.10714285714285714 0.0 0.25 0.03571428571428571 0.21428571428571427 0.07142857142857142 0.07142857142857142 0.03571428571428571 0.03571428571428571 0.0
