0.005776004973062578 0.010541856610029009 0.0054133858267716535 0.009738914214670534 0.00940219643597182 0.005594695399917115 0.0065271446332366345 0.009350393700787402 0.01144840447575632 0.007019270617488603 0.0062681309573145464 0.005698300870285951 0.005439287194363863 0.007925818483215915 0.005387484459179445 0.008158930791545794 0.007925818483215915 0.005568794032324907 0.005853709075839204 0.007925818483215915 0.006242229589722337 0.006941566514711977 0.005983215913800249 0.006578947368421052 0.005568794032324907 0.007304185661002901 0.005361583091587236 0.005361583091587236 0.009920223787815997 0.0058796104434314135 0.005853709075839204 0.009687111479486117 0.009816618317447161 0.007071073352673021 0.008184832159138003 0.012044135930377124 0.008573352673021135 0.005750103605470369 0.00572420223787816 0.005905511811023622 0.0064235391628678 0.0052579776212184 0.009505801906340655 0.005465188561956071 0.005309780356402818 0.008832366348943224 0.010878574388727726 0.005206174886033982 0.0061386241193535016 0.00870285951098218 0.011836924989639452 0.008728760878574389 0.006501243265644426 0.005750103605470369 0.005516991297140489 0.006371736427683382 0.0060091172813924575 0.006812059676750933 0.0062681309573145464 0.005698300870285951 0.005672399502693742 0.0052579776212184 0.0064235391628678 0.0052838789888106094 0.008987774554496477 0.00916908412764194 0.009039577289680896 0.006682552838789888 0.007848114380439287 0.010438251139660175 0.007485495234148363 0.005801906340654786 0.005698300870285951 0.005491089929548281 0.010878574388727726 0.005594695399917115 0.005439287194363863 0.010127434728553668 0.010826771653543307 0.005491089929548281 0.008314338997099047 0.009505801906340655 0.012251346871114795 0.00867695814338997 0.006682552838789888 0.005232076253626192 0.006035018648984666 0.006449440530460008 0.005983215913800249 0.010645462080397844 0.006708454206382097 0.006708454206382097 0.0052579776212184 0.011292996270203066 0.011862826357231663 0.005853709075839204 0.008184832159138003 0.009894322420223789 0.012743472855366764 0.00937629506837961 0.006734355573974306 0.005905511811023622 0.00663075010360547 0.006371736427683382 0.006112722751761293 0.006060920016576875 0.005905511811023622 0.00826253626191463 0.006086821384169084 0.009117281392457521 0.007640903439701616 0.008780563613758806 0.00823663489432242 0.009039577289680896 0.006112722751761293 0.0071228760878574385 0.010308744301699129 0.0072523829258184834 0.006371736427683382 0.0052838789888106094 0.005698300870285951 0.006086821384169084 0.005983215913800249 0.006734355573974306 0.005983215913800249 0.006786158309158723 0.005646498135101533 0.007355988396187319 0.005232076253626192 0.005905511811023622 0.005801906340654786 0.006035018648984666 0.005491089929548281 0.007640903439701616 0.005698300870285951 0.005620596767509325 0.005594695399917115 0.0061386241193535016
5.295667208875631 1.8973588924273206 12.354552485333937 20.661053252633486 20.286275059812496 0 0 0 4.778533628932944 12.381305027676738 20.893526467503353 0 0 2.22502130734253 0 5.733399099116788 0 0 0 4.11987747445891 5.638781809959106 1.4415056310216858 0 0 0 0 5.532427100715596 13.25445615103736 8.72697814342354 4.682207207698889 1.4533358846897197 0 0 0 0 0 4.642320055892279 4.91874147841177 0 0 0 9.399764935465088 17.46893134422733 1.106373482649012 0 0 0 0 0 0 0 0 2.5026148571302453 0 0 0 0 10.625297838452248 10.230279517281259 3.8175084252481977 0 0 18.92652623010519 0 0 0 0 0 0 0 0 0 0 0 0 0 0 0 0 0 0 0 0 0 0 0 0 0 0 0 0 0 0 0 0 0 0 0 0 0 0 0 0 0 0 17.179051797851287 0 0 0 0 0 1.0818971286258394 0 2.9682319780561013 0 0 2.051551721534361 0 0 0 0 0 0 0 0 0 0 0 0 0 0 0 0 0 0 0 0 0
1.8973588924273206 0.0 3.580081136663849 7.624611300360854 14.470351242471487 4.386602999536161 0 0 0 6.904835426482464 0.7865961608352343 0 0 0.3164289622247942 0 0 0 0 0 0 0 1.6456027195481795 7.92073511436759 2.21640544734743 0 0 3.888322637548221 13.790928185314478 17.304260522187363 0 0 0 0 0 0 0 0 3.8671076033508527 0 0 0 0 10.093669745982425 0 0.3359438226151372 0 0 0 0 0 0 0 0 0 0 0 0 0 11.322210472428946 0 0 0 0 0 0 0 0 0 0 0 0 0 0 0 0 0 0 0 0 0 0 0 0 0 0 0 0 0 0 0 0 0 0 0 0 0 0 0 0 0 0 0 0 0 0 17.379508125998512 0 0 0 0 0 13.928033602713516 2.633783205488138 0 0 0 0 0 0 0 0 0 0 0 0 0 0 0 0 0 0 0 0 0 0 0 0 0
12.354552485333937 3.580081136663849 8.124385906955528 24.37098184299066 16.168026112953914 0.4059538349643441 36.43322866754981 9.920757701434201 17.232401514345206 25.50827383313854 23.69609098610203 37.812804846529 31.64604406488707 18.546504548789912 2.4593377821739644 16.544659804098217 12.466184697234699 11.43527948789723 24.404737771858333 0.36601918079007856 8.927558067936175 15.021840408293158 22.65868435611864 17.29873049711117 19.93129141704548 10.880215842511603 4.802244845910149 5.876989953745879 30.53036134650835 0 14.99273515249008 0 0 13.958044676867416 7.589916918719258 10.445108953408841 2.2860804522542253 0 0 16.972996210626196 0 18.180247033956597 15.64424129748613 0 16.203948716346318 5.106074150495633 8.61789694778024 3.1993264743136933 9.353213379777422 6.758665249030251 14.959812321609391 10.946843589372918 8.428537641373229 0 0.4643622450947156 3.4696546330200633 0.10921197848213637 6.410390893127552 3.3913809762686693 9.919365712238356 6.343069054048428 31.02010488815889 9.554634482999862 0 0 0 0 0 0 0 0 0 0 0 0 0 0 0 0 0 0 0 0 0 0 0 0 0 0 0 0 0 0 0 0 0 0 0 0 0 0 0 0 0 0 19.516665838688 5.320517346716651 12.644402530216613 13.020123766555198 0 0 14.24212557422167 16.633839842542514 13.774959787438444 7.022765336313796 12.630585606456052 15.786549065301912 6.336996147593714 0 1.1571068745228317 0 0 0 0 0 0 0 0 0 0 0 0 0 0 0 0 0 0
20.661053252633486 7.624611300360854 24.37098184299066 19.64594218676073 30.94429625411346 21.95562866413589 48.82167827559407 26.75728813207659 23.84327754914137 40.75066567380556 26.3621610897518 56.485009179974526 21.709703182556716 6.461177631695893 3.2849923756461497 4.312769030024516 1.7739958189550658 19.84001342098458 23.961213484457932 26.552104986974335 1.5166666460405214 12.471117373672072 17.843438726610835 17.65430951563932 11.102993934912842 13.169555447654567 28.889318744821097 11.973208959110686 26.175463464374012 0.6959991355294335 5.6881060114276565 9.536125536659952 20.975951394295116 27.540970839776804 25.681625689377228 14.316199783966233 25.700893931340474 30.544912248468897 5.949477362833427 5.357192602660156 21.5744969025697 8.367960832851775 30.594390473182962 10.503474406858185 25.092194942801484 22.133542595488414 6.822787872242506 15.615413145982878 8.958072571599423 25.262185417589514 2.9325947471009464 5.075947096211834 19.665636790686687 12.13106375427014 16.735678759361456 26.8190504415552 4.160732901694425 8.553667715801087 3.6842224963451677 20.38903655967741 25.94092758413114 11.295519672937782 37.767619520417014 0 0 0 0 0 0 0 0 0 0 0 0 0 0 0 0 0 0 0 0 0 0 0 0 0 0 0 0 0 0 0 0 0 0 0 0 0 0 0 0 0 0 23.46966775386732 15.445949193106038 2.821301974486815 0.014295956380241392 11.224475811180902 5.714860383301607 25.356874068677286 10.49369994021838 13.13646168375871 33.83800998199582 20.7898973922515 26.837241738707412 4.769111454787192 17.75752785413836 20.25108432087901 0 0 0 0 0 0 0 0 0 0 0 0 0 0 0 0 0 0
20.286275059812496 14.470351242471487 16.168026112953914 30.94429625411346 25.78915203454754 10.116372993858612 39.81069813585913 23.85350677566455 15.903826188162622 28.28193016308719 12.471137837913481 6.988360909051355 39.8017497457584 10.94784491420685 6.287204378512957 9.843044051866485 10.732974670635821 17.19904722260072 25.08349872693349 12.75012564079013 1.0167261124704128 14.307249544396502 26.689090547453755 22.76924376315649 15.524518151717885 23.70207227802947 8.473459861311559 26.579001217303727 4.175552856538962 8.436536611375201 24.396151041672773 9.344231132807142 7.805465525239363 17.803256005445114 20.886056371055055 7.151051490661072 21.099076843002777 7.974223246286478 0 0 0 15.343763471323037 2.805555208304881 17.40098781812225 21.463170915776423 13.09169606474908 12.963308664822584 12.690446938517702 5.3378576911803215 4.521907845678584 10.305266594982623 4.895422980688009 9.528570763306845 20.177403489408785 20.602440266808006 3.8856002923490607 11.033792430905761 27.939364027726526 26.13488838861123 7.747528254747447 5.2002622873289805 34.52920861821997 3.117429703580658 0 0 0 0 0 0 0 0 0 0 0 0 0 0 0 0 0 0 0 0 0 0 0 0 0 0 0 0 0 0 0 0 0 0 0 0 0 0 0 0 0 0 25.048834369399373 3.8043391297211038 0.504092677116784 6.337325288092007 10.21440557745246 8.344574421424452 29.581506418481453 7.436182363820995 8.609832930208167 2.800704220089731 22.03396816548169 1.6654356899539877 2.0904576785484483 7.65946769884024 3.0041767513677655 0 0 0 0 0 0 0 0 0 0 0 0 0 0 0 0 0 0
0 4.386602999536161 0.4059538349643441 21.95562866413589 10.116372993858612 15.215849888387297 0 0 28.940527602557815 5.596171912672979 19.709679974136986 0 0 19.172513282810584 4.145291479623289 0 0 0 0 17.62312079925013 0 17.912539371200815 3.994743964360108 9.161066391904367 0 15.167339942200009 16.229555065357594 11.512137617333735 14.986478427207949 9.011191731726012 11.079391093191166 3.1656790021482237 7.8450985249938725 0 0 5.513831964820767 13.145245138740652 0 0 0 0 0 24.98004972343583 7.642252747280573 15.417241449115423 0 0 4.616299995466335 0 0 0 4.9114697189826995 3.7446246323867225 0 0 0 1.0004280587226049 0.44446903253609094 23.147013785071657 2.5599516266167264 8.397475299871456 0 13.789807641456658 0 0 0 0 0 0 0 0 0 0 0 0 0 0 0 0 0 0 0 0 0 0 0 0 0 0 0 0 0 0 0 0 0 0 0 0 0 0 0 0 0 0 18.21137298006275 1.6977710875611542 7.998325595370119 0 0.4602549515227299 1.336830232597638 15.187073274591537 17.730418554655675 8.447633480595083 0 0 0 9.572883067984478 0.435028485533687 0 0 0 0 0 0 0 0 0 0 0 0 0 0 0 0 0 0 0
0 0 36.43322866754981 48.82167827559407 39.81069813585913 0 56.55481983914582 51.30266543146779 21.62108154995165 37.9908220771642 25.81364690301185 42.565903963471506 20.195938809708252 0 8.966584751733329 13.96419783530466 14.146254780812662 27.45728820370298 15.916871501642206 41.23108812306082 34.54048171635277 0 39.36725936933068 38.976539509445956 35.95022761359395 17.082794288129257 3.5039378224546773 0 0 36.70368267865666 0 31.50153366023808 15.418546978720954 4.617598871828573 17.755543260394745 14.969078307131582 5.30609694773219 20.53454398443111 27.357938431094915 13.878773340608042 18.466158654774155 0 0 1.8147047543425145 0 29.25714991671441 5.445469465650326 0 11.276530913595977 37.31659482992552 39.119635171578345 33.420715992463464 9.562314952455647 48.71568534354725 6.19901686702449 43.841475683829934 3.341272387072511 42.23623410739511 0 49.398753799476566 38.96005085271037 26.701670342035563 23.119428687674713 0 0 0 0 0 0 0 0 0 0 0 0 0 0 0 0 0 0 0 0 0 0 0 0 0 0 0 0 0 0 0 0 0 0 0 0 0 0 0 0 0 0 0 12.591442078064485 24.33369722314248 30.535247366121382 7.813701027254403 17.612802334492876 0 40.01984324717769 5.045171692926376 22.612472295616474 14.614039426076609 35.08516360114207 33.299391456557544 27.6872596025137 36.53331330297892 0 0 0 0 0 0 0 0 0 0 0 0 0 0 0 0 0 0
0 0 9.920757701434201 26.75728813207659 23.85350677566455 0 51.30266543146779 50.53190792547538 19.991787957210512 46.080910859151565 45.88471333160082 13.412607040779456 7.39238995564925 0 10.774658145084405 24.364976561140463 4.287510659928529 34.20855058511799 34.697237433953525 33.66490980649817 34.36527092478105 0 10.730770379067039 31.844369246296523 48.072514996699695 18.80806825641245 37.938301845052074 0 0 25.17065235012347 25.756538319311737 4.998952218081881 6.812017513157716 33.10913332856968 30.35221337566474 20.156404216536497 3.9842803321310925 2.3785247143397026 24.2929072449689 39.966925184910245 33.83951732691511 0 0 19.399854208073855 33.19679455541199 6.643708288277367 27.608424584549326 0 17.365730424171495 19.629325343211345 27.314038756296128 3.044108973606857 30.21935677019249 3.584840076943875 37.55473762861456 36.07083471075514 13.545863199867757 29.312533806496617 0 20.693944784415045 26.578809666791777 8.595634515291366 44.426368637822065 0 0 0 0 0 0 0 0 0 0 0 0 0 0 0 0 0 0 0 0 0 0 0 0 0 0 0 0 0 0 0 0 0 0 0 0 0 0 0 0 0 0 0 30.13667517417096 27.577737458199493 27.908713531935767 27.338077695908368 21.375068467444308 0 27.694347487296696 28.26152054714393 16.544636003791535 35.597610987150595 30.348210379280466 27.195740882840866 22.39212529784109 8.893659351463587 0 0 0 0 0 0 0 0 0 0 0 0 0 0 0 0 0 0
4.778533628932944 0 17.232401514345206 23.84327754914137 15.903826188162622 28.940527602557815 21.62108154995165 19.991787957210512 43.38562298194144 35.67483907616041 12.720196579372338 39.54764966552807 22.645472545454762 0 5.874865171825423 13.031583971439542 11.999847519865302 11.807507178424252 7.49487171196926 9.68359862802374 24.553480205291258 0 27.39110233322119 12.858929847106861 14.41437688407872 7.7321105541974156 15.541347551925789 27.138862358877695 0 9.086668562372992 7.927092078961415 9.80065639298634 26.891858807424143 19.66053135181738 20.640556869902426 25.416385995545397 24.412605865789377 12.66844320252616 13.520379389616188 30.67884087453716 16.32746675511589 0 0 6.780742426718572 24.143491041874228 15.691933887174386 3.3435975888323846 25.32066110039328 33.143775042049086 28.06491748350342 20.9923015015694 1.0712559238702868 11.967844000047233 8.380020616678447 17.305545260880233 18.63659902249303 11.346044799000566 23.865251216398153 0 9.853155390525558 7.564955662296814 33.74373210376962 4.146193349391865 0 0 0 0 0 0 0 0 0 0 0 0 0 0 0 0 0 0 0 0 0 0 0 0 0 0 0 0 0 0 0 0 0 0 0 0 0 0 0 0 0 0 0 22.09202281238911 6.217377014751763 25.6983183635174 9.872487394674575 7.078539348944258 0 20.473109689091483 14.747586742211318 14.361523957604664 36.72676482812312 30.834730102078893 24.681948978902646 9.586662710429653 31.196307096399273 0 0 0 0 0 0 0 0 0 0 0 0 0 0 0 0 0 0
12.381305027676738 6.904835426482464 25.50827383313854 40.75066567380556 28.28193016308719 5.596171912672979 37.9908220771642 46.080910859151565 35.67483907616041 25.84981498429336 29.247865313735005 37.28080018774356 9.562134618121284 12.794541698986766 12.893037160782033 27.422614507141056 6.827654316702205 19.227048187552697 4.586733982397071 3.29268242144353 4.182531636527937 6.73158009844555 9.408264504661524 4.309557116491135 32.35540760577174 4.494304847837892 10.99862318433524 34.867798083780926 4.969371041402422 2.1337916740932954 1.0393858442161026 7.32884380878513 17.133601555993693 28.782567822364598 8.605827491301735 0.023484727372979464 23.01020702558175 2.7701578577939223 31.414635491073852 7.480046348302022 23.644284932286183 12.862172506873929 16.49115643592425 20.964837746291533 7.330267082681699 8.37756920404048 9.003621634703546 26.119561218519443 13.963783260812132 29.891679837507304 20.638402733807947 15.490542777502796 2.5278774391322116 17.00828202138772 14.624945762279484 15.665211445141072 10.202670411695284 7.6517712225812495 18.027195449416027 24.844326718619726 24.611748107414115 13.305180688733188 36.64207205718182 0 0 0 0 0 0 0 0 0 0 0 0 0 0 0 0 0 0 0 0 0 0 0 0 0 0 0 0 0 0 0 0 0 0 0 0 0 0 0 0 0 0 22.343997777672435 19.794813351076932 12.812953603831403 6.8730302791281 1.907562648889047 16.745156154773653 21.243180665950646 17.987433213669426 1.7593511509367659 33.21629106692697 1.5286089805620193 16.306301022708574 19.78981591805797 19.4783930373196 21.903802973320303 0 0 0 0 0 0 0 0 0 0 0 0 0 0 0 0 0 0
20.893526467503353 0.7865961608352343 23.69609098610203 26.3621610897518 12.471137837913481 19.709679974136986 25.81364690301185 45.88471333160082 12.720196579372338 29.247865313735005 16.56450958065277 48.16784125325685 31.49442415923521 20.013222105413213 0 21.222947422391822 3.1577363958958635 15.631787941138636 17.33870731890511 26.115788147616932 20.810065564991337 8.019110615428763 7.476498820762227 10.007585636407448 19.147758488595535 8.429042264965506 15.21696913476439 18.0187546492748 23.019896775458832 13.51736985665677 13.891831916324879 10.095653826518113 5.0609674759089245 0 18.339175572686884 15.549738943035628 10.245051584810124 0 0 20.13988160283745 0 23.762199384103372 14.47968474977155 16.259871206812473 20.489326833347413 10.176139205777226 8.441373223341333 11.390015478352254 4.185792597798798 11.548208649028847 21.610425065630697 3.5999519101261654 7.956025494846152 33.94725378632244 11.485974947818146 9.602410711050965 12.35179196433301 3.8736547170410915 0.3420860761717526 4.712970640750353 24.17567985704325 13.64545404275609 34.200546063347446 0 0 0 0 0 0 0 0 0 0 0 0 0 0 0 0 0 0 0 0 0 0 0 0 0 0 0 0 0 0 0 0 0 0 0 0 0 0 0 0 0 0 27.051356903975012 16.66752375208227 0 19.565020700974273 1.1524836141599835 1.5600389768455027 0.9536171689292736 15.630525975644193 23.972147155471188 23.89940567507299 11.358811267500453 0.824213395091749 4.04695524117172 8.42379527896542 23.83376078513313 0 0 0 0 0 0 0 0 0 0 0 0 0 0 0 0 0 0
0 0 37.812804846529 56.485009179974526 6.988360909051355 0 42.565903963471506 13.412607040779456 39.54764966552807 37.28080018774356 48.16784125325685 35.65731713377307 15.018136599841355 0 18.822877688440062 14.917684878933485 34.17604417017143 9.844068628699464 8.363142832484915 38.65442981291591 17.860418199942607 0 6.022160065092159 32.55065108791236 36.37677708119921 16.130951063415267 26.511448014398105 0 0 34.57076558839485 0 13.69009497573645 11.355607830476494 39.82606217063261 38.29994964514846 12.12199957466946 34.16632059262174 14.476619997024237 48.57934761734011 46.76135495252519 29.99169183363989 0 0 34.71540904178163 0 32.11996622317521 31.657899532200176 0 41.40098239362523 16.769486544987384 10.117249547424503 15.406179611580338 16.465650435588675 30.158032234891728 47.82285573070894 9.369468896978567 35.75002776015294 43.55136572063612 0 14.722244724916436 8.813460110788604 27.26676960401474 54.8475984975433 0 0 0 0 0 0 0 0 0 0 0 0 0 0 0 0 0 0 0 0 0 0 0 0 0 0 0 0 0 0 0 0 0 0 0 0 0 0 0 0 0 0 0 12.396838648835512 18.625263885914837 7.117080502983429 24.041923350268235 27.445092845504057 0 8.400519128982914 1.9128135074639996 28.578395705014103 45.93654542764039 25.439371400632467 16.219640402878 8.86576213366725 36.34311941895981 0 0 0 0 0 0 0 0 0 0 0 0 0 0 0 0 0 0
0 0 31.64604406488707 21.709703182556716 39.8017497457584 0 20.195938809708252 7.39238995564925 22.645472545454762 9.562134618121284 31.49442415923521 15.018136599841355 31.350420269453565 0 10.783033962791965 9.6744637355004 20.673283874832617 37.453527691805085 27.081505640243037 4.254632197959777 28.048138727008343 0 5.924239068600238 11.66300150089123 46.78124426652135 10.273895673503485 16.056120618432544 0 0 8.760393717129752 11.417798252086556 9.536042217283399 16.578216882897 18.881478339565838 4.327584276748405 7.273090350502329 25.425716525194048 35.60654519341816 14.523220308448082 31.089250365191234 32.77049023759416 0 0 21.37237451376047 14.400034587556686 28.483026026368947 5.2537210321582055 0 6.54771878867227 36.82388206662225 33.55475240391737 3.2735041620430145 10.063845518198566 3.8599589486898633 40.53036275864068 8.914467865399903 2.4992357363452626 7.488364826154294 0 38.36640651475341 1.7654099970867279 52.06956009809142 30.639419408185603 0 0 0 0 0 0 0 0 0 0 0 0 0 0 0 0 0 0 0 0 0 0 0 0 0 0 0 0 0 0 0 0 0 0 0 0 0 0 0 0 0 0 0 17.51769594507314 16.403385188844304 7.842953771590771 22.459679810910995 9.54279179402861 0 3.0517372425282687 25.888387542655188 8.236982557889789 5.600978524907632 35.19589853210831 19.928207578378533 9.344251100681134 34.54524938491111 0 0 0 0 0 0 0 0 0 0 0 0 0 0 0 0 0 0
2.22502130734253 0.3164289622247942 18.546504548789912 6.461177631695893 10.94784491420685 19.172513282810584 0 0 0 12.794541698986766 20.013222105413213 0 0 5.834913370567941 4.792795833705478 8.753364094017337 0 0 0 0 8.0076272874516 19.19625526605998 14.619412755025685 10.386830535581552 0 0 13.873174904446337 17.893868726253352 33.62160483098953 14.009944636659995 6.699834861733056 0 1.6671170274329992 0 0 0 12.732484964463733 19.86740274409785 0 0 0 25.47954270531478 4.7523664265025545 3.597471885917191 5.811164790354173 0.016263641341115687 3.3369668878507373 11.825885533226302 0 0 0 8.41050978810724 8.797898222005589 0 0 0 3.6186171052952165 0 4.335484775275141 10.612703727239069 0 0 0 25.27243552166769 34.1012460139399 13.453379658909693 0 0 0 0 0 1.1575107038915373 0 26.718127192744006 40.03243959950434 20.128554574239168 15.965934626421866 0 5.474254800892632 1.6968285705809745 0 0 0 0 0 0 0 0 10.286721646088765 30.914261315611142 13.183774587981084 23.488945607537687 0 2.406291494760424 5.197371135852396 15.883476744454505 0 0 0 2.317658210276484 0 0 0 0 0 28.50503746861977 3.5919646318102636 0.5061172674155383 0 0 4.366603039950734 5.655987650777387 0 12.63470729579242 0 0 0 2.7292732404815006 0 0 0 0 0 31.161247015963383 5.189967619830313 7.415135784354355 0 0 10.795234547522483 13.846465348509522 12.125334212751753 0.46796270067733303 0 0 0.003939985732266393 12.107817741179641 11.41693734953991 0
0 0 2.4593377821739644 3.2849923756461497 6.287204378512957 4.145291479623289 8.966584751733329 10.774658145084405 5.874865171825423 12.893037160782033 0 18.822877688440062 10.783033962791965 4.792795833705478 0.0 2.98856830954358 2.0554354209599706 15.601928597021832 12.402695444793537 2.303059428643188 3.0232582321079384 1.801818101066572 6.913408807394102 0.05331795332557565 2.219691102193588 11.547831806568839 10.515885438831482 14.384962047615026 7.26691154546012 5.266857608735832 6.9121622855188285 0 0 0 0 0 3.9137770038732373 3.180485246599913 0 0 0.10902566967443139 1.0781697915781727 14.999117639725345 2.5172050892243876 0.23920889492260056 0.9348783564181034 0 4.768359364331905 9.836235057623743 4.140038323927044 0 1.9688014776792713 0 0 0 0.31568113050882296 1.8295242983834337 6.638702461375798 6.438327073717176 11.803589221985973 4.353617883930298 1.3942716087776112 12.554675241262139 5.8150038199035485 29.545595660959805 0.9130774388229828 9.882311878815246 0 0 0 4.185013493152665 0.7938279236044234 0 21.61047551905321 16.32648209073939 7.994098023707737 0.08206202042315525 3.763263199838258 6.657691982210057 0.7609422501787044 0 0 0 0 7.967944029078357 0 0 0 11.149753701605903 5.447705199342 1.8399775404385919 8.464874715096204 2.219510118031778 0 0.5817305812367053 1.2668336797333133 0.6005978588643401 0 0 0 1.8142887494515954 0 0 0 0 9.815946265734341 4.0542770003854045 0 0 0 0 0 6.2161284613351295 2.9928849940163715 3.6775206505104308 0.753308572259896 0.9361605628556022 0 0 0 0 0 0 13.099286236859829 4.1409438260718545 2.720128157037106 0 0 0 26.560782760699894 0 9.866676227572787 0 0 0 0.8027048090558946 4.84195778788539 0
5.733399099116788 0 16.544659804098217 4.312769030024516 9.843044051866485 0 13.96419783530466 24.364976561140463 13.031583971439542 27.422614507141056 21.222947422391822 14.917684878933485 9.6744637355004 8.753364094017337 2.98856830954358 3.9261685938711395 10.35293721851465 13.431355281919782 25.528288972906424 2.2973291781873826 8.802130948874156 5.231960192953709 14.366253557560356 14.536198506135392 16.030051369867202 10.55207504155018 19.14041983041968 16.246147590513676 5.617511491954897 9.335886130589124 7.121546080219524 1.2635166373456297 2.37166471134484 8.5111220381295 3.974883180059104 7.025761499771145 10.947419399757129 6.768381824571501 3.8035183782161823 2.236661402389788 7.7058018857121 13.070024587579482 12.142780904998567 10.87601372987761 2.782066681030299 1.8786956767653122 0.3422829905175604 14.013040302779963 21.39823742004256 16.626754835582105 5.811630723628014 0.9786762915987897 14.587663524466112 2.0877588061328165 3.4039353182191476 9.375427702039913 3.9442366611771735 10.642984255626649 3.89696376885062 15.823537457319361 5.129934334555605 3.8242340749320753 18.429223289353327 5.951355492148522 13.964027302218497 2.3366356716621812 18.64130126657603 0 2.3540775948060144 0 8.556291484782818 5.84425284866604 7.421908994328653 14.274168486808275 0 23.602985599018307 0 3.3926624868506874 8.925258738378872 5.823914113261534 3.3823573870290247 0.5163738710798347 3.67958219393385 3.5273109025658904 6.475848989835869 0 5.606438202680891 9.96360670885251 20.155602341553205 0.868572095122893 9.886921556045047 19.72993368504238 0 9.019488789082045 3.8435717119391484 3.1337224320142596 8.346812079269395 0 0 0.6094964277518216 0 7.0496814265239856 9.216405228687705 8.104801071155368 8.456755439423606 14.39199823857491 3.144130934875081 3.4660701727823504 0 8.264606894664325 0 15.286231200793708 10.928015077841975 14.216828075215624 0.33448496425067376 17.737177659554828 1.0985051755687785 2.1470084152198883 0 1.6731881733484748 0 0 0 10.17852290216048 9.051601165760527 12.473688382111202 0 0.7225644100395332 12.901720104332668 14.38584020084345 0.7634862869185035 3.534598748886939 7.228208466004011 2.8299662414870905 1.6600637684067667 17.537575839353117 12.279099253109209 7.954548328127853
0 0 12.466184697234699 1.7739958189550658 10.732974670635821 0 14.146254780812662 4.287510659928529 11.999847519865302 6.827654316702205 3.1577363958958635 34.17604417017143 20.673283874832617 0 2.0554354209599706 10.35293721851465 1.2893658393179814 14.972513616785825 1.8331462018863078 2.4281304262095524 2.1098277474790503 0 3.933076060351331 1.0019901847213926 20.268140749458684 8.82954198745715 8.678826469611765 9.021613526167279 2.8132699357215536 1.4699631915645943 5.541060236725734 0 2.6162195024766284 12.47053854791207 0 0 7.402635841728042 12.593615788470245 15.87642000131428 7.0343682798598 4.6402768609314275 12.452704855674863 6.1647786503949025 1.9280321405546683 8.865083176568675 4.892711906011902 0.4674626170023095 3.6846462908608526 3.013371875667998 8.678434617103285 4.986032482960892 4.266637605862774 9.685149442132317 6.332068880625094 10.0924007823027 14.292461145550032 2.9948775385125916 6.118443884506021 9.599096067084051 7.772398324478372 5.909678898498425 24.66648394703867 3.6996990715192783 15.267597345611001 33.04781213214574 6.424911204973213 12.301239965687948 0 0.015023924593730698 0 4.568976517128306 12.164762558624119 2.2146296593423944 19.83265595210633 15.185775652816599 16.63165019497786 4.233619941430783 1.639169802346319 11.592159561083456 18.626824722113234 0 0 0 6.1623272948737515 8.456082806596452 1.3040239298850054 0 1.2302330845601244 9.68217832678926 19.14968881616574 5.3305483401601865 5.666115346681682 0.8354096323545113 0 2.800001206337818 5.1776224424875 3.5621317220390374 0 0 0 7.087212353052275 2.35189283978581 2.42292823403848 0 0 18.656278854366935 6.738970713379363 1.4704673094166818 5.655747818883924 1.9191842711232985 0.0843086772663888 0.19966726187351114 6.836789745123401 6.239495717706669 6.130962684905446 11.061808626279863 5.400826057787501 4.716241383765004 0 10.572893344616261 0 0 0 13.16054588828462 7.87532378326822 12.439919717022619 0 0 0.45533068140468025 12.132620762409307 0.02711187548880467 0.2557121523367929 5.180921676531721 0 7.591540123519376 3.839741179758235 4.933195921751366 3.7837775200497816
0 0 11.43527948789723 19.84001342098458 17.19904722260072 0 27.45728820370298 34.20855058511799 11.807507178424252 19.227048187552697 15.631787941138636 9.844068628699464 37.453527691805085 0 15.601928597021832 13.431355281919782 14.972513616785825 32.63599987398933 30.571012337381063 32.28796290388959 13.518897726207697 0 16.60644865598296 20.83265490825677 25.832463625794976 22.52349950248437 13.305772322556788 0 0 26.608919834691207 0 10.452321334549628 20.004978406222605 18.594469214488598 12.667095993409426 10.261810260691199 12.490640964715094 25.739948277271367 18.136629600062292 1.4080871452714838 24.886641329520764 0 0 15.492166849872458 0 1.2774852922687758 10.739517750604008 0 30.046510091585525 25.39868530333663 15.401747377383167 21.455132607405737 15.831448706947029 14.057283647065013 4.0814721386770305 10.599470159655802 8.805209079841454 28.631759445872923 0 11.740453610675655 4.578868835930535 14.407659709590174 16.043435353625334 0 0 28.10575379655208 25.194282786100715 18.441229531957 21.93969101848597 9.075339777365123 14.74606527577566 5.650776192319597 2.381330271840479 0 0 17.783040284577943 0 4.2448413569712535 9.471093622513798 0 6.122343331775262 11.977843338025053 6.979262247178436 7.944262308871686 19.33778358862785 8.994535277803832 14.404780650792688 21.426123833449353 0 0 25.545108208701038 0 8.839603222431158 7.65438214034274 12.813477293252259 0 26.520495124917062 11.776167631806217 19.771829975648867 16.237990895325193 14.103660820131875 33.07393389164186 10.989726003017001 1.2226203385111774 4.874835772863836 0 27.997593260837817 14.665907033584432 4.87206309735009 1.6961688225218294 2.8993721773535324 0 25.555915644399654 25.01049332627322 9.92600143754468 22.86349036456787 5.552952832116146 6.459495031453203 10.98204564368412 3.9297549221329966 0 0 0 0 0.42449225241493593 19.283807099540233 3.9755378452488372 18.023174003550853 2.4191210444383913 0 18.312271225664333 29.584925354367954 4.459256078169485 3.254341547313196 7.153022125184659 17.82970770902541 2.899267505121422 3.9400682479885933
0 0 24.404737771858333 23.961213484457932 25.08349872693349 0 15.916871501642206 34.697237433953525 7.49487171196926 4.586733982397071 17.33870731890511 8.363142832484915 27.081505640243037 0 12.402695444793537 25.528288972906424 1.8331462018863078 30.571012337381063 29.933740156468048 22.40474327649643 16.856011210051907 0 14.274514627821755 22.450110072450467 17.772639036844588 31.14520765344337 26.35863083439186 0 0 4.572027772087292 6.874099857736464 6.1024171808680805 13.490135114976319 6.175408611520943 19.788877805414664 9.760439338473214 0.15439317294177357 4.923831920244858 2.068422191589878 24.06074970237274 22.007779128717377 0 0 6.423140639972178 19.61421635999687 6.294251962667595 6.962620551643486 0 9.512760008465644 6.925031492033316 12.49597108965611 9.057882221812818 17.752478050015178 10.213329657096612 12.76446247616758 23.397720404011746 9.67059422941572 6.804047576933922 0 21.498903948223248 18.15332721713507 32.68633051769629 13.732998899602759 0 0 8.747287631523257 11.730080087330673 6.792819529898422 14.342315101063171 12.110731064062755 18.539868580890996 3.2599000843360315 7.539532553018715 0 0 18.34419007104328 4.79004307810138 21.999570887222745 18.713977613377914 0 8.764830790196196 5.166431499146244 18.551593251985498 20.686477352844527 25.026874830842047 14.305456668106835 4.8530921529630096 9.421556859706712 0 0 26.313706077768266 17.082093488736977 4.300014665530101 10.223675693467484 18.55803614064484 0 12.307745122395914 6.052681338651643 15.612643900302967 18.416614774764795 3.168472390963693 14.243303746331605 10.494429462198276 3.3279105295633897 8.145249332910812 0 20.438093086413645 2.9163945281518853 11.259335099917635 9.719336658615454 10.294630665272074 0 25.31752482801528 2.9563321353952574 24.945459049835712 26.16887845211874 13.483302260724138 1.3518849487203486 9.122468674502699 24.017494528001123 0 0 0 0 20.121034894768393 12.36269236577671 9.2060215589784 16.668689810177263 25.17632238041208 0 21.951608980886583 5.989090961009069 0.25534635715557474 12.175473540522841 3.9713070743111167 4.987896948722501 7.5002676251566385 11.496629885793325
4.11987747445891 0 0.36601918079007856 26.552104986974335 12.75012564079013 17.62312079925013 41.23108812306082 33.66490980649817 9.68359862802374 3.29268242144353 26.115788147616932 38.65442981291591 4.254632197959777 0 2.303059428643188 2.2973291781873826 2.4281304262095524 32.28796290388959 22.40474327649643 23.80839121241582 4.739247414566986 0 21.346793307962493 14.629568647409364 23.97315694346604 19.471780689699894 14.076194500165478 8.868783115523406 0 19.454550364161914 9.578716340364576 6.573201026234059 5.801995194040705 5.600350222629782 6.564755354333906 3.8149657723710675 8.655715284031965 19.25036489965594 25.6578005499063 20.31183937592301 17.424531012142086 21.34267848649319 0 8.455138079601111 6.741483050176079 13.082091658165336 9.735562412533662 19.662094837358627 8.878315043951208 24.85283118908244 20.74114601933442 11.75196706500512 3.2566906896505277 5.365210584941973 6.925011527458416 4.956013462001055 5.207411469807411 12.22521690901933 0 2.261960163776175 10.200374750839774 19.439501431381625 29.427224564889457 28.167598314427963 0 0 6.401671213672758 5.75175536381642 2.3301421448082618 14.49332345905016 7.492079242782884 9.795021308228268 13.521627542539267 10.825171134647785 0 24.89573227796722 10.229324160221896 14.569374567107452 7.602387957627844 14.056503356264496 1.9091762235510537 4.846789471748906 3.986161796969597 16.17336523514348 19.775307052430822 11.981498862956023 11.074587757892889 11.33397798838681 22.263809661195896 0 18.470375627391643 3.231615878345604 18.012885047512952 6.685854521076125 17.82024273653107 21.60132178263292 16.39332664774883 2.7054094697008573 7.3777053040211555 1.2918726340991036 3.2838167834126324 21.835610139523094 14.770053315732653 3.413365580601809 0.1211337601023228 0 20.46489992088845 0.03571012074974078 10.37790459225787 16.097305323299274 5.893108790216704 0 19.814692306234612 15.914353231756841 4.698782796115456 15.113745973759126 19.36265920254143 3.032303452743408 4.821512932403998 21.11834111613575 0 0 0 0 16.8243133532757 15.356683361313149 2.0700770755634146 11.762453427800928 7.486901050927276 0 0.6645318158111877 7.314703651760105 7.397242334758367 1.9852192807414912 0 1.325582084770562 7.150047904269332 10.38141374990979
5.638781809959106 0 8.927558067936175 1.5166666460405214 1.0167261124704128 0 34.54048171635277 34.36527092478105 24.553480205291258 4.182531636527937 20.810065564991337 17.860418199942607 28.048138727008343 8.0076272874516 3.0232582321079384 8.802130948874156 2.1098277474790503 13.518897726207697 16.856011210051907 4.739247414566986 10.462262586181572 0 19.369433199610473 11.57616344343248 8.541658175448337 6.176248358123605 4.970427926106516 10.472554572384482 9.952141112691486 6.51027365662209 1.0770331290846888 0 1.8483991281655783 0.11016177304120411 7.918281708119281 0 1.1464130638110568 15.437612083983822 15.49377353935025 13.577682847824192 8.55620120749649 13.893362339378772 10.120234267292343 6.227598895444297 10.764763204732693 0.7292340830073352 1.8676366965789866 0.7867060123205132 18.508176118257 1.2025578525563088 10.281081852414347 2.266774395969163 8.975682203522528 21.735781352917126 9.12284661468175 7.379069131340227 0.9767004393749996 16.500585842229867 12.818164367628434 20.283784119125652 8.925078598210327 13.617111102186133 8.150043485011217 11.039877785304025 0 7.4204888150166255 1.112683466365052 0 5.762448390399509 4.511679839148236 7.398775364902619 8.751657622679605 6.105576105618091 1.1094882669124004 27.564786276397015 8.601600555138667 7.573311517320644 5.491825863292375 6.441626255793707 9.441881572036941 3.9109215055170257 0 0 0 0 7.082935861526263 2.7392873433194396 0.5044143975839805 11.74222841939729 11.687678832075939 9.769489759561473 22.215085715704518 2.687214045440548 7.409380410293842 8.055224481422718 18.865277243768052 6.133492432689067 4.53691392746302 3.377952615532264 3.5559359943708024 11.479579672591921 10.515109303957107 11.56012819589569 0 0 19.162077490932873 7.745881886228002 10.931808102372527 5.285963435341666 10.72399724887287 3.356035314141357 20.460204455028673 16.428897142853348 1.8326770573709936 19.62483554541223 9.719871451269302 9.642494904446473 3.8561398829532525 3.15133515722692 15.91512378516114 0 0 0 25.484568868663096 4.608381122576059 10.357698152867378 1.510189758945744 9.990311701435317 3.1554471049390553 2.4058623408448003 2.2134301038505644 8.344098659728031 8.406691253572411 0 8.083067289506833 7.58606904888963 5.7570365253085125 0.6575995574462983
1.4415056310216858 1.6456027195481795 15.021840408293158 12.471117373672072 14.307249544396502 17.912539371200815 0 0 0 6.73158009844555 8.019110615428763 0 0 19.19625526605998 1.801818101066572 5.231960192953709 0 0 0 0 0 16.726076015571877 1.6852816030525748 7.618603285565181 0 0 16.212659011575987 22.780685731475003 11.817520308883847 11.419932523000526 14.983832386590844 0 0 0 0 0 6.676274308660069 0.8843703390205047 0 0 0 18.608312073192444 12.398117492867762 6.2676779280219925 9.725542922058589 5.389107854485266 0 5.1531800214257775 0 0 0 6.2982726151048585 0.4241537688564474 0 0 0 8.048297466494954 0 14.485687562222363 0 1.979153718818484 0 0 0 0 0 0 0 0 0 0 0 0 20.289519277410502 25.210231428022567 12.536685960303977 26.229589897423125 4.406061695565576 0 26.421187173834113 0 0 0 5.960373750099848 0 0 0 0 27.860731796716493 27.85433596185927 15.502950145570711 5.369846159442194 0 1.6915337176566236 6.5598910283959775 24.100174528950603 0 0 0 0 1.6704864260322267 0 0 0 0 14.125318105672303 8.480980772461162 0.26264195748887076 0 0 0 10.174129168946106 2.361653130770339 0 0 0 0 0 0.4199208819226312 0 0 0 0 0 0 0 0 0 0 24.146599262736817 0 9.539069213865577 0 0 0 0 0 0
0 7.92073511436759 22.65868435611864 17.843438726610835 26.689090547453755 3.994743964360108 39.36725936933068 10.730770379067039 27.39110233322119 9.408264504661524 7.476498820762227 6.022160065092159 5.924239068600238 14.619412755025685 6.913408807394102 14.366253557560356 3.933076060351331 16.60644865598296 14.274514627821755 21.346793307962493 19.369433199610473 1.6852816030525748 12.012512187790012 14.966527793669908 10.432448906856255 10.220020662492987 15.681868017544275 1.3711602562864798 2.463231025293876 12.036959206976011 15.77499680820761 7.39620430672721 2.5081993610305204 16.398713582464666 19.050334081417542 13.525397757937164 12.000650322135272 19.91223667765852 21.297182410051846 19.084266737641506 19.496034516139957 15.98690676865387 14.632898786856078 12.818153487659039 9.016079808369984 6.555495033613553 5.218928602132021 18.62930421892436 6.441626494891416 19.27619789556906 6.128782333222002 12.697347884659031 0.9523810606098131 15.301836700120823 15.508497422953727 19.220591010473886 2.922932786504605 24.155300722911857 10.426383161415401 26.33377298947822 9.046522720263074 15.249610101782157 18.869882106299812 0 0 0 0 0 0 0 0 0 0 12.969932297288597 1.6041011371009404 0.07859436585814272 28.739327222077534 4.981802495163807 3.879500035271459 25.260689643136843 0 4.019014794489133 10.542866050132396 3.9938139789662763 8.695806123077976 1.6712132523484335 0 0 18.53731757964946 15.879947159000086 19.543194731861007 7.037835612478316 4.879663400549237 5.894483414435044 9.39595739271016 5.981629113865587 14.454146703184634 9.343433563538607 8.172941575825371 0 0 9.239584932817653 14.681394812541026 11.264409202015724 8.375198460773504 11.990858438016154 17.803993391082482 1.3066532067591616 11.143084452059007 3.1730509514594143 2.994766655682179 21.68582145817755 2.8362498609791578 6.089447875868412 17.261206779235366 6.610048742031511 2.263493720680076 0.5277320800654124 1.394929479718341 0 0 0 0 0 0 0 0 0 0 20.584106621291042 0 17.323978139063307 10.609457378577847 9.753144432947245 1.0773551902859069 4.905571736569124 1.8366127193554167 9.147635263742316
