0.0932827493862977 0.09372907833072974 0.09372907833072974 0.09729970988618612 0.09863869671948226 0.1019861638027226 0.10220932827493863 0.1037714795804508 0.10555679535817898 0.10979692033028342
0.42857142857142855 0.03571428571428574 0.47619047619047605 0.16666666666666666 0.0 0.05952380952380951 0.29761904761904756 0.0 0.16666666666666666 0.03571428571428574
0.03571428571428574 0.0 0.08333333333333344 0.0 0.07142857142857148 0.023809523809523826 0.023809523809523826 0.0 0.0 0.0
0.47619047619047605 0.08333333333333344 1.0 0.21428571428571433 0.1547619047619048 0.0 0.3452380952380952 0.0 0.21428571428571433 0.08333333333333344
0.16666666666666666 0.0 0.21428571428571433 0.14285714285714285 0.08333333333333344 0.03571428571428574 0.15476190476190477 0.023809523809523826 0.023809523809523826 0.011904761904761913
0.0 0.07142857142857148 0.1547619047619048 0.08333333333333344 0.8571428571428571 0.3333333333333333 0.0952380952380953 0.20238095238095247 0.0 0.07142857142857148
0.05952380952380951 0.023809523809523826 0.0 0.03571428571428574 0.3333333333333333 0.2857142857142857 0.04761904761904765 0.15476190476190477 0.0 0.023809523809523826
0.29761904761904756 0.023809523809523826 0.3452380952380952 0.15476190476190477 0.0952380952380953 0.04761904761904765 0.2857142857142857 0.03571428571428574 0.03571428571428574 0.023809523809523826
0.0 0.0 0.0 0.023809523809523826 0.20238095238095247 0.15476190476190477 0.03571428571428574 0.14285714285714285 0.0 0.011904761904761913
0.16666666666666666 0.0 0.21428571428571433 0.023809523809523826 0.0 0.0 0.03571428571428574 0.0 0.14285714285714285 0.011904761904761913
0.03571428571428574 0.0 0.08333333333333344 0.011904761904761913 0.07142857142857148 0.023809523809523826 0.023809523809523826 0.011904761904761913 0.011904761904761913 0.0
