0.0019446894150102888 0.002087902976580814 0.0019522269708824216 0.0015301238420429792 0.002834121007921971 0.0029396467901318317 0.0016431871801249726 0.0021783536470464087 0.001997452306115219 0.0018994640797774913 0.0020351400854758837 0.003994904612230438 0.0029094965666433 0.0017788631858233648 0.0018693138562889597 0.002615531887630117 0.0017336378505905675 0.0020200649737316177 0.00971590951917931 0.009384257060805463 0.00394967927699764 0.005811455577414468 0.017901695196315643 0.016168057345725077 0.00670088717032615 0.001929614303266023 0.006866713399513074 0.009120442605280811 0.004379319961709216 0.00197483963849882 0.001537661397915112 0.001620574512508574 0.007786295215913288 0.007884283442251016 0.003105473019318756 0.004680822196594533 0.01570826643752497 0.013183185220360445 0.005977281806601392 0.005570253789506215 0.007379267198818111 0.0035577263716467297 0.00309039790757449 0.0029094965666433 0.002080365420708681 0.005879293580263663 0.004786347978804393 0.002314029652744801 0.0020577527530922825 0.0029848721253646292 0.002615531887630117 0.0016884125153577702 0.0016884125153577702 0.0016733374036135044 0.001545198953787245 0.006188333371021113 0.006271246485614575 0.002849196119666237 0.004326557070604286 0.01293444587658006 0.010537503109241798 0.00425871906775509 0.0047637353111879945 0.006482298050034296 0.0030376350164695596 0.0018919265239053585 0.0023818676555939972 0.0023215672086169337 0.0016884125153577702 0.003859228606532046 0.001703487627102036 0.0018693138562889597 0.0020200649737316177 0.004824035758165058 0.003994904612230438 0.002607994331757984 0.0026607572228629145 0.0019371518591381558 0.0036632521538565903 0.01755496762619753 0.016967038268171163 0.007771220104169022 0.0017562505182069663 0.0024270929908267944 0.0020276025296037505 0.011622911154828936 0.03563002660757223 0.030112535709170943 0.012723394312160338 0.003927066609381242 0.013175647664488314 0.017630343184918858 0.00836668701806752 0.002072827864836548 0.002532618773036655 0.002231116538151339 0.0016054994007643083 0.002932109234259699 0.0015225862861708462 0.0015753491772757765 0.0018768514121610927 0.004251181511882957 0.003082860351702357 0.002095440532452947 0.0022085038705349403 0.001552736509659378 0.0029773345694924964 0.015112799523626468 0.014434419495134508 0.0062863215973588404 0.0015301238420429792 0.0018693138562889597 0.0017788631858233648 0.009120442605280811 0.030278361938357867 0.028770850763931287 0.010959606238081239 0.0031130105751908887 0.011585223375468271 0.01480375973286902 0.00740187986643451 0.0018316260769282952 0.006617974055732688 0.006512448273522827 0.002412017879082529 0.0038215408271713813 0.012323903850937295 0.010944531126336974 0.004891873761014254 0.00449238329979121 0.005984819362473524 0.0032185363574007493 0.0026682947787350472 0.0025250812171645222 0.0019823771943709534 0.001703487627102036 0.007047614740444264 0.006580286276372024 0.003075322795830224 0.004688359752466665 0.014245980598331185 0.011027444240930436 0.005095387769561842 0.0016356496242528398 0.005306439333981563 0.006685812058581884 0.002924571678387566 0.0019446894150102888 0.0027587454492006423 0.0020426776413480165 0.0021029780883250796 0.008879240817372559 0.009210893275746406 0.003934604165253375 0.006022507141834189 0.01755496762619753 0.01570826643752497 0.006293859153230974 0.0017562505182069663 0.006866713399513074 0.00924858105510707 0.004605446637873203 0.004364244849964951 0.004205956176650159 0.001771325629951232 0.002615531887630117 0.00914305527289721 0.008019959447949409 0.0031280856869351542 0.00332406213961061 0.004175805953161628 0.0025778441082694526
10.552458461490204 15.005505760685676 3.064429682184837 2.8575760012872156 2.369828465683282 1.0918709245779006 5.1640522764152585 5.033397091754338 1.278712754691707 4.212305199979157 4.065015037990825 2.396454533247537 6.0069879114903415 4.124177706079315 0 0 0 0 0.9092140693427471 0 0 5.293486196298581 3.7469140627962467 1.1304183801076988 1.7301609376717693 5.624895111645699 0.8870072026452807 1.3761830311101022 0 0 0 0.6485079715257687 1.3174460593158273 0.22371540193143247 0 0 2.4484062366135255 2.709008111247302 0 2.2527980151247426 0.5769900011629829 0 0.9507661507718677 0 4.112496983416072 0 0 0 0.7544398537495063 0.5225162535837775 4.397134885397403 5.6020686630698275 3.722589556128229 1.7934719180117344 1.1682948680100136 6.555243633530324 5.689565962905366 4.149590535262835 3.4838328033110493 4.609185686672088 4.015609770036027 2.1077209597429665 0.2179191835152725 2.4553655139166306 6.464774307145806 6.0082591467008335 1.4524379897462687 6.504970685638142 1.1867302382270104 2.877762772965717 1.9836487462183179 0.7706303525273626 5.307255173134315 2.644510100030521 4.901693546854183 7.302370700378635 7.65547611190982 3.6789689782979984 2.9720053988429775 1.4747501682007798 5.271560287752024 4.206051610636951 1.8814962318458157 0.3652118242076767 5.106155008756563 3.188281315155235 1.3891416106668117 2.300458616853664 3.2322962263845145 1.3584514393635043 3.6421727483872868 3.9068754905407754 2.899032090825676 1.1769350798814777 3.6684132701223433 1.9139992330566145 0.09738757583999913 0 0 0.8950728784673583 0.046696123768461106 1.1770802152772823 2.452017433938746 0.046959446774788915 0 0 0 0.5582964697287558 0 2.674290968064703 2.4366933928016756 0.7323436068665803 4.914855905088306 3.3626710745537114 2.4141401558579147 0 0.00024936646631879 2.5107710349725743 4.951803905891801 1.7699198253497759 0.8271444901813023 0 0.3689423897704458 0 0 0 0 0.5422265248628282 0 2.99284699360944 2.574360204210514 0 2.68676255245974 7.457344337964649 4.122153406997718 4.7257137749468185 5.705465907300052 5.290663256092195 5.19233749449176 0 1.5398606049843124 0.4076088221286973 0.8824171156756524 0 1.623551719804416 2.9408592691818676 0 3.9469158677592553 4.086654273488719 1.3220665494183663 1.8103484006199153 4.734746562942448 4.343243219808109 1.9939614073689569 0 1.2199387986514711 0 1.4664083850554732 1.6798961251941833 0 0 1.191922585687946 0 0 0.09119595318218288 3.165391658157585 1.0052893773884435 1.2645940970311855 0.41908316463751305 0.9122048573191268 1.7010466203582766 0
15.005505760685676 16.41509321887911 5.488254480194925 8.191215095145427 2.7367608901591325 4.768486712139854 5.994204347563695 0.3078483170232733 3.53313933667798 3.715693632280926 3.603738366203874 5.040606807028489 4.286054454221995 4.112903570075964 1.039397273460585 3.526288233138473 2.745785384877493 1.644398329995905 3.9301890142810194 2.380577402744194 0.5213079713172526 3.6011769556894784 5.136375589036184 1.290655367866135 6.116781559910276 3.151080914811196 6.88501082270794 6.552892532881462 4.321644043454608 1.1874488739476412 0.7118318951883253 0.7945799574896046 3.6871647108558268 2.2564416487636354 0 1.5930149598359975 5.094539618063084 0.3195873324064138 3.3959730062737137 7.222918567495142 3.0118632381502763 0.727462488596947 0 1.8410114164465998 1.5088187072718782 4.989705904070657 4.463484015859091 1.940751653698209 5.553418108316297 3.7947757153012986 6.957232347835436 7.69873162675383 2.0305079639277093 5.7125296286272516 4.686444193981785 3.7768777778961447 3.233627576338387 4.578958225159777 3.059602075868364 3.550070200754341 6.271549679837975 7.547517495181886 0 0.06459743161745024 6.280192387079563 0.8257551473545526 4.042568315885482 3.2123828076085275 1.0461481933119767 4.895340135537737 2.866064441675011 5.495743099617698 5.7791927232915405 2.598853858038499 3.4153706425092807 3.742627743107139 2.361663925485143 4.534674583492716 0 4.356957073754696 4.8126581450838195 5.502999117035159 4.985991723683746 3.1525981178538665 0 0.48370539322297645 0.40214052342068385 2.0649129382472715 1.3256693216432183 5.2726345992550065 0.17956780869007716 1.304007560237217 6.120979640125427 1.0278560167200048 1.452047026925861 3.6194964003918884 3.8426268266911876 3.688847692567432 5.980782171182927 4.688349919530911 3.191187384614496 3.8180886599280477 2.1421625939590356 0.47087762752699724 2.660717778822928 3.0075152017826063 2.805726109132749 2.0930186529298176 0.42767656482946137 2.9151788163317853 2.705565830869322 5.7143946770498815 2.7613562223470076 3.1386160572714665 0.8152364325147605 1.0023447450015794 2.1748802513870764 2.4483995526232043 1.7828126911818778 4.735681263646363 2.669822297185135 0 0.9864774389038118 0 0 0 3.323237272645976 2.836190235539963 0 5.362444693590142 0 1.288731935085334 2.966605085114079 5.340393973189961 1.863696060935169 5.7373028683757745 7.866809770907356 4.6514697323571035 5.698822741505648 1.1198079207562568 3.2197302477106806 5.744804784151206 2.46404870453628 0.0019947206131938344 0.6900027693820849 0 3.6647254547840724 5.085137850448831 5.027630365502468 2.2933382350901077 0.04864318162406711 4.8641177272552305 1.8374030649256063 6.166542998285799 0 0.9771478109081482 4.714146425013475 3.9091551792541424 0 0 1.8277635624931143 2.2138017879988094 2.746950216715348 0.34831825799697214 4.7002433383867235 0.0647894263259996 0.49675087116523287 0 4.2928308174565935 2.416065640859898 0 2.282720430194429
3.064429682184837 5.488254480194925 7.008685682971432 5.5547337044900615 4.471465741243074 2.971246057995714 6.4307453505636225 3.5122078922416264 2.907790493656252 0 0 1.2185174985334433 0.4188936914523911 1.915112656398163 2.0960206932731946 0.5962006265888817 0 1.778969211430006 0.75653703446614 0 0 3.8313389255611323 2.053838354166646 2.9415446603072315 0.35236655725284294 3.153294623664374 5.1955622561515575 2.0471612509332004 2.858970092815669 0 0 1.9205758592447975 0.576692660404424 0 0 4.55160380258425 3.6493315096512298 0.9182575120477878 0 4.769570385252457 1.6378286637520478 0.965124282988219 0 0 2.0631468657991316 2.019168616749038 0.7797483267359215 0 2.493382488435101 0.7640372935231152 0 0 0.47901932218545085 3.1959591892047943 1.6691452975411565 1.140561118173622 0.8710266906121245 0 0 0 1.4394639227158823 1.6107345922530563 0 0.5119594235285678 2.0238247021185316 3.2831032093507915 0.21656383342790342 3.796221459111189 2.973250027359006 2.6627966638251124 3.569037594454727 1.504512081342643 3.3828520597312046 1.2796296531503852 1.0066518870839332 0.850035887064724 0.7082050477343937 3.1731533603610966 2.126610251069133 2.9805689540141884 2.216831398348937 3.619932749791147 3.0489095251331317 2.1081194761784037 1.7417784838903767 0.5086943027918709 0.796189499864095 2.4024896615278726 2.676170428332316 0.012006419251364697 0.12749130672928644 0.8727513260269308 2.0562742228627346 2.162387154204694 1.8225524972471714 2.1393668115516213 2.2661094768482783 2.2588596470629376 2.2664230023721306 3.2489763332644586 0.8469305790668624 0 0 0 0.6621134241918831 2.504135613842454 1.8794726092877436 0 0.599328367392026 0 0.8483340733354634 3.497239794524461 3.6361788868281266 1.2401843541930875 2.6228661187922224 1.9853573861221099 0 4.946837776617935 1.2844639874109074 3.727748734572403 0 0 0 0 0 0.3689386964909511 1.3283308816590136 0.7715728667306596 0 1.0218824741233696 2.869243535743527 0 0 0.9364294369156951 0.9359129694613788 1.9284975880861026 0 0 2.8672978225296966 0 0 0.3059920285840132 0 0 0 0 0 0.2294570736119912 1.5291023361752476 2.698781662559705 0.4613664057906792 1.9443154569704877 0 1.8362274699920125 1.296336327691062 0 1.3042172446869564 0.41875037989694164 0 0 0 0 0.5909704093634218 0.8860053188574888 0 2.5258963434994595 0.8528441884382199 0 0 0 0 0
2.8575760012872156 8.191215095145427 5.5547337044900615 3.3247266977696386 3.1710665093460406 3.8740862955113116 2.424166668656472 2.3229650282275287 3.7395112474310412 0 0 0.36210113783840736 1.1343598291939383 0 0.06502464332198699 0.31519193174082893 1.3499067280687864 0.016183699138077934 0.43540074529625006 0.9365243540327546 0.6201145613374068 3.2903579949132062 2.3814602259233366 2.2036714773204933 3.157494342122666 2.581929231805196 1.6896464420362758 1.7628027143394043 2.8707257703484874 0 0 0 0 0 0 0.2920450904064964 0.8374995963705594 0.8179628090414868 0 3.2060849828654234 2.974538975423858 0.3719440827692537 0 0 0.2580612316666606 1.0427288896666251 0 0 2.296592900411566 1.7735745601366961 0 0 0 0 0.9430434691065344 0 0 1.6118841045198025 0 0 0 0.3864557873379848 0 0 0.049966031450113135 0 3.263465808495935 0 0 3.307863872608614 0 0 0 0.6622890229305227 2.3906205019262767 0 2.505169315464274 0.32848560835065044 0 0.566127774426529 0.019250836129094395 0.7975411664527741 2.3951470891297024 0 0 0 0 0.018075420400275988 0.18672052621191515 0 0 0 0 4.443831226839187 2.9795358638310745 1.5680888244838442 2.394957592817571 1.0619544504637588 3.4039026836080417 2.8030630161995873 1.2691973126769787 2.801640939113664 3.122321304749283 2.4515727707224233 4.348002519883941 3.402549329439907 0.17974283718476425 0.6975884312181124 0.006193837517871614 2.955885095242701 2.052358311868515 1.3866919958352746 1.8454344522527606 0.8153743812038341 1.2235141636397948 0.021725182730156334 0.30391407679977345 2.7598607484450604 1.3064412950763256 1.3989604767543975 0.30484328750201506 0 1.4939868589997891 0 0 0.9161419299484912 0 0 0 2.1154145886242297 1.94786554527699 0 0 0 0 0 1.3038264232737333 0 0 0 0 0 0 0 0 0 0 2.2880344826418337 0 0 0 0.4535930478713084 1.253163796430199 1.78560921143041 0 0 0 0.37173493283007275 0 0 0 0 0.8425054700979713 0.48237949979099604 2.1968719412046713 1.5179225044227103 1.2687112520346373 0.1905476667536643 0.05841839426977735 0 0 0
2.369828465683282 2.7367608901591325 4.471465741243074 3.1710665093460406 4.690264581719566 3.356134866986718 7.6384617189190145 7.316125755727958 6.508050013676687 0.17181306528495988 1.0574166047296352 2.919865132671797 3.2102761371689343 1.4931986329606826 0 1.609188443330364 0.5694394067322719 2.6418539834554906 1.5244327960695596 0.9690214006147988 0 5.087293374390043 4.517846672631045 1.070632619055333 0.1494614579237563 6.01080101477428 3.9372390622991453 4.589212914412503 0.5743133787029269 0.9263908132066927 1.844585239954366 4.148886953401531 1.7874558012952182 0.0498537483177266 0 5.254539127295999 5.361993649884919 3.4782272961477023 2.2803172651671266 6.199476447354069 4.797113024923469 2.061275228610709 1.0132744201297337 0 4.844772537420237 2.476732136687122 1.4611035436820003 2.4250784896244806 4.764413978949559 4.533323208973879 0 0 0 2.390021365348982 1.5689795708158378 0.7470355693145834 0.8549442526724089 0.8260536565427934 0 0.15738581061651757 1.554791056305655 0 0 1.3235491380365314 1.525588755519184 2.4750748552814272 0.27435211493469325 2.7262888500952407 1.8125008581374207 0.5825011728942453 1.4906112444877344 2.6138296738482563 1.8797914301160894 1.5181537772517935 3.6098782550004564 1.5265903878366558 3.7770870768122027 1.8233410615695824 0.6871763206167154 0.061996499417327655 0.522789874195805 1.420368060798456 2.1657246727714643 2.074861631054068 0.5295239824431874 0.6059281783770061 0.4955813868293788 1.106249412779606 0.42061223547502014 0.9201760370819647 1.876111139506996 0.9793503155007697 0.23151560080980893 5.738468515488357 2.1918484480065192 0 1.9553247833042597 0 2.545880808117005 2.1684225112656677 1.5653537133256954 3.39765734798638 0 0 0 1.8174925116893803 1.8421839826391624 0.3948127191398907 1.2865829948861247 0 1.1178589008214583 1.1033037981433047 3.5562146495523805 3.151966088118016 2.852438237554085 1.0063555341802557 0.2090116182908961 2.8503329859288353 4.163293181952387 2.2444554337637115 0.003964326172939181 2.9644934258040365 2.1879945346383494 0 0 3.801970180298907 2.303432620883666 3.431915256831325 1.385909275203912 3.3320427986845544 4.631307834193059 1.2646923125114968 0 0 1.4352890871129418 2.0752682895846846 0.41821970379379003 0.10375468541606736 0 0 0.3407668573867415 0 1.877388143673846 0 0 0 0 1.6174137417632544 1.5465852706847123 0 0 2.250153904992729 2.164857249594311 0.0919527685544903 1.8092242927741182 0.5764229550192708 1.230118220356431 1.0911129280217686 0 0 0 0 0.49588105697068485 1.3565440303247431 0 0.9188215427147908 1.2964970314690634 0 0 0 0 0
1.0918709245779006 4.768486712139854 2.971246057995714 3.8740862955113116 3.356134866986718 5.4063954375341545 3.634029798612911 6.9631462989648725 3.03064767558567 0.05292728747661801 0 0 0.504577748789707 0 1.342810521963571 1.8814776019910209 1.6799244910761058 0 0.40297025693976485 0.5543001968242098 0.7765555166530369 2.3833722518415676 1.2202611549526665 1.2694908040765078 2.5937347258682113 2.7886421596547493 1.936605201721794 1.2219417428499515 3.1226310847943424 1.414861152372513 0.26533872922061175 0.6903442680312537 2.7532064592196877 1.3763637761149816 0 2.9308717762102994 4.182727304539348 2.213921447998837 2.565535350082519 4.75891014677682 5.437898039509118 2.4280041583383944 0.5796011392096831 0.9096633568905297 1.65073231412671 3.3955839956037988 3.88246487722021 2.390307679905498 1.593042959853003 3.5661367382312577 0 0 0 0.7897792013942642 2.580907687755179 0 0.008504556680385633 0 0 0 0.04825695152117859 0 0 0 0 0 1.837222028470114 0 0 1.8876003534115462 0 0 1.329157554079348 3.1579619191959925 2.37060775977746 0.40844192491716313 1.1835668953141898 0 0 1.129924950734611 0.9171060048847162 0 1.0882923329512728 0 0 0 0 0.058161061336304165 0 0 0 0 1.4126404375787702 4.340222729294165 1.4792232984104174 2.571325833693219 1.266211042023409 2.2144745041763993 1.6589714427643738 1.5435847046696676 2.388489264957558 2.184025749078394 0.5936337112637382 3.9636650793713333 2.2932187577011156 1.5834226719646836 1.3974044645076642 1.1614946276099118 0.6653999663750065 1.4212577291632247 3.000536461693068 2.0034802180641478 2.105302878891983 1.7758714285953907 1.4029568840399413 0.6563997545548994 0.9304290529356996 3.383349951130283 0.6606628810728328 1.201073005033809 1.0307789883889935 0.019683272407393204 3.4710332916473217 0.8690106866468854 0 3.512606658075466 2.9297410810006514 2.994781971490454 0.1886502359581419 1.4878287187702792 3.5127332441671406 3.2695346696325123 0 0 3.6814915760630935 0.2538508947038274 0 2.4900046230695008 0 0 0 0 1.2739255592475391 0 0 0 0 1.061950760924244 2.77689216156363 0 0 0 0.9842624484566151 0.9004477848452197 0 0 0 0 0 0 0 0 0 0.5774597670257613 1.7372842079531239 0.08015518106415431 0.23941076652674642 0 0.5738383112741952 0 0 0
5.1640522764152585 5.994204347563695 6.4307453505636225 2.424166668656472 7.6384617189190145 3.634029798612911 9.75555602441852 5.5353809116916555 7.198752064015487 0.8626633771259851 1.257879551893728 1.4028491076961416 2.010747802973068 1.9250451233047805 1.2337898075242784 1.2828186634788032 2.4644888792889823 1.9232398777607713 1.9509218353184066 0.793974369304455 0.7661489030169353 2.505811311613101 5.321740029338775 2.215705004687054 1.8581128127377742 3.7691558141858383 4.834038719034538 3.2378199552588462 4.9947743875643695 2.180474964042828 0.45294582235154834 3.7564765995934337 1.0775391667872096 0.415701380494804 1.7041454370584468 3.255418330511821 6.9689076545100725 2.3312618849855635 3.6347130161110393 5.588277120733846 6.6395013219188375 4.416140302080416 1.136058182766856 0 4.552294132724336 6.332894866508868 3.66132684472759 1.6839575809611382 6.468466242289878 3.5955225394352937 0 0 1.0191664451944646 1.3015422460493404 4.262851447746698 1.1264197883417193 1.1547207810799325 0 0.08367650323668663 0 0 0 1.4049296301066647 3.376480041235274 3.028074578793504 0 3.96053622260683 2.589763461916066 0.6950135917478875 0 2.1863261403151704 1.324550488370484 1.0232230475413342 3.3270257861593926 0 3.7505942073940144 3.2140978563799543 1.1607553100036032 1.063431654141013 0 0 0 3.220521815556271 1.3574781463262653 1.9016282333752503 1.2368744005248775 1.8887665765231931 1.5210325813153993 0.057554758777881077 3.9366292337747755 1.9752410333035222 1.7827189806011665 2.7072142978552822 2.4563378681635832 1.8575693320619422 0 0.9131129575335599 0 4.436591250118891 2.395967395490283 0 0.47033542740560286 1.803791228192706 2.809082368486685 0 2.154131982172567 3.3776185969430657 0.6192118239365021 0 0 0.3826987688216281 2.498095944775649 2.5490947815926432 2.026243387831421 1.9099641458226273 0.1807837438098332 0.09138731126576705 2.5523672533253183 4.215822830430993 2.419484917827705 3.8425168839258195 3.100227617126828 0.7663989012469319 0.9000209124388352 0 2.454258280728695 2.483985580116368 3.6699103939911915 1.8084011477057516 5.1788205135891285 3.079238865151739 4.267220648248603 1.0709037075340735 0 1.1047194440859869 2.6089767421592196 0 0 0 0 0.5271608448591536 1.3957592240905026 3.4946593335303735 0 0 1.6554227357582008 0 2.3373955780864204 1.5403920126820267 1.971531108897759 2.402711440025662 0.3035794090921282 1.6794797654864162 0.7907546124199261 1.1783423204651413 2.0304226214724608 3.171832197540173 1.7992274532642707 1.0828859113401545 2.271523308186852 0.23213514984134775 2.6876575351783174 1.8731612726371978 0 1.5394588602314982 2.112729082375946 4.306065719942859 0 0.2819151489864158 3.144250805613442 2.448356609433082 2.0358103129079597
5.033397091754338 0.3078483170232733 3.5122078922416264 2.3229650282275287 7.316125755727958 6.9631462989648725 5.5353809116916555 6.8798272903294055 4.3462328928055545 0 0.5538366214784212 2.7290168321878383 0.9345647945143085 0.016234936966547764 0 1.7972589400399066 3.214490960677905 1.0338347163782 0.7025525971177347 1.8775346145182166 1.7652957737561437 3.6585398761994945 4.851547775510346 3.037762911127418 1.718328582937227 5.692325003964985 5.354087931714442 2.0633688044938374 2.988622879005238 1.1866415130015255 2.3230526737248134 2.2947459970705175 3.280826456439657 0.43989059565616273 0 5.310767109554996 4.405321345079429 3.3140688286392486 2.6121918186384345 4.994657698130462 5.364870590367435 3.6404997264844603 4.18668032612158 3.4876762546753675 4.974041965004396 7.041495025185943 5.346460481734269 3.491564721934777 4.29772125257578 6.427187845959022 0 0 0.6067040983781524 0.28229936904860153 3.539071118955089 0 1.2675171524756852 3.939969507806987 0 1.8121335148909399 0.7140808580336611 0 0 0.6819834146815484 0.19631750076256083 4.457063823108861 0.4527887603171905 3.3770246701663655 1.5790195081701182 2.389037493544736 3.401894130044143 2.0477411491241337 0.25063354663628523 2.7301134330044246 2.8265081801400704 3.839169013628709 1.5520761233971854 2.707158844454492 1.0616788417498917 0.545218961506035 3.9914991255401695 2.622339470106594 1.0348423476609003 1.9988468068330558 1.044933493965667 2.4272502361415302 0.669566819998435 0.5972043150065396 1.9735169498488787 1.7768789906234268 2.8818045272296757 0.11757646286882828 1.5800716449978278 3.5184759973406123 0 4.3764804907611286 1.311464647224831 0.5108546746932614 2.671428098023288 3.6009955986210436 0 0 3.0709790024709758 3.9321151942778236 1.4596237951744158 1.7387143789642856 4.4796538777227735 0.24636637368793401 0.14050241711025535 0.4257796321934819 1.9138463341334262 2.9440616450461867 2.982851704452143 2.5939938760512185 3.266114821296883 1.7921783043311743 1.6120084973589677 2.9203586215045068 1.4871120387664813 3.3054822175113934 0.7247307639190774 0.11269268215784578 0.6677435364813515 0.16112589771601726 1.7818932114726564 4.043570204600098 3.0767416026273207 1.5363039414625712 2.1238496652257695 2.1711937638071674 2.6887361960818694 1.4446670851378105 0.9453785708904476 0 3.755484133366389 3.9043160088272586 2.1179644186921838 1.2461773683810584 0 0 0.11382772880637759 0 0.5438589360308281 0 0 0 0 0 2.0238588390299235 2.255366449071918 0 2.4844845443874064 3.180599201016163 0.8940432082767611 0.30708835912898635 1.5321704233022047 1.845314538074689 0 0 0 0 0 0 1.0594727440784766 3.355240434350259 0.6965806283073945 3.300222232739701 1.707803083703423 0 0.7887379207729683 1.6765782143273338 0.42661478477691706
1.278712754691707 3.53313933667798 2.907790493656252 3.7395112474310412 6.508050013676687 3.03064767558567 7.198752064015487 4.3462328928055545 5.523636431975003 0 1.3534443025517842 0 0 0 1.0740503510654236 0.40609908829037256 2.307292245690121 1.1405982799630259 1.8894381607373 0.025172869140360987 0 3.9483369701362143 1.8569202760450398 2.146639826710536 2.8917833542456766 1.0177903378487088 4.134583580872709 1.9627447040065853 2.2990759230400926 0 2.528115777743997 2.366977998593544 1.0535154035308345 0.4262467828001082 0.8948648502494443 2.174406198034429 3.6856377950770955 4.767428289615397 2.48178099056656 3.516101186916165 5.083003410970491 3.157856657247919 2.4669796787791904 3.0139367263493195 5.426551922168095 3.248051807274903 5.3758089538430305 3.7855951025033594 4.808853453342056 3.8176954314443687 0 0 0 1.304907511031809 4.089493742915549 0 1.9993470989034705 0 0 0 0.2608126290802524 1.1528869629393874 0 0 0 3.4980716563200644 0.31192645282814624 4.241684992286267 0 0 0 0 0.5072474873026618 0.08475879672639763 4.213817585720767 1.917835017916893 0 0.3986505574048138 0 0.26632769816541835 2.4972005758934603 2.7011285139822174 0 0 0 0 0 0 0 0 0 0 1.186259697627495 4.0562224804640366 3.2652191882024155 0.08366993123422262 2.8707071423583557 0.3809394105441122 2.161502604001214 3.9169072279903343 2.6763570322549235 1.9183975267853253 3.1201369793940508 2.0608690804586427 1.354449937777229 0.25711054687585744 0.815041612252859 1.0412762915089182 1.6160571069139342 1.9224207684083332 2.825617497311425 3.5041840194968668 0.3588377957372417 2.3559643187706527 0.31638540513515867 1.7970187397984914 0.04354088101767939 2.4816069402113925 0.4546617829569648 0.32505452481263397 0.016300895781462543 0 1.4447309304495306 0.6999285225145977 0 3.905103832513287 3.79686298784981 2.694851902611819 1.5750046059954403 2.8143821544954974 3.764628679446174 3.6389100907405076 0 0 2.5861289214888377 3.677234148354099 0 2.0851173479725524 0 0 0 0 0.18968918687369296 0 0 0 0 0 0 3.1281448137925736 0 0.5890027304346592 0 0 0 0 0 0 0 0 0 0 1.7923419656233044 0.44337954732136 2.7471829848549643 0 0.8007919192205426 0 1.3781773202954657 0 0 0
4.212305199979157 3.715693632280926 0 0 0.17181306528495988 0.05292728747661801 0.8626633771259851 0 0 2.5112460542668265 3.8083064848320527 0.9923836335074441 3.2316739944464583 0.04897101790399905 1.4266657059483965 1.0487392452302515 1.4796692105744533 0.09115770560091097 0.0011588454808362236 1.17795845834803 1.413793091747542 1.2819070339611915 0.6912290602551705 0.8901623018197857 0.8789579325009633 1.4782448033980824 0.17894635204165255 0.9092506634666053 1.745170137886471 0 0 1.6452691599911704 0.12886895002579735 0 0 0.3483478562639517 0.8104620920441761 0 0 0.4668486810425527 1.5471431134504758 1.1537348000442966 0 0 2.3480021587414335 0 0 0 0 0.2729909331721174 0.10736723927506109 1.5383070108773342 0 4.419689362863746 5.55205328037939 3.850125804697389 4.206512747508514 3.868580315508721 0 0 0.05763424551719165 2.4655555777206493 0 0 0.8609317362364566 0 0.040721718870759815 4.183381299806719 0 0.6746683199282151 0.7290279634052261 0 0.013799552570223916 2.9349793067520906 1.6413881844480667 2.6573327551703763 2.6226897237109554 0 0.6884446182913759 1.8857454432972398 2.0534468448000727 2.3436387269381385 2.131997041500547 0 0 0 0 0 0 0 0 0 0 3.204581599440214 1.5307716698760157 2.9928855837546564 0 0 0 0.6423253089090881 0.7296652231252274 0 1.363016881051827 1.5140020118587163 1.3520215397336734 0.921978474551798 1.5482938867610896 0 0.4695569930951473 1.3069578826143307 1.6000611196910146 0 0 0 0 0 0 0 0 0 0 0 0 0 0 0 0 0 0 0 0 0 0.35544343865831607 1.7553104420967118 2.8897229541472456 4.41612009156078 4.57710115563528 3.6736936854555218 2.8051282205320067 0 0 1.936702078668409 2.9904982423828397 0 0 0 0 2.929797534017437 1.3065388584482456 3.6228476686991584 0.3808239666282276 1.089258100266978 0.6874445509341873 2.2055508055030035 0 0 0 0 0 0 0 0 0 0 0 0 0 0 0 0 0 0
4.065015037990825 3.603738366203874 0 0 1.0574166047296352 0 1.257879551893728 0.5538366214784212 1.3534443025517842 3.8083064848320527 3.625073818374757 1.4625263710423901 2.6930540083812726 0 0.22612318645959384 3.264741168541997 2.7255722829847056 1.1240643167707356 0.21370764360818884 2.264266272964095 2.6228377459538414 0.4557375213870145 1.4037748385182915 0.1410152739156949 1.3314338503536067 1.410829989225853 1.3008792171974939 1.6903833677354818 1.2162479838531368 0.27802685825817086 1.3444092643385117 0.3093141167554361 0.1202706280233441 0.2686127484894616 0.2897721300093732 0.0901399023146574 1.5187662738061496 1.1026654369167899 0.2486788750910307 0.8186335291252327 2.9916710883646935 0.8821386955666561 0 0.3313251784214257 2.693715742523061 2.2234788909935155 1.4314668989691164 0.5276635358529251 2.471452365979511 0 0 0 0 3.5964456843764268 4.146051996417869 4.493147450955618 5.8589231948326805 5.201477352446142 0 0.23100263364166906 1.2982860683508228 1.6569620786008175 0 0 0 1.1534598708819033 3.1201620956719545 2.688429072615028 0 0 0.5510303597021942 1.3804548852444718 0.47489704059848314 2.462932476482857 3.103583643788115 2.407431017900109 1.471604154135095 1.2756508184981445 0.33534303065342463 0.3356147135217924 2.3500439282356087 2.480465891722286 1.2529379228288455 0 0 0 0 0 1.2976419896970182 0 0 0 0 0 1.2135787568889356 1.1744820221736916 1.2301376589181157 0 0 0.48672074315811287 0.13160526648996118 2.5742807037193245 0.020697373202391844 1.0933525216531947 1.0131896816301662 0 1.805839383601656 0 0.04283112352020613 2.3443893772318063 1.434002144767092 0 0 0 0 0 0.4828080334209792 0 0 0 0 0 0.8024611143266469 0.20174617920256388 0 0 0 0 0 0 0 0 0 2.3189781549228154 3.113102330772689 3.153835467126644 4.365592020020536 3.390608317499158 5.870696735955173 0 0.11884839184950557 0 3.2877447375584286 0 0 0 0 0.7679563980176614 2.84117439199534 2.2256781387393083 0.8462691893941088 2.818514665903523 2.263322728838313 3.4680591389724214 0 0 0.03255906201205683 0 0 0 0 0 0 0.7602667176605422 1.7003225376575273 0 0 0 0 0 0 0
2.396454533247537 5.040606807028489 1.2185174985334433 0.36210113783840736 2.919865132671797 0 1.4028491076961416 2.7290168321878383 0 0.9923836335074441 1.4625263710423901 2.432236351428677 2.784408780337042 4.113856246323241 0 0 0 1.7149344517727174 0 0 0 2.722060524895353 0.3106960998753614 0 0 1.9057426957571462 1.8289676424385535 1.482407096148167 0 0 0 1.2573478067888386 0 0 0 3.0942006013074135 2.053408588199761 0 0 1.7478094679661638 0.9706922085872494 0 0 0 1.1890935221403893 0.15431329539437222 0.3116015531125438 0 2.381479811269637 2.7515948783159505 1.5431700323346567 0.6274151450924483 1.0094143750879976 4.3895624362482035 4.622119659208067 1.2039185605732694 2.6194791356932488 1.7655712634890524 0.44507173176344184 2.4394307877439534 2.7973818972376803 2.018683923905341 0 2.306047808730467 2.71459676827177 0.4388143633774195 1.3472797763988638 0.5144175589270041 0.26432119015637046 1.9054445742484596 0.9726564752023528 1.4603872059491305 0.31696620177884327 1.2032545927591975 3.2209483800007757 0.00015571663966440497 1.483250386495758 2.9708044946172585 1.352227508262387 0.39726870192289 1.2168602439608964 0.7841665472634531 1.5991370550819717 0.484728181044062 0.708688444071992 0.5071987816274399 0.6995553257677787 0.44887239206996465 1.5736145571568914 0.9526044556193716 1.8736412695232403 0.43158682083183475 0.5004449448746184 2.4178534826866933 0.19438392218345868 0 0.33913338685127403 0 0.84727930487497 1.120282803992561 0 0 0 0 0 2.4933170696716704 2.16382965386852 0 0 0 0 1.006089736721023 0 0 0 0 0 0 0.5268303306584858 0 0 0 0 0 0 0.10833416085494285 0 0 0 0 0 0 0.9510221111879158 0.7101797929946478 3.3630050692872047 0.5273487850461827 0.4905532902900527 1.615739581289887 1.1349625524849483 0 0.3720782707593724 1.5525730308064576 1.030911478705196 0 0 0.19220034005798858 0 0.5067311712002205 1.1385276271818299 0.09625080983748546 0.060170085005324836 0 1.9416286472199147 0.6547089350983732 0 0 0.4587242252435981 0.585455487699261 0 0 0 0 0 0 0 0 0 0 0 0 0 0
6.0069879114903415 4.286054454221995 0.4188936914523911 1.1343598291939383 3.2102761371689343 0.504577748789707 2.010747802973068 0.9345647945143085 0 3.2316739944464583 2.6930540083812726 2.784408780337042 3.462057956917894 3.562807024716893 0 0 0 0.22816044466637653 1.0681742879151166 0.8841660612877291 0.415853091059887 3.50848511620498 1.7610917433775253 1.3330730463868115 2.0697235798337594 4.879762167321363 3.2161639930561066 1.0659879795593579 1.5561699272086553 0 0 0.02048089833775535 0 0 0 1.9263900281775097 2.3739283897083485 1.8457672895410422 0 3.125741404529112 1.0491684378342452 0.09603937558022224 0.02869851744592733 0 4.904422191840522 1.2972727169745575 0.6755407304931289 0 3.085397318599064 0.7861883247281991 2.8515187344963753 1.9272010576094587 1.7717681124662787 4.1117109141175305 2.926171573909011 2.1087013543028483 3.3940571148373504 3.3554621091677284 1.235953014492563 2.108986436238542 4.149773770968282 3.9050198153921833 0 1.702122331472383 2.6348950287879163 1.4560053705057268 5.238605943435283 2.809917172625683 0.9919818121656352 1.2149723705176765 2.3857665208974552 0.5310575216878295 1.1071876079287764 4.455582532224756 3.9217866716711693 1.2691198069692717 5.218383474199882 2.125608700877244 1.7854976638085827 3.482137405178513 2.3617507401537683 3.971995037449018 2.926053549473499 1.6207968394833046 0.7346951882067865 0.6805145036248819 0.025604336251472404 2.4586735903246524 1.0064100128851603 0 0 0.1591149331576469 3.4703546770015903 0.13482362109363777 1.9896337423397572 4.396188912413315 2.1761834288421156 0.6101214143786118 0.28362639389198385 2.0760043237808112 0.8028229486120324 0.6915564303925485 2.2158287362625284 1.7448548897879164 2.751521881432362 1.7831427341272068 1.860465382440875 0.7684030267880742 0.6181509926620237 2.4885990521896684 2.909561199628321 3.2526685737359617 2.2231765095048353 2.057077117068565 1.7465880004113705 1.3359548938859707 1.4347536167329142 0.27041981592523534 0.5696520371198623 2.098113875625998 0.1899024975573811 0 0 0 0 0.015109631593171358 1.2198826434400578 0 0 0 0 0 0.5847806638611956 2.90875258889357 3.716089437275164 1.947484902004451 3.6733788432370726 3.948155753102043 4.114810451897894 0.04300201973011042 0.3379004415111755 3.490143462756425 4.313512395735334 0 0 0.6189067369824368 1.1742336806322928 1.993465510590422 0.23410636714750943 4.166216168584615 2.976989449743172 2.3468253220201056 2.0955678533040327 2.996361042498078 0.731665109477678 0 0.5796070258448616 0.24359978755233236 0 0 0 0.31255733345599435 0 0 0 0.07476194624101673 0.7123362472399029 0.49886459253267557 0.4570180568904938 0 0 0
4.124177706079315 4.112903570075964 1.915112656398163 0 1.4931986329606826 0 1.9250451233047805 0.016234936966547764 0 0.04897101790399905 0 4.113856246323241 3.562807024716893 3.1775518979565724 0 0 0 2.2492236600938025 0 0 0 2.779678617742227 0.67856123796044 0.3174834491190115 0 2.8873116583348875 5.324187874477406 2.1942636407098224 0.4976612274855601 0 0 1.02556572553973 0 0 0 2.8049218989224887 1.7136813763133336 0 0 5.118876531752354 1.153634081658069 1.7784213945506213 0 0 1.6473043876772184 3.1417988821501144 0 0 4.568724318863298 3.0667505977530354 0.28526891853844916 1.1819417910921466 0.8627584880472261 2.4510773863545996 2.471173855673621 1.7032048983603847 2.7296298155545617 3.0457888042804964 1.1945628136823405 2.870856597681467 2.490846293888639 1.004369474552826 1.9077588670868 4.234327529561213 3.800843941184093 2.609140603265079 2.811081936131867 0 0 2.0866647167655934 0 0.543776287028594 0.31998015818141745 0.6065086025824087 1.7806071309128342 3.4384654905548597 0.7625795148095023 0 1.1962525571452733 1.2771268995020826 0 0 1.579559483959395 0 0 0.5446250371938186 0.23032415264061523 0 1.1665920392542395 3.9043473073204744 2.9810610339409855 1.8604412312392498 2.5785915204800363 3.5034900119851002 0 0 0 0 0.1851092386809583 0.3305213482809961 0 0 0 0 0 0.9578439740224312 2.79551838250614 0 0 0 0 0.1566431302660085 0.4845381911892286 0 0 0 0 0.45900147322528095 2.038398065445426 2.1726514365929823 0.41482220313357043 0 0 0 0 0 0 0 0 2.030851816731758 0.7615867413381885 0 0.9292138210215395 2.0548938784257764 1.5164731436434948 3.82926285318203 2.839567515445438 2.6429365483203284 3.8009606255557635 0.25507078626498814 3.332983404016714 1.7549919625469883 1.3453594951529197 0 1.4347378772127843 2.8091030800477004 3.1791036869950577 0.1462994407414797 0.25162900024026946 0.5583754978078392 2.1561536147063283 1.2201120521688136 1.1328395666584967 0.22780521088945171 0.714135410144765 1.6219873203385848 2.273121651219552 1.2979880679916285 1.5595473028771645 1.8197278641401446 0.20569089431839238 0.8683626128749742 0 0 0 1.7056699610636983 0.3814445534416837 0 0 0.15741608606661917 0.6951731570128654 0
0 1.039397273460585 2.0960206932731946 0.06502464332198699 0 1.342810521963571 1.2337898075242784 0 1.0740503510654236 1.4266657059483965 0.22612318645959384 0 0 0 3.908431539611298 0.8234080622325282 1.8249888543318837 0 0.24052132738173349 0 0 0 0 0 0 0.7884741500507086 0.23063485676554052 0.42321896443090967 0 0 0 0.47021462333271913 0.37524496618109193 0 0 0 0.3122873854982897 0 0 0 0 0.2732504623298393 0.3286185372933703 0 0 0.875614377101444 1.1392946274543938 0 0.5995844442433569 0 0 0 0 2.67528729826822 1.6737514411134953 1.8603668845403307 0.8795017787366479 1.4801551084113438 0 0 0 0 0 0 0 1.5752859042447938 5.777032806765435 4.72862314453063 0.43944337158964863 4.193556269142029 0 0 1.0130555336932776 2.744654514381825 2.7973672951199493 0.11230795974682195 4.4430479176719295 0 0 1.6205286661338176 0.023452205471855336 0 0 0 0 0 0 0 0 0 0 0 0 5.56181959245038 4.978993470341575 5.499007158318841 4.54758149784865 4.047132475085068 0.21162045538953222 2.0089018522862094 2.457388312158158 2.3594615498072047 0.6367657186817164 1.1282858548449255 2.3597305258430623 0 0.1345587524809968 1.0455157088159117 0.5754966420344729 0 0.92943865075706 0 0 0 0 0 0 0 0 0 0 0 0.6564235105794527 0 0 0 0 0 0 0 0 0 0 0 3.409740931795314 3.156987006457527 1.5347759708077282 0 0 0 0 0 0 0 0 0 0 3.057143314883241 1.4632427276468114 0.17125686473044865 0 1.809543711189864 0.7936033919117094 0 0 0 0 0 0 0 0 0 0.7429464506789589 0.15751914335715256 0.006004085395403536 0 0 0 0 0 0 0
0 3.526288233138473 0.5962006265888817 0.31519193174082893 1.609188443330364 1.8814776019910209 1.2828186634788032 1.7972589400399066 0.40609908829037256 1.0487392452302515 3.264741168541997 0 0 0 0.8234080622325282 2.14060362090496 2.292744859100967 0 0.6031818518768235 1.7041035380039729 0.5039997308652566 0 0 0 1.4650796810726856 0.27997314594346356 0 0.07900060401181541 0 1.789360077779092 2.2779932953177475 0.08408027312428779 1.1141246911812317 0.17823817509017426 0 1.941702960662882 1.4158974381316565 0 0 0 0 0.07609698753124317 0.197999532686004 0 0 0.9758540607566886 0 0 1.5346461051281448 0 0 0 0 5.438621186833199 2.9007757157805063 0.5230417820174402 2.951097167451727 3.087995534050478 0 0 0 0.43124282360885857 0 0 0 1.3667459787176597 3.569037652529854 2.6826645267123475 0 1.0760065036629696 0 0 3.320474168002214 2.0599215315905113 5.44087835579967 3.3617677876805594 2.0203648440253676 0 0 1.1116294038288004 1.2395093633024503 0.9656995309606549 2.4884618240824885 0 0 0 0 0 0 0 0 0 0 2.2257921663726776 1.371427332639776 5.301646362111008 1.0516785097730992 0.8114341126129254 0.1438976020827667 1.8788624518126795 2.2119349195587263 3.032535748972804 4.294897055140442 2.050455209371422 2.9054168399308686 0 0 0.10594462583811914 1.3231168692903754 1.9000077899612648 1.5464315422261379 0 0 0 0 0 0 0 0 0 0 1.1472340062861193 1.7598078565800517 0 0 0 0 0 0 0 0 0 0 0 3.277576884816945 4.8593369531076895 2.415165791823803 2.06901094586949 1.5770010230897817 0 0 0 0 0 0 0 0 2.5055090773923894 4.696798749348215 2.7924639695305853 0 0.7592250236080549 2.8924688994429975 1.7425355490154466 0 0 0 0.39180650197933176 0 0 0 0 0.9938848697778937 3.4043769023999184 1.5028615954713818 0 0 0 0 0 0 0
