0.029470330545599364 0.09179609717244126 0.020749726842916805 0.02855129736850167 0.07064812261944878 0.00968048279876237 0.12420733388475325 0.08200839383635082 0.004513474047524227 0.00741864003512749 0.13328533937852935 0.023838699465939608 0.0030123865249313277 0.024420753811434815 0.019238427840578377 0.15874255838413545 0.018222385605898152 0.04082039028275587 0.09740219955273718 0.011972960001633837
0.513501971413703 0.1402395310575173 0.22282608305243912 0.1273503333974304 0.46605309894366087 1.376900034355792 0.3143202800323408 0.537508440308649 0.0 1.2259369586695215 0.21664170307240482 0.7664086038659121 0.9629846050536202 0.49167099504354894 0.8848945414089684 0.21331548368473108 0.09177997093164691 0.24842055510310246 0.3293675099604485 0.6320990904109678
0.1402395310575173 0.03583364067193884 0.0 0.0 0.20278024970548358 1.0634820580887379 0.11898774528489753 0.2904417164026398 0.0 1.0104443324014483 0.0 0.40022817918330134 0.8660222222132177 0.32524714127029597 0.5124189151377436 0.0 0.0 0.023343340669711665 0.16749527238317796 0.3413642453274548
0.22282608305243912 0.0 0.08456273991134822 0.0 0.17907662198953744 1.1390766686120202 0.0 0.23974727838071885 0.0 1.0543884281362068 0.0 0.5246635883871704 0.6745460867417705 0.2032324767316993 0.6128505240666584 0.0 0.0 0.0 0.024316458614748626 0.4471455367519468
0.1273503333974304 0.0 0.0 0.05694363339323161 0.17245643073515282 0.9944141302567431 0.0 0.24338559196520748 0.0 0.9173102283679953 0.0 0.38817316557901904 0.616351013930597 0.14503740392052578 0.6504170361514952 0.0 0.0 0.0 0.0 0.32085072833911
0.46605309894366087 0.20278024970548358 0.17907662198953744 0.17245643073515282 0.5748178635968983 1.3492588333836366 0.35261165257911387 0.5706390082274311 0.0 1.2551333958843358 0.28752082530129996 0.7234914663484915 1.0514193783314312 0.5929255639887288 0.8474220839139122 0.26176684644591575 0.14334886544677516 0.258138939652234 0.4233263366803328 0.679929635467488
1.376900034355792 1.0634820580887379 1.1390766686120202 0.9944141302567431 1.3492588333836366 2.473988840274181 1.1788047604601388 1.400906503250738 1.2052628235759713 2.1441316572205977 1.0837054999317175 1.685441151730494 1.794382205324247 1.5052825848348306 1.6581658679715758 1.0734453021797847 1.117772198037251 1.2074356350819855 1.248257910872951 1.5194684794814037
0.3143202800323408 0.11898774528489753 0.0 0.0 0.35261165257911387 1.1788047604601388 0.27453748886062357 0.4587115721685535 0.0 1.1199968925046235 0.05384731284801347 0.5768592088790783 0.9379175893872755 0.4451205342938849 0.6773100632225422 0.10950868889342047 0.035925247129291904 0.11746401674744078 0.2774895708372256 0.48310723994402593
0.537508440308649 0.2904417164026398 0.23974727838071885 0.24338559196520748 0.5706390082274311 1.400906503250738 0.4587115721685535 0.7175494287313882 0.0321606239171075 1.3513641956980749 0.3621633173213539 0.800881553211191 1.0752806676463535 0.6027977082040437 0.9784734416251482 0.3226862014556602 0.2287055059708436 0.35509897669272306 0.45916854632897497 0.7105930803473086
0.0 0.0 0.0 0.0 0.0 1.2052628235759713 0.0 0.0321606239171075 0.2859603699095459 1.2219815067211783 0.0 0.3523064516986949 0.5578239950724964 0.08572164185714826 0.3651648073720537 0.0 0.0 0.0 0.0 0.24872679931648634
1.2259369586695215 1.0104443324014483 1.0543884281362068 0.9173102283679953 1.2551333958843358 2.1441316572205977 1.1199968925046235 1.3513641956980749 1.2219815067211783 2.392007927735719 1.0045350876157997 1.474311856169109 1.7819114590548963 1.344473007325476 1.587353113689801 0.9817242144754275 1.050099087093649 1.1278456581919514 1.1369273971840101 1.5056486457047384
0.21664170307240482 0.0 0.0 0.0 0.28752082530129996 1.0837054999317175 0.05384731284801347 0.3621633173213539 0.0 1.0045350876157997 0.07785442819332644 0.47746453525399346 0.7475942524409547 0.27628064243088346 0.6620341443737701 0.0 0.0 0.0 0.09736462431393278 0.4080755875869144
0.7664086038659121 0.40022817918330134 0.5246635883871704 0.38817316557901904 0.7234914663484915 1.685441151730494 0.5768592088790783 0.800881553211191 0.3523064516986949 1.474311856169109 0.47746453525399346 1.0870001664524267 1.159251231508435 0.7227404781679212 1.0967331216630498 0.47892568704343574 0.35176861905743095 0.5013271875553116 0.5900927503685267 0.8824554421422235
0.9629846050536202 0.8660222222132177 0.6745460867417705 0.616351013930597 1.0514193783314312 1.794382205324247 0.9379175893872755 1.0752806676463535 0.5578239950724964 1.7819114590548963 0.7475942524409547 1.159251231508435 2.001217347457647 1.1925298319537205 1.2375243426687774 0.8032556284863617 0.8278544420308762 0.864775004543695 1.009730686957738 1.1797178630190714
0.49167099504354894 0.32524714127029597 0.2032324767316993 0.14503740392052578 0.5929255639887288 1.5052825848348306 0.4451205342938849 0.6027977082040437 0.08572164185714826 1.344473007325476 0.27628064243088346 0.7227404781679212 1.1925298319537205 0.7737744564264091 0.8349312141223635 0.3185874764021932 0.37953728121880914 0.39267265132834694 0.4981342938715869 0.743068154494928
0.8848945414089684 0.5124189151377436 0.6128505240666584 0.6504170361514952 0.8474220839139122 1.6581658679715758 0.6773100632225422 0.9784734416251482 0.3651648073720537 1.587353113689801 0.6620341443737701 1.0967331216630498 1.2375243426687774 0.8349312141223635 1.3922587895993246 0.5990317198935671 0.46395935501187324 0.6198131250983678 0.702283486322969 1.012149353272953
0.21331548368473108 0.0 0.0 0.0 0.26176684644591575 1.0734453021797847 0.10950868889342047 0.3226862014556602 0.0 0.9817242144754275 0.0 0.47892568704343574 0.8032556284863617 0.3185874764021932 0.5990317198935671 0.011326032725129664 0.0 0.0 0.15302600035933978 0.40211231480271437
0.09177997093164691 0.0 0.0 0.0 0.14334886544677516 1.117772198037251 0.035925247129291904 0.2287055059708436 0.0 1.050099087093649 0.0 0.35176861905743095 0.8278544420308762 0.37953728121880914 0.46395935501187324 0.0 0.07046102017938694 0.01829061265613774 0.08166766164968209 0.2929046852015844
0.24842055510310246 0.023343340669711665 0.0 0.0 0.258138939652234 1.2074356350819855 0.11746401674744078 0.35509897669272306 0.0 1.1278456581919514 0.0 0.5013271875553116 0.864775004543695 0.39267265132834694 0.6198131250983678 0.0 0.01829061265613774 0.1941930709282289 0.16320643126783096 0.418612356518544
0.3293675099604485 0.16749527238317796 0.024316458614748626 0.0 0.4233263366803328 1.248257910872951 0.2774895708372256 0.45916854632897497 0.0 1.1369273971840101 0.09736462431393278 0.5900927503685267 1.009730686957738 0.4981342938715869 0.702283486322969 0.15302600035933978 0.08166766164968209 0.16320643126783096 0.35735984356840333 0.5519243333829493
0.6320990904109678 0.3413642453274548 0.4471455367519468 0.32085072833911 0.679929635467488 1.5194684794814037 0.48310723994402593 0.7105930803473086 0.24872679931648634 1.5056486457047384 0.4080755875869144 0.8824554421422235 1.1797178630190714 0.743068154494928 1.012149353272953 0.40211231480271437 0.2929046852015844 0.418612356518544 0.5519243333829493 0.9304448852878906
