0.029470330545599364 0.09179609717244126 0.020749726842916805 0.02855129736850167 0.07064812261944878 0.00968048279876237 0.12420733388475325 0.08200839383635082 0.004513474047524227 0.00741864003512749 0.13328533937852935 0.023838699465939608 0.0030123865249313277 0.024420753811434815 0.019238427840578377 0.15874255838413545 0.018222385605898152 0.04082039028275587 0.09740219955273718 0.011972960001633837
0.07987808444213157 0.0 0.0 0.0 0.006540279716962499 0.1155150249764631 0.0 0.017731182469610474 0.0 0.0 0.0 0.09064103454465736 0.0 0.0 0.08023999787013453 0.0 0.0 0.0 0.0 0.02243263980362825
0.0 0.005574121882301596 0.0 0.0 0.0 0.0037792328003760645 0.0 0.0 0.0 0.0 0.0 0.0 0.00593402722517028 0.0 0.0 0.0 0.0 0.0 0.0014802457039223768 0.0
0.0 0.0 0.013154203986209721 0.0 0.0 0.05879933475590776 0.0 0.0 0.0 0.00872525735188956 0.0 0.03000369458913213 0.0 0.0 0.0 0.0 0.0 0.0 0.0 0.01858676166782372
0.0 0.0 0.0 0.008857898527836028 0.0 0.0 0.0 0.0 0.0 0.0 0.0 0.0 0.0 0.0 0.038531568665749194 0.0 0.0 0.0 0.0 0.0
0.006540279716962499 0.0 0.0 0.0 0.08941611211507308 0.061984891749180815 0.0 0.024972818133265656 0.0 0.00247361732167517 0.011948079878760606 0.021834964772109805 0.0 0.02351991775666562 0.016878608119951344 0.014283867998837255 0.0 0.0 0.029740193654983205 0.04437425260502151
0.1155150249764631 0.0037792328003760645 0.05879933475590776 0.0 0.061984891749180815 0.3848427084870948 0.0183158659365546 0.053368123003942 0.0399509348317309 0.08959968850530653 0.006260564356547593 0.18191246000148165 0.0 0.13400474845013688 0.02575020202498446 0.024090133580075668 0.04344892362352226 0.08086993924096786 0.052799577694970845 0.08204090646630674
0.0 0.0 0.0 0.0 0.0 0.0183158659365546 0.042705831600541436 0.03983042918525967 0.0 0.0 0.0 0.00198775441356816 0.0 0.0024999351726933128 0.0 0.0 0.0 0.0 0.010688474922747562 0.0
0.017731182469610474 0.0 0.0 0.0 0.024972818133265656 0.053368123003942 0.03983042918525967 0.11161880002488259 0.0 0.03843997852307407 0.026326133286474374 0.0389606130224692 0.0 0.0 0.08766552721884718 0.014938784396241536 0.0 0.0 0.005317964691285232 0.014773258872502026
0.0 0.0 0.0 0.0 0.0 0.0399509348317309 0.0 0.0 0.04448272420815158 0.09128378104873319 0.0 0.0 0.0 0.0 0.0 0.0 0.0 0.0 0.0 0.0
0.0 0.0 0.00872525735188956 0.0 0.00247361732167517 0.08959968850530653 0.0 0.03843997852307407 0.09128378104873319 0.3720901220922229 0.0 0.005397327511892036 0.0 0.007809334012577551 0.0 0.0 0.010389975751715463 0.03589412542272896 0.0 0.10283523576143666
0.0 0.0 0.0 0.0 0.011948079878760606 0.006260564356547593 0.0 0.026326133286474374 0.0 0.0 0.012110688830073001 0.0 0.0 0.0 0.041319674639095166 0.0 0.0 0.0 0.0 0.0
0.09064103454465736 0.0 0.03000369458913213 0.0 0.021834964772109805 0.18191246000148165 0.00198775441356816 0.0389606130224692 0.0 0.005397327511892036 0.0 0.16908891478148858 0.0 0.0 0.049934895774532584 0.015187958501800825 0.0 0.0 0.0 0.030645309185200642
0.0 0.00593402722517028 0.0 0.0 0.0 0.0 0.0 0.0 0.0 0.0 0.0 0.0 0.3113004762711895 0.020866625869341238 0.0 0.0 0.0 0.0 0.013886984080072273 0.0
0.0 0.0 0.0 0.0 0.02351991775666562 0.13400474845013688 0.0024999351726933128 0.0 0.0 0.007809334012577551 0.0 0.0 0.020866625869341238 0.12036491544410807 0.0 0.0 0.023082302207473038 0.0 0.02054425609599944 0.023508876882223695
0.08023999787013453 0.0 0.0 0.038531568665749194 0.016878608119951344 0.02575020202498446 0.0 0.08766552721884718 0.0 0.0 0.041319674639095166 0.049934895774532584 0.0 0.0 0.21657358949322825 0.0064070171343530435 0.0 0.0 0.0 0.03145224609835112
0.0 0.0 0.0 0.0 0.014283867998837255 0.024090133580075668 0.0 0.014938784396241536 0.0 0.0 0.0 0.015187958501800825 0.0 0.0 0.0064070171343530435 0.0017618273127979478 0.0 0.0 0.0 0.004475704974994693
0.0 0.0 0.0 0.0 0.0 0.04344892362352226 0.0 0.0 0.0 0.010389975751715463 0.0 0.0 0.0 0.023082302207473038 0.0 0.0 0.010960603139015746 0.0 0.0 0.0
0.0 0.0 0.0 0.0 0.0 0.08086993924096786 0.0 0.0 0.0 0.03589412542272896 0.0 0.0 0.0 0.0 0.0 0.0 0.0 0.030207811033280053 0.0 0.0
0.0 0.0014802457039223768 0.0 0.0 0.029740193654983205 0.052799577694970845 0.010688474922747562 0.005317964691285232 0.0 0.0 0.0 0.0 0.013886984080072273 0.02054425609599944 0.0 0.0 0.0 0.0 0.05558930899952941 0.00818455897695855
0.02243263980362825 0.0 0.01858676166782372 0.0 0.04437425260502151 0.08204090646630674 0.0 0.014773258872502026 0.0 0.10283523576143666 0.0 0.030645309185200642 0.0 0.023508876882223695 0.03145224609835112 0.004475704974994693 0.0 0.0 0.00818455897695855 0.14473587104478297
