0.029470330545599364 0.09179609717244126 0.020749726842916805 0.02855129736850167 0.07064812261944878 0.00968048279876237 0.12420733388475325 0.08200839383635082 0.004513474047524227 0.00741864003512749 0.13328533937852935 0.023838699465939608 0.0030123865249313277 0.024420753811434815 0.019238427840578377 0.15874255838413545 0.018222385605898152 0.04082039028275587 0.09740219955273718 0.011972960001633837
0.06846692952182709 0.0 0.0 0.0 0.0 0.08232068262437553 0.0 0.0040528335791094605 0.0 0.0 0.0 0.07285767745725594 0.0 0.0 0.059064878303323104 0.0 0.0 0.0 0.0 0.006388785840277245
0.0 0.004777818756258512 0.0 0.0 0.0 0.0 0.0 0.0 0.0 0.0 0.0 0.0 0.0 0.0 0.0 0.0 0.0 0.0 0.0 0.0
0.0 0.0 0.011275031988179765 0.0 0.0 0.030370983864957457 0.0 0.0 0.0 0.0 0.0 0.016986328962867975 0.0 0.0 0.0 0.0 0.0 0.0 0.0 0.007308899165609978
0.0 0.0 0.0 0.007592484452430883 0.0 0.0 0.0 0.0 0.0 0.0 0.0 0.0 0.0 0.0 0.022429319521387492 0.0 0.0 0.0 0.0 0.0
0.0 0.0 0.0 0.0 0.0766423818129198 0.028109261706168842 0.0 0.010613181551840267 0.0 0.0 0.004696165525535895 0.0033703199937839823 0.0 0.008535558645295538 0.0 0.007771158039703616 0.0 0.0 0.01938266357536876 0.027649110950746097
0.08232068262437553 0.0 0.030370983864957457 0.0 0.028109261706168842 0.3298651787032242 0.0 0.017906586681657954 0.009284832496356199 0.035533057749641106 0.0 0.1423459154822972 0.0 0.09791848959790816 0.0 0.0 0.015177258507371505 0.051223473560941146 0.021340147874497728 0.04421386507117264
0.0 0.0 0.0 0.0 0.0 0.0 0.03660499851474981 0.02880724121201511 0.0 0.0 0.0 0.0 0.0 0.0 0.0 0.0 0.0 0.0 0.0036673934513139356 0.0
0.0040528335791094605 0.0 0.0 0.0 0.010613181551840267 0.017906586681657954 0.02880724121201511 0.0956732571641851 0.0 0.0038893412289951468 0.01748831265397756 0.018910061964871272 0.0 0.0 0.06422321368183931 0.006840168157835794 0.0 0.0 0.0 0.0
0.0 0.0 0.0 0.0 0.0 0.009284832496356199 0.0 0.0 0.03812804932127278 0.06152857774156362 0.0 0.0 0.0 0.0 0.0 0.0 0.0 0.0 0.0 0.0
0.0 0.0 0.0 0.0 0.0 0.035533057749641106 0.0 0.0038893412289951468 0.06152857774156362 0.31893439036476257 0.0 0.0 0.0 0.0 0.0 0.0 0.0 0.0071585587709073195 0.0 0.06591909339450769
0.0 0.0 0.0 0.0 0.004696165525535895 0.0 0.0 0.01748831265397756 0.0 0.0 0.01038059042577686 0.0 0.0 0.0 0.024985083330287955 0.0 0.0 0.0 0.0 0.0
0.07285767745725594 0.0 0.016986328962867975 0.0 0.0033703199937839823 0.1423459154822972 0.0 0.018910061964871272 0.0 0.0 0.0 0.14493335552699027 0.0 0.0 0.022387574040624303 0.002984334066494676 0.0 0.0 0.0 0.008229253054752694
0.0 0.0 0.0 0.0 0.0 0.0 0.0 0.0 0.0 0.0 0.0 0.0 0.26682897966101965 0.0 0.0 0.0 0.0 0.0 0.0 0.0
0.0 0.0 0.0 0.0 0.008535558645295538 0.09791848959790816 0.0 0.0 0.0 0.0 0.0 0.0 0.0 0.10316992752352122 0.0 0.0 0.013701908022964213 0.0 0.007976097207168215 0.004573106418731515
0.059064878303323104 0.0 0.0 0.022429319521387492 0.0 0.0 0.0 0.06422321368183931 0.0 0.0 0.024985083330287955 0.022387574040624303 0.0 0.0 0.18563450527991 0.0 0.0 0.0 0.0 0.005644427488493198
0.0 0.0 0.0 0.0 0.007771158039703616 0.0 0.0 0.006840168157835794 0.0 0.0 0.0 0.002984334066494676 0.0 0.0 0.0 0.0015101376966839557 0.0 0.0 0.0 0.0
0.0 0.0 0.0 0.0 0.0 0.015177258507371505 0.0 0.0 0.0 0.0 0.0 0.0 0.0 0.013701908022964213 0.0 0.0 0.009394802690584927 0.0 0.0 0.0
0.0 0.0 0.0 0.0 0.0 0.051223473560941146 0.0 0.0 0.0 0.0071585587709073195 0.0 0.0 0.0 0.0 0.0 0.0 0.0 0.02589240945709719 0.0 0.0
0.0 0.0 0.0 0.0 0.01938266357536876 0.021340147874497728 0.0036673934513139356 0.0 0.0 0.0 0.0 0.0 0.0 0.007976097207168215 0.0 0.0 0.0 0.0 0.04764797914245379 0.0
0.006388785840277245 0.0 0.007308899165609978 0.0 0.027649110950746097 0.04421386507117264 0.0 0.0 0.0 0.06591909339450769 0.0 0.008229253054752694 0.0 0.004573106418731515 0.005644427488493198 0.0 0.0 0.0 0.0 0.12405931803838544
