0.005776004973062578 0.010541856610029009 0.0054133858267716535 0.009738914214670534 0.00940219643597182 0.005594695399917115 0.0065271446332366345 0.009350393700787402 0.01144840447575632 0.007019270617488603 0.0062681309573145464 0.005698300870285951 0.005439287194363863 0.007925818483215915 0.005387484459179445 0.008158930791545794 0.007925818483215915 0.005568794032324907 0.005853709075839204 0.007925818483215915 0.006242229589722337 0.006941566514711977 0.005983215913800249 0.006578947368421052 0.005568794032324907 0.007304185661002901 0.005361583091587236 0.005361583091587236 0.009920223787815997 0.0058796104434314135 0.005853709075839204 0.009687111479486117 0.009816618317447161 0.007071073352673021 0.008184832159138003 0.012044135930377124 0.008573352673021135 0.005750103605470369 0.00572420223787816 0.005905511811023622 0.0064235391628678 0.0052579776212184 0.009505801906340655 0.005465188561956071 0.005309780356402818 0.008832366348943224 0.010878574388727726 0.005206174886033982 0.0061386241193535016 0.00870285951098218 0.011836924989639452 0.008728760878574389 0.006501243265644426 0.005750103605470369 0.005516991297140489 0.006371736427683382 0.0060091172813924575 0.006812059676750933 0.0062681309573145464 0.005698300870285951 0.005672399502693742 0.0052579776212184 0.0064235391628678 0.0052838789888106094 0.008987774554496477 0.00916908412764194 0.009039577289680896 0.006682552838789888 0.007848114380439287 0.010438251139660175 0.007485495234148363 0.005801906340654786 0.005698300870285951 0.005491089929548281 0.010878574388727726 0.005594695399917115 0.005439287194363863 0.010127434728553668 0.010826771653543307 0.005491089929548281 0.008314338997099047 0.009505801906340655 0.012251346871114795 0.00867695814338997 0.006682552838789888 0.005232076253626192 0.006035018648984666 0.006449440530460008 0.005983215913800249 0.010645462080397844 0.006708454206382097 0.006708454206382097 0.0052579776212184 0.011292996270203066 0.011862826357231663 0.005853709075839204 0.008184832159138003 0.009894322420223789 0.012743472855366764 0.00937629506837961 0.006734355573974306 0.005905511811023622 0.00663075010360547 0.006371736427683382 0.006112722751761293 0.006060920016576875 0.005905511811023622 0.00826253626191463 0.006086821384169084 0.009117281392457521 0.007640903439701616 0.008780563613758806 0.00823663489432242 0.009039577289680896 0.006112722751761293 0.0071228760878574385 0.010308744301699129 0.0072523829258184834 0.006371736427683382 0.0052838789888106094 0.005698300870285951 0.006086821384169084 0.005983215913800249 0.006734355573974306 0.005983215913800249 0.006786158309158723 0.005646498135101533 0.007355988396187319 0.005232076253626192 0.005905511811023622 0.005801906340654786 0.006035018648984666 0.005491089929548281 0.007640903439701616 0.005698300870285951 0.005620596767509325 0.005594695399917115 0.0061386241193535016
2.389012574113906 2.5181995412941207 5.124106909008818 4.081636132950228 10.52624900292447 2.7447739268310993 21.15675512774916 7.919960471660758 10.476603510323311 8.97169168111578 10.040072791431149 25.32444923155674 8.834732370646904 12.616841274862214 0 2.3109392697115467 1.9466267044393888 0 0 4.551827927114502 1.7249763482685658 5.270815825372063 0 4.392421016987182 1.9988272174235284 2.2372605977171887 0 15.478252066683563 7.389254302169869 2.5034698142255074 4.857100742325963 0 0 6.854821099637398 0 0 0 0 0.7507013492926156 0 0 1.615779603951582 9.375298469177382 0 3.0972257053333276 0 0 5.9336759137667645 10.637838249255129 7.170890316547126 1.0684259288717612 0 0 8.066682461362689 0 0 2.4634525799425386 10.890799776670008 3.2628593538514483 0 10.871653687088717 0 11.503868796774395 3.1189171556830857 35.102110239073056 0 0 0 0 0 3.0599765933588685 12.3374123925671 0 21.33670449661104 2.247748399566941 7.3170100985015125 16.408242270819112 0 0 0 0 0 0 0 0 0 0 0 5.905668027652355 20.353315865460235 8.224464746293826 15.778369858344362 0 0 1.8433618413771526 12.211576919049353 0 0 0 0 0 0.9534765371845868 0 0 0 8.808282296308404 1.242641133130796 0 0 0 0 0.5014016101531489 2.1731963062062363 0 8.36212118629716 0 3.9269809388419024 0 0 5.871241653968106 18.292998401019073 4.8378100421686305 0 9.630835570974 0 11.852014698184636 0 0 4.307575555121112 25.09731081768785 0 4.716180601118136 0 0 0 5.111753340727972 0.6184096268939658 0
2.5181995412941207 0.0 10.63654473773613 5.45622805502569 6.691163905196964 1.0750181357717459 3.7851226554548134 11.193961282392277 14.546914431350963 6.266028754357178 11.243665059078833 25.400406225639927 3.095415522804787 7.930095302430843 0 0 0 6.402234064694671 0 0 0 0.2885095694950959 0 0 8.756054091775013 9.921504663304717 0 11.534875715853858 15.881015534703472 0.26373759402557795 0 0 0 0 0 0 0 4.9735808278865115 0 0 0 7.106204275072917 7.11240882820128 0 0 0 0 2.6558034023393855 0 0 0 0 0 7.02784475422451 5.40798425971569 2.0376907458174713 0 0 6.636619664570688 8.64330608060267 7.821356355403271 0 7.4852843118338015 6.107131318188113 2.3529814063448455 0 0 0 0 0 0 0.401274755899518 0 1.8995889160920392 27.482711181427632 5.18906599559161 0 0 0 17.155435963790453 0 0 0 0 0.4971596074046527 0 0 0 15.142337835825295 18.217703124298176 0 0 0 0 0 14.411918517567955 0 0 0 0 0 0 0 0 0 8.932192080756918 0 0 0 0 0 5.916871545361673 0 1.835217436012707 0.9506107585303418 2.1371572740519937 0 0 0 0 13.896420477885933 0 0 6.4417876189924534 0.16956834088265005 4.209105049939119 0 0 0 19.122589882261625 0 2.8096390413029297 0 0 0 3.5592927314205234 0 0
5.124106909008818 10.63654473773613 5.303044300980865 23.944738964890867 17.522952133577903 2.056053398690892 45.57894125438489 42.49482892118786 20.961238688367565 19.257351848424733 14.874832689318609 37.560125113718435 18.059209100936624 4.463511031494686 6.797610263964016 12.355970456090219 14.08900310539805 13.676008707411967 15.32031615302337 18.251327814431 5.123255926181223 13.321213108738547 5.594151565277187 19.78853570101938 3.845579277114215 21.081223169162122 1.1009018854664312 15.654811793255721 2.3145184135476455 11.104936635579843 3.7748976291195007 0 10.527967870450901 0 6.610005513445895 0 7.926358397428221 12.455919432612841 0 17.270687830517208 13.162412945331564 7.965375397509584 15.819319067226708 10.493653437862466 4.500651982598612 6.301021917864114 1.0132339440143339 6.998567678870865 2.1477031811426084 15.398804320825501 8.78265720694742 3.9331786837238756 4.922902243744009 16.40459794094935 9.360439959717858 19.294170849324335 8.58931585644075 20.8602570404975 9.734766133242164 12.042141237746911 2.5995759474546354 10.230411745565661 0 27.413811032954413 24.367115736654377 0 18.564764319611182 0 0.20428938864813517 9.596539331963307 0 0.343972286110402 2.036769059106337 33.320621027557486 22.989343006561086 0 0.8008395917834008 9.88770710900059 0 1.7403665552167986 1.9255200531349477 0 0 0 9.95114290980019 0 0 0 7.248346664405322 7.910566628009217 10.615796978384274 6.482628877141982 2.9478491350505056 0 11.876004073539072 5.8357209425528715 0.8136536604438014 1.4128942824884447 0.1599424656335291 0 0 0 6.114684463458126 1.774806641906423 11.838143274018723 19.901383459210727 2.5752703252926246 8.363160679273914 0 9.688587463615345 0.04869796898419487 14.11203356665252 13.139755776702568 15.57298410697123 0 2.9446993460460718 0 3.623289780694691 0 5.9957141004688275 11.214146009043716 10.103821412784 0.42203940358123937 6.921517630579785 8.121340618245412 11.520487278245877 0 8.057901379418436 0.6519691264599814 27.033584018618512 3.9642815503756417 10.689133932713105 11.65599714978898 0 0 2.7634734237018748 6.047311086402882 6.454940726374179
4.081636132950228 5.45622805502569 23.944738964890867 27.752545792257166 37.788340714598306 5.9272001543370045 56.74705604746171 33.66155801458918 16.292277378622142 12.563634018691918 28.677275147732686 41.454695580455734 12.159868204213168 30.51772486825648 19.090834839895226 24.961658382727613 7.561079031428125 37.05121792853103 8.918401369434498 14.351780567254767 21.443126692433356 25.276077125269097 15.993758213197498 17.203201505900953 5.556071014180677 19.669235807365173 30.974428006248424 25.023132010237518 31.390683259753033 20.835524068471827 4.890681055455758 7.60292013272454 16.157690272321425 3.3603887631194027 17.106882980567633 10.077367378769743 20.294260161523127 10.001057753633518 16.07835727075878 20.43322380650383 20.942792413532025 0.6951139872233085 16.359696129124238 9.922633171262579 18.857906672652575 4.6373229086860235 15.66694361521408 11.64930608764541 15.43030710695292 27.511721990530347 9.070687959175668 12.921481205018765 0.5563065375254617 14.021403143646431 4.503271732405256 21.28599989694771 11.698982205550088 18.493133227637454 28.189939698849088 10.878247796086914 20.259199902388694 33.64549138413229 18.272940798841965 32.351470410201955 6.239033101959929 9.690559279746047 20.6727444469537 0 12.629110978472873 2.750897962581675 22.31243681709089 2.179308528054108 1.3636883044339267 13.66112464101058 34.466030931461056 12.121384263363616 20.192610869812654 13.994855468236857 5.222057403008922 24.207381917036265 4.005069790138904 9.154563744018738 0 1.2113613819120044 15.728259041695996 0 8.344361143214101 7.8954030426485176 25.575446810147632 11.363250992889022 13.902756709863851 25.23109771049944 1.0789452818461278 4.486219038573918 2.45539437509494 7.92187209997212 16.749736359878824 12.134421075868087 0 0 24.4633920721173 28.040992671900824 13.007405234237549 0 11.160864608255721 26.515759687769027 11.13097705888411 0.3444869898507612 0.5791891932370348 16.524519658331787 6.872008248458442 28.39979830846692 9.791673114359327 15.877297080882066 23.414892044427113 6.2897027219418575 7.695431209368923 5.236912512746308 10.24671988864862 17.79742560277477 7.013011181278401 16.87355193578595 16.655258693059714 2.7451358777250547 9.934249112301046 2.976845196323266 0 10.28547743508966 0 33.75328257862394 14.361712650433326 11.480460940715385 0 0 18.562356117225992 1.0907531125841423 0.5733264383858412 2.4413946597701432
10.52624900292447 6.691163905196964 17.522952133577903 37.788340714598306 7.4736137240058795 2.490963653306535 45.25063029823739 12.811963424711816 10.990780023050291 4.175966746514161 4.944010879476625 33.76855295834355 35.446731996466426 5.146422453980382 14.30344748341312 11.851728991429944 11.262700026043834 26.57011565423543 19.251057890263922 20.81079114336722 5.436526641071563 22.708581091717797 16.87234417851755 4.540001510666475 31.33487198009489 3.4537438919890064 24.55337489350804 16.746072747361602 23.15175104227876 14.42157220524377 10.430873042557039 4.921215582407148 6.377718256503945 11.888280794535426 2.0301597720510713 4.31720027913833 11.264886785818845 8.85101574853623 17.156583695103517 13.856731182973292 8.287281115898203 18.138594815758704 21.881222977535764 1.7827139449342333 10.793494568479453 14.36586819014008 9.054751736365148 0.6603287976863541 12.15947059836435 9.995254989617177 10.85386565161783 11.653433432448505 4.127303767555778 0.6645722927050155 30.114679571104404 27.751225944864444 11.768510681151295 3.5681242973160856 24.48419756434061 18.092273675530123 16.311722379579596 21.455946092797163 11.330338936605244 23.2622066827969 1.9936756515615741 19.027773010353783 19.563120998838425 0 0 10.234779268959919 1.043154066573745 20.99657003355682 10.019334810069687 9.960588896146607 35.413226135987415 0 26.70538472613388 12.38940920755017 10.455141091413982 34.81207963127953 10.206774394732438 0 14.021320021098678 7.833839299007941 12.747586133415044 10.889313129892436 0 7.637612442219858 16.29201579886136 5.327310955436424 11.365171447131786 19.086973808125677 2.0834361948866214 4.494967663017979 0 21.54106178154926 0 0 3.179036162532011 9.060048442714066 11.707094394738146 16.72432026238351 11.223758820724864 0 6.3383220833337575 8.302699890572665 5.437484915177757 14.977607780356166 5.797556885796423 15.61537089987241 0 18.83232459662093 24.761784975728368 15.705687242314141 11.26025725501858 22.473949204133227 15.718962088913301 15.266371986198322 2.209044907739072 10.967271659615026 51.907561194378815 9.383211490898912 1.3710128662929542 39.505228816597125 0.8047855285287913 4.898214559568906 3.9379112826097575 9.907132699238225 11.668193159721106 23.144271476204736 17.90294075178987 0 15.980328653749947 7.895802974069756 0 11.01071474685638 10.022931436921802 18.021972373202246
2.7447739268310993 1.0750181357717459 2.056053398690892 5.9272001543370045 2.490963653306535 22.69531699226937 38.40081753963119 38.4658602695435 12.236146496598227 7.713012308560238 14.827648549615525 17.167095140027186 18.157883097613418 2.5712482833358408 5.214984426974993 12.85660666637996 0 16.65966792934449 19.42697952899228 2.1221269944227856 0 17.322962147503063 11.049373406933888 0.9089804922188334 24.52489382649351 0.8358133244361969 5.329105085739823 3.6635535299395237 28.18104284935727 0 15.846082716439781 0 10.803691342886545 14.667751467755465 0 0 0 0 3.5344406286063332 5.839094047190059 5.185068087311276 20.91229249190988 4.25979462838886 0 0.9874191973733915 3.800490139116752 0 7.855395532392695 5.928899998267113 6.891735830964386 2.4150360716824846 6.5890050924181764 8.327357295405232 21.748995799680188 3.5665089532896026 0 0 1.3589510563469442 19.983169832017158 6.4287154282003875 20.711158601042793 6.540076018428135 11.235817325056168 6.103966847681772 16.809039245762207 14.919648537689994 0 0 0.9686157338043238 0 14.139849675206143 0 0 24.033220399083646 9.069086749165859 11.93062468807738 17.894269800868315 4.582941225139923 3.377638775436747 12.849247831313615 0 0.34458444774913133 2.3845152179233455 1.0576551081581425 15.945593132008181 0 0 3.8716313129838973 5.486310684039847 8.31968180373941 0 4.392956935242001 3.80516984990372 1.3032944014629493 5.303783267677446 18.105435335913548 6.3382714704179755 0 0 5.569573171549155 11.52762247944019 2.7477643363470996 3.5529908873767297 0 0 6.589660998316109 2.9824059265864875 2.073464894216757 0 0 3.331243642946127 20.894788057859945 1.5628434008657592 15.399834330045898 6.4249607590008 2.2258066787460393 10.215729677479203 0.08361437560488838 0 0 2.0228651549515444 11.684286702642428 2.777653631914479 43.64772819850552 2.7375866640073703 19.59963557173249 0 0 8.022540921193386 38.98320760407973 4.200167564426501 12.781997206274056 0.019547495031790874 0 5.167793765385085 9.702229210993536 0 9.483388701405392
21.15675512774916 3.7851226554548134 45.57894125438489 56.74705604746171 45.25063029823739 38.40081753963119 21.16942682565724 22.567844895246896 16.834071960498157 54.26000273194136 34.4947416418059 22.999408367486105 27.192512729895448 11.551444950411192 31.08120653872963 9.448718576881525 21.22918732663447 49.931380898528836 37.025704848024546 9.363955684488165 5.987900947051401 26.562539679438252 35.15018008964765 33.954422270688255 56.59283132795777 39.08744802808033 6.914235027510896 4.363031807722706 39.71836552447211 3.5224378027196153 0 21.14561955455169 34.54535668521389 31.13900922317108 39.27199092517946 32.75221142080795 24.067062573025815 24.618993922384945 34.960611339101135 22.366621292575672 6.6527218060180395 24.820192773406568 14.262850520093842 19.59731507967831 23.71705704592305 5.015348059319219 21.040121358890435 14.4571773400525 25.890466835007608 3.6087934064892053 15.141576203939454 31.496117953440816 36.042607259039634 40.419602761698364 34.057859704978135 19.514478063367278 28.470963253685177 12.779821435840027 21.89037128198885 33.13119080388246 43.499061064006085 42.30809288632349 13.024795686675922 29.178401852767195 60.74924324670481 5.901241257966348 31.662914841902733 6.571138308336238 29.339050190626445 19.527394182617755 16.905380462217643 43.37935259572564 11.429210344546064 40.400351283493194 43.077516128026375 20.247883318565897 9.228764942563668 8.423000169207846 27.588155568698063 31.55537490557588 33.52583641812948 25.021849610389154 12.519186272652249 23.81935101994293 2.784580023113154 2.52933047435393 33.263093945343016 18.444873619248746 36.12806935610098 7.9268033497585435 40.14001909419114 12.759248695105708 18.64223015579769 5.252052531802999 35.569398576078555 28.401808383551852 35.7917882202663 24.239733247336552 5.1105470003285305 3.091651212979979 21.513285726817948 37.28290929208109 13.126067420169779 9.375273382238351 37.96863525323924 42.686301963614746 22.14968130329303 27.759348152485146 21.691763469191027 32.621252533340694 4.526572901158218 45.10681686162048 24.010709194189474 19.974564587552752 34.974461914358145 8.342678601832358 4.739559633979507 13.103125267603989 12.67376914801141 21.041076716821586 47.590394582999494 9.086516983170107 33.88089336807637 43.52669050902211 14.515161245730425 25.530331848096118 15.770237918922831 4.402750357207662 4.766270060488196 21.083665679360948 25.670770771509503 10.73723905271089 17.96400389731644 1.6494858185575065 12.085594108136362 40.262982847136946 22.516729933287344 3.6733453105423397
7.919960471660758 11.193961282392277 42.49482892118786 33.66155801458918 12.811963424711816 38.4658602695435 22.567844895246896 48.798240288899606 20.641887398434307 35.92019590736384 38.09776809614573 30.439871235539165 49.569429414879444 15.05564245477236 4.6711884762862415 20.057644281277398 18.80800284879891 51.50022090152059 15.051333596690004 9.484410798650021 25.79981425033698 22.267598066187027 20.581313803074387 5.439319491415228 23.721362088681666 30.638644141373746 37.30320752428783 17.96261244722568 29.89897568683233 27.77040159091299 37.33152255809102 3.9086048325838103 28.187052779624985 21.38662489505446 13.297704007962981 17.304044144309493 3.441858353295114 38.24990308442162 35.243120202313264 24.41944887704041 34.826197534505354 16.916499446218044 22.399514740448936 7.358946517808654 7.554016041647344 9.604816631530056 16.75577052929844 20.266796219962167 27.67867796119036 33.29647428401973 36.04628861813846 5.7592621544250235 11.034387986165278 30.62845022783604 23.174224676836168 32.96761062940551 15.530913669220777 23.57243512175624 0.8352367530458604 30.299733862513506 28.531305419244433 47.59858047883741 16.09847289328533 20.749439565841087 23.36664823316211 33.81135394394785 42.360351705901124 14.20777230787479 2.8012858845193627 7.476357546507877 14.54801448728455 14.031620319796765 18.239850952889768 26.404322225766293 27.31171081423318 32.435072503586795 0.7598419431736012 12.518092752000975 14.965103212609854 20.214069567459312 27.806376849884742 0.23408397151816285 20.913168164781986 20.666729809614644 30.75835724852169 21.508341784463102 3.332385625615334 0.27814631420429947 44.01713012200176 12.049057831442198 7.1518259818569625 26.448006609901427 20.989504187162126 21.802039079259036 0 35.54262214911851 34.35873413168687 24.435615320858826 14.755592252731688 8.723399767570033 26.316903848977013 3.824854295160378 10.822043192345006 2.909179064555282 3.583850631042832 24.46396647649533 3.9788877459063396 23.4257568383885 7.317317680083196 11.589288792237923 11.128923311112949 26.832080473426267 20.732642150912238 7.654819820822208 40.726944048556575 8.445310991959541 18.498211286906752 7.307276650391877 17.737177925433283 23.795726859238357 24.891528709391622 13.283444065403984 10.449236560301358 31.518857415664094 7.54928896683947 6.170162709789182 19.75709834260822 21.61775128894221 17.40125425523713 47.35724964887828 32.607153690025015 9.333259029064571 25.001821335541194 1.6677189148875904 1.8991840466557512 15.010734624878804 31.38727798488999 17.341521188097254
10.476603510323311 14.546914431350963 20.961238688367565 16.292277378622142 10.990780023050291 12.236146496598227 16.834071960498157 20.641887398434307 39.92679318427027 5.677867536455366 17.362784347705905 38.10683759967932 55.36012169240722 21.17358808994225 9.907173350188643 16.395834582898132 7.194284055814908 3.3054710247198944 37.281323408834716 22.285112375173906 28.097302122275067 7.066077557893674 12.198139311611499 23.954861584158024 12.67200107501894 37.57376177692851 31.30710230655363 4.9211813102430035 9.06765646607689 10.460430158477756 30.693775953444174 20.478899967236394 20.146363214213228 35.946894408457894 9.603686147354146 15.620916377385718 30.470414448637854 30.90775211048866 13.068385043960248 9.33532914157621 20.60521935517558 24.860691544147123 22.325571654126215 21.29558334092724 4.283370945769448 1.880677605611309 16.397956953847224 9.473207599663397 2.3352752164363473 6.021256655665688 9.832621400840878 24.61474995819931 30.538367965540772 18.122907222524383 35.94746921718293 37.19916330863444 9.455036765247852 17.276843315505495 29.421228599587323 11.456120984854842 18.87054676939246 13.459581096981587 10.116185518982125 41.87384243068631 51.36857289279307 10.951967108050745 35.15548541812028 6.999605186599162 12.852805830853931 21.480715724558117 12.413353981843496 32.743124819380284 9.170809584901974 26.381515342282185 40.23724390201658 10.606905829674993 27.06978112777022 8.5923114223923 5.7968316286266415 23.28676143766218 10.947320900234399 0.8811459451129089 11.952572093674426 23.129379061156257 21.12565092443957 21.786397802135326 23.855980494647376 19.836554511343593 25.69176351200587 44.20530041204263 27.015080000667453 33.85704791588692 8.247863678421577 20.200862022753142 11.16425753088102 43.154706942911936 0.18564482114194547 16.63064192900455 2.7321503168408263 7.341442559881138 21.466770262001425 29.53108810492556 28.841974748558428 0.5470022298796584 16.648795912748362 29.133062580032032 18.591797788651732 11.526083882574707 9.99081466109633 24.98374180033735 6.059994050349207 2.3867238421999417 32.17898798228008 17.917344732193087 39.98267357041045 33.57449687951939 17.33856287187248 9.01478910104066 19.546356428747558 17.66107322514624 21.05062167225048 26.73231132870484 6.796598810553533 52.92584059427716 33.20141463439809 35.133212875631294 21.444153774846413 21.958586783904508 19.806435570412265 44.78498288818304 15.094589656691902 29.878909132464962 20.3553277342666 10.007555847346076 9.054109790075294 4.080362260252315 5.716521299276515 15.988362789901938
8.97169168111578 6.266028754357178 19.257351848424733 12.563634018691918 4.175966746514161 7.713012308560238 54.26000273194136 35.92019590736384 5.677867536455366 12.23435845673212 28.25555247730565 56.24466760711141 19.010920634469283 25.96402373157629 13.404476871698744 20.519103759787818 21.28707838658609 41.960656826922815 33.507272482000715 21.093978088147495 7.859229932877183 23.405055440958982 23.591362403012646 4.629452750884592 33.52182446347963 22.32811108539752 11.54574556705365 4.417326490215551 4.2002446563040685 4.802523464582833 22.699109783030302 9.605985313489498 2.231355499392805 5.878159096271833 0.2479321017599574 2.684028762645955 3.910350712814875 16.441742760735607 13.685329426485627 16.43098230478426 3.2534449298914936 0 25.75766601516507 6.402305138745977 16.32007956160464 20.422336590423505 6.942282188793056 0 29.173185948332424 23.970882418581745 5.108410636458611 12.725254481472462 13.028264081303494 34.67689024118196 23.621603343224017 5.137199881090353 12.194467048849337 6.481575945167588 14.091286129158064 34.1675382774331 31.38671326171162 28.159175881242696 17.853016282631927 12.30618833605952 11.71360468641987 0.22557704364197662 1.8463147919744802 12.333327214408147 0 7.0850411542227825 9.410486385011875 29.548032231626337 0 37.94011687352732 29.377849676293224 16.967468937868986 7.548159194847528 14.269832511021711 22.94466876343894 4.083602137121957 8.414105028948526 14.960709519639593 19.699502192928307 23.34442615541841 14.063867032448627 2.0118992133436002 9.902188419145222 21.068320109322727 31.891707156656835 9.434227054010744 12.547554853064259 34.51180922800657 14.398907891771643 0 16.333186076437066 25.099417812104953 13.467002239970686 2.9749756741150506 13.15716657299582 9.199273146442746 20.998262789362425 8.148724019381426 1.4364008807173718 16.334013968849987 9.448818253779205 9.142144737729616 26.155030707944213 20.719536426050155 0.39265522498838656 2.148352157000442 4.648667418222683 13.105791898891436 23.588887053185257 1.382481537586706 29.729687711603816 30.244268895767874 1.9999110273417955 12.53428241285529 1.2790156554493937 31.93114506512927 22.352983140997935 1.4478840238990713 4.973386784501102 20.60760722474933 4.372167151845467 4.068451470756596 17.362509905447304 21.422666833106824 2.7705281996190827 38.93545822713529 20.829438487341925 17.67743182479093 10.000293773647044 16.40950816781222 6.733823230229154 0 18.412250540048035 20.242513085370803
10.040072791431149 11.243665059078833 14.874832689318609 28.677275147732686 4.944010879476625 14.827648549615525 34.4947416418059 38.09776809614573 17.362784347705905 28.25555247730565 14.370573197563889 14.444111888661265 26.12387195191277 21.491801366603518 3.790029444915419 0 4.781360526370756 6.6181612560306995 0.35273645487042415 8.976112777265964 18.548965016679322 11.068442025451468 25.01203024285678 12.166257031685 29.358641215478023 10.936229912856216 21.540759534770835 16.36066842659912 31.009430399863206 5.684037809604952 12.584182409092126 0 4.195818465710527 2.351538275790931 16.781029017675394 7.597414232201881 21.19688394948139 19.65349803455164 18.008014386782182 0 0.8657217771970487 3.474599018875935 25.62854900892345 0 0 8.410538410992036 9.145065769658958 16.471692168837528 6.504920047694192 25.348583041687725 21.678427064998843 18.139459352503412 19.148863390083015 19.869547576137297 2.237988933306891 21.073694188945638 8.408182155378471 26.362472092696812 7.571327418433638 29.729419841649495 22.187763715710844 36.75213754537444 1.6212160560477997 18.040672689409142 42.75282037999513 10.641281749268401 17.437874588736985 0 12.081608961682662 0 1.6753607917279076 22.5237823449217 0 25.431650460553982 36.77992078652912 16.29041661746148 32.44116495603659 13.72813896448407 19.83673200951057 21.93272878024338 2.0794304494880667 9.183432965490844 6.562349623768796 10.552669303262363 9.839520983063597 10.626393164499557 0 11.216684795674492 20.404196957054047 18.976217060671686 13.925579045024016 20.152642224243618 16.013622915278773 14.543726639228822 15.044212515185212 0 14.640324415634609 0.8880778849303042 3.69587143511197 10.08979818912131 4.2234828034587935 2.4633616356676846 5.91891237980229 4.451141983506396 18.29617218940221 20.546471303197556 20.246380453981796 4.539647930484755 19.958673394131743 12.30431537403868 5.085223934384301 19.518166218979918 8.475036991860923 3.394353675063291 19.72367699445587 18.074404246608637 16.089041169178664 17.226224238175398 12.380412362479674 2.775257232842849 21.450843321136183 3.736893962631573 9.185258747988126 44.84926732734574 12.99722156582876 0 1.1446601697200158 0 11.534076763678854 5.8921151249407195 3.9770650129916305 4.538377691688073 1.579642545374 3.6214873872700473 2.2658515851145786 15.839150271488275 1.570558810016358 15.36665437669766
25.32444923155674 25.400406225639927 37.560125113718435 41.454695580455734 33.76855295834355 17.167095140027186 22.999408367486105 30.439871235539165 38.10683759967932 56.24466760711141 14.444111888661265 67.61311896379948 60.954923645144305 4.104057474738925 8.09794555624346 25.859109962576255 30.7387547753628 6.521783526417387 29.09159218612033 44.41738371196369 22.001429883789662 1.155337355755277 45.880865439017995 20.111094451380517 37.00468013765597 23.264442687875178 7.30965477561444 39.60286362821945 45.94385797524032 23.096512381583977 27.302374763428105 14.75735639783128 31.174317104207418 19.025735893809536 36.3180694175938 24.918995186990472 1.3828133756095795 15.327612656968164 39.83059236464769 3.4567679423587396 27.002015925285605 30.82943801593538 39.1165333200823 15.214793992274345 15.267157660652927 26.55252124748681 4.432933590001678 0 16.08631964237778 3.256442465675013 11.348449334048198 14.515076335470496 38.41184671543486 47.27426108798588 51.60981400119999 10.083935484171626 17.433224960927863 42.946516625127735 34.659313442687505 16.278356134260772 10.014427147564778 50.22435221113881 8.06406398633182 9.202185977600855 50.819802100295334 21.9639611325194 18.04183665795688 12.13677072905191 25.509072754282002 14.262905486910014 1.4964111946982896 30.216351187028145 2.179276743905824 53.11697940699551 24.137382676416088 5.555719116463912 0.7931185730316983 23.596553415587955 6.9982726433538005 7.871586524831066 4.976804054160574 14.723921992134663 20.438637285688436 2.734363858907045 14.388980686606693 16.37020593088051 9.946890172033868 25.436592069270667 42.21662762049973 10.785368666770612 41.300718639501554 12.616800348554158 38.667316028477984 13.771273386471027 36.530474014729705 43.57168402879612 37.34383759677751 16.959289121225982 22.672549113919263 13.524408751897624 5.593359322227165 11.288533949923 11.20656383111129 6.908180139744273 14.378225651543424 51.94206289896441 9.070842349390077 31.083191428785703 9.736393657613814 6.165424685955639 22.31522166004624 43.28658167465747 31.01678535290805 30.843996615823016 4.7451118018952165 38.86781985742226 5.386968825927603 7.640264029988764 25.628554584621803 33.367624368342796 62.81562417361397 11.304192967951415 39.78617905432432 35.763654062518434 21.97330077406881 18.624087393037343 10.671471582940821 1.5700492305547122 35.12368497675077 14.9736352668004 0.9029321927134504 13.003454718278913 25.935230704153383 22.578736942345643 8.829838750255973 3.7864447614967354 23.029655622590056 23.80079824893562
8.834732370646904 3.095415522804787 18.059209100936624 12.159868204213168 35.446731996466426 18.157883097613418 27.192512729895448 49.569429414879444 55.36012169240722 19.010920634469283 26.12387195191277 60.954923645144305 8.10083933602501 0.8887459611899651 20.923858264243854 2.268954288505814 5.8139493384983645 11.0125919834189 41.505696627725996 39.63253606349029 18.285667856072003 2.6538186240546384 21.366430569493886 8.69116751463136 42.154660585989234 14.621907372402816 8.303667338082212 1.239452648206763 14.245104734820927 0.1131346716448931 21.00464943892593 1.0932721719633172 27.996532316669672 7.3215513265948715 19.778759876639278 13.952870383011167 12.153291151012883 7.643465769044774 29.040198835295186 34.134377851702176 24.773144191093724 29.247728124230562 30.36453156769695 21.34949153608526 27.197761424356365 20.892107979417172 7.512078337148317 26.349346307270906 21.57588507739432 33.744820829328596 22.69515932559535 11.393948331251458 16.107401606625515 7.282292390974931 4.243748000646818 25.72252419439498 5.764187939538989 41.330897040186954 29.864415778171647 27.88947639276312 12.817736830942703 28.84494182234583 8.798336731982062 32.9858152112885 28.44072394245697 32.49232267636428 15.607157793349295 6.424626471916497 0.9745755560277658 32.45032630962408 7.010309837080712 39.99709918515766 26.204675900583155 35.33023305394704 4.843467556052946 41.59925223039231 14.664040603394106 22.69289546294273 23.411580820300756 10.405635521901466 8.148789817764236 1.7785740036704638 3.2564415109073614 6.236807467980807 17.046506535277175 24.211311711788625 12.713173391870658 9.792246112410677 33.88512545273904 38.74343677383325 29.161554753238434 2.642221619174574 1.299968964256216 4.0222805503735835 21.200120111458013 41.990904778673865 30.853927089936235 15.239382664422688 19.178370988269595 5.694338169919732 0.2643416222936281 9.375169377186428 11.913397323102899 24.220965602498485 22.607249324901 6.721167856863836 30.939956439318166 16.895442271740986 33.40790695845628 30.53751441429535 0.937277912496377 21.01287129219805 24.697141374416624 1.9117716987489004 33.77956607212591 21.111499127793987 26.199448512236827 17.696331934710535 3.1519708873411396 29.099291566014784 14.904285059010185 30.771943014613065 5.341641225899892 13.998064321815736 34.33434430092426 12.778295487638811 28.21960703855237 33.68107995973006 7.733940595716501 35.62391831487565 14.80254834506443 33.820892724963514 15.319937401504543 22.41165256996857 29.994557524788632 22.603865653796667 30.83317425478314 1.8892831264064203
12.616841274862214 7.930095302430843 4.463511031494686 30.51772486825648 5.146422453980382 2.5712482833358408 11.551444950411192 15.05564245477236 21.17358808994225 25.96402373157629 21.491801366603518 4.104057474738925 0.8887459611899651 25.798197620994056 1.9132821699781974 4.529782823226942 14.836409321897332 4.102078199741097 1.738820810779167 14.005662908281053 1.5390395558960357 4.621285318546183 5.698028505576421 11.336157213794223 16.459448454067772 12.74985353778019 18.2036626285774 9.852560391193219 33.77387013283284 11.63048464572448 8.47882653622569 0 5.336346889085512 15.781089797261608 4.91443894525478 0 6.785821162735674 2.25607971025784 5.125268595020081 5.169993080680623 11.23213322707544 12.442236294190256 10.987655891269185 10.253640169350078 11.164762329822706 8.735006503803913 7.387569010520195 2.360905758298518 17.42813456972593 4.6902539372586745 0 5.3556642664551966 1.8923935746649168 0 0 15.514547278687193 0.604310356840756 16.774572205901848 19.475084662199905 0 10.748062848259917 10.651059347208633 7.943755439807724 15.375686045085672 17.90427752316625 6.226067446153031 4.952248548697984 1.416080664461397 0 11.29333526563751 9.20481416017175 0 8.410890620184688 22.73911264558572 36.93324630685343 25.804527661098717 18.74129170431495 7.1641668208240965 0 3.155994766707014 1.093446853180362 0 8.838632014387567 8.130495835681774 8.486249935465153 0 5.527826811257597 0 11.416976330727653 5.571495778594798 1.166193559351112 25.993310100014003 0 0 13.00634550844369 8.16106587692046 0 0 2.493501465761387 9.720145400859487 6.206317854064304 0 0 7.537317360780577 7.972155482560634 22.206583354077225 2.0095111209407808 8.235096921099629 8.716218826902523 7.612379514083251 0 18.895961181901406 14.189336457973905 8.976464809318163 0 7.818588572439893 5.639973903262206 8.702094209153053 5.544126931014695 9.682399610723987 29.365763229801615 16.56309992089031 0 6.243080592449072 0 6.777388527235438 0 3.2005812954736257 5.413905429619739 20.097266437338504 10.506563824337576 0 1.5561611901354055 7.709415035975933 0 0 16.19524951154838 0
0 0 6.797610263964016 19.090834839895226 14.30344748341312 5.214984426974993 31.08120653872963 4.6711884762862415 9.907173350188643 13.404476871698744 3.790029444915419 8.09794555624346 20.923858264243854 1.9132821699781974 0.0 4.958703034751785 1.4272495519310153 17.405548471357708 1.1219969337403697 0.3025359017679512 7.5224589551575765 4.516289563553531 1.7814258997743329 5.441920061559569 0.1102552408363362 8.940875280235337 5.797948937063731 5.105501693134585 1.472909466130492 1.0895762900514665 1.7538346071542001 0 1.4598137594686715 0 1.8641705426014772 0 0 0 9.941916270625562 0 0 8.561776955653086 8.940533595671052 3.9557649969029107 3.905813979194888 1.0360369663565017 0 1.3966707605090534 0 7.677746424371154 0 0.28783486023653637 0 1.6969846689608126 2.1644543271230425 4.516259014655679 0.3673573566703703 9.802234371246985 0 6.5807989651373475 9.563601293209924 20.075017731159036 16.501873399822625 27.671150459896943 14.336006645523717 6.4408854052101105 3.5464574205860604 0 0 1.9277933278424548 2.041826094984186 4.263289045350998 0 15.851428378054845 6.303672453466419 3.9145578001458308 4.10687977973862 0 4.571839883346261 6.0826501850937404 0 0 0 3.060038988875629 1.183178510955134 0 0 0 3.457583045289997 7.660739093945455 9.529055361268936 7.592917500438384 0 0 0.5632074679985859 2.4615974767771664 0 0 0 0 0 1.368378907983809 0 0 0 0.5012533684313869 3.3001409343418118 0 0 0 0 9.866042921526075 0.027842884911230215 2.5054399791301156 5.511723503676514 3.57979450772806 0 0 0 0 20.263380691460853 5.2947118463045015 0 2.848594408870376 0 7.515805410557586 0 1.381460701764695 0 21.119443910232604 0.8158460812894077 6.506908303964712 1.8507884626256583 0 2.3122264763758196 0 0 1.9334297513866412
2.3109392697115467 0 12.355970456090219 24.961658382727613 11.851728991429944 12.85660666637996 9.448718576881525 20.057644281277398 16.395834582898132 20.519103759787818 0 25.859109962576255 2.268954288505814 4.529782823226942 4.958703034751785 16.353888463284967 10.975700383252143 6.397724363221679 4.0285779033722395 14.173840165251633 7.052402427857988 10.210641292067141 7.494256050481335 13.165397088534561 27.415379281486224 19.38292270871978 3.4499287954678657 18.955271271720857 25.982071933262937 8.734141035157839 5.139737540091735 7.123734797334144 9.163919312360086 8.28290261487293 4.270397923174533 11.648993791586534 9.43870397704079 13.91655910214256 10.263032168874428 0.9777068579614401 8.424002805018587 1.9473173739792413 4.55431955642165 3.6408607185172874 11.230357635535384 10.291883413217228 6.669330941102185 9.605020928634461 20.83585932615187 11.449647099274252 15.983854332176627 5.056989958347202 10.214236069827757 6.240441803637761 17.93378775497809 4.4817012056429935 5.91756828565417 3.434847155667093 1.5469665939411499 18.439176764055407 10.308355263309803 1.5862535258676012 24.80287040683188 2.6232236779985385 26.469139484743643 15.23815868343214 2.952285768636237 0 0 8.592122437986859 10.082232988403213 2.61684498861408 0 18.615915060505273 28.49463288335145 11.83903514531099 16.31476713203795 13.317303358011095 11.824209197955618 19.637424211088735 0 0 5.534722218937651 3.8665582172128197 1.294300806707808 6.9046704283920945 3.7444981891524716 8.579727202535935 11.04606917944296 9.454157179694896 6.340667041385315 13.96270928921427 0 1.1117435656868508 9.21920768409823 25.003340981292148 0 0 2.928495522264633 4.727617312007821 1.428310877031084 5.154094537574412 7.106683024085537 8.264733706231238 5.486689706165848 24.323114798444614 15.371541956897097 8.974870423652762 8.751199732134719 0 0 12.328866369725958 14.647151519904916 10.028756608679323 17.639598611378524 0.46498237799881004 12.970616093151587 7.486365259498459 1.7262560638068987 7.057933020512504 38.648272040957394 18.01858611775184 0.46007585208154644 21.25550489529443 10.787381044971408 0 5.724869475769424 2.2683278455605986 11.172622460532782 31.05336752047299 11.307978142299639 15.181016854369421 1.5473906412722407 0.7009519555416421 5.829204420853857 13.782372164496376 6.087307811217732 0.039229078362007286
