0.029470330545599364 0.09179609717244126 0.020749726842916805 0.02855129736850167 0.07064812261944878 0.00968048279876237 0.12420733388475325 0.08200839383635082 0.004513474047524227 0.00741864003512749 0.13328533937852935 0.023838699465939608 0.0030123865249313277 0.024420753811434815 0.019238427840578377 0.15874255838413545 0.018222385605898152 0.04082039028275587 0.09740219955273718 0.011972960001633837
0.3993904222106579 0.07920224082577931 0.15637444846076676 0.06396748841888211 0.34512867283137183 1.044956610834916 0.22676034000186007 0.40072495140363884 0.0 0.9031025254306968 0.15093543644940155 0.5885750329918977 0.6835713474012479 0.34864028083909204 0.6731433457408542 0.15500126100263856 0.026895194087970253 0.16978777262066558 0.2326050860735478 0.4716605507774574
0.07920224082577931 0.027870609411507985 0.0 0.0 0.13493008256450167 0.784612893539169 0.08450206422572393 0.20673248646893683 0.0 0.7406841581339307 0.0 0.27546886728059405 0.6396832235321526 0.2352906860371462 0.3537419784409366 0.0 0.0 0.0 0.12380710746758439 0.23399996466525153
0.15637444846076676 0.0 0.06577101993104861 0.0 0.10581211048862116 0.8547931597025169 0.0 0.15062370408708148 0.0 0.7792139095087549 0.0 0.39448993212452876 0.44279274370077104 0.10786167713861516 0.448759243009917 0.0 0.0 0.0 0.0 0.33436691172980915
0.06396748841888211 0.0 0.0 0.04428949263918014 0.1022607088473606 0.7131994109603639 0.0 0.15733080728469417 0.0 0.6452044993536674 0.0 0.26106829892950145 0.3876664605027216 0.0527353939405657 0.4893945447078778 0.0 0.0 0.0 0.0 0.2111408929300964
0.34512867283137183 0.13493008256450167 0.10581211048862116 0.1022607088473606 0.4470805605753654 1.0105025329535167 0.2582388356393892 0.427042642413177 0.0 0.9254860857362672 0.21500168176905277 0.5388450185652331 0.765193243769815 0.44308197287502793 0.6288580113365541 0.1966397468545793 0.07165121169385458 0.1726932802605532 0.3197510358841882 0.5126782189247336
1.044956610834916 0.784612893539169 0.8547931597025169 0.7131994109603639 1.0105025329535167 1.9242135424354743 0.8734129461118272 1.046291140027897 0.8986018002222238 1.6034653496639422 0.8001673589908833 1.2897757065386486 1.297137073354044 1.1444199963125428 1.2285827979856307 0.7972992051798613 0.8350555468757435 0.9109709782817177 0.9336636126682194 1.1411980655300624
0.22676034000186007 0.08450206422572393 0.0 0.0 0.2582388356393892 0.8734129461118272 0.21352915800270722 0.34847969243610777 0.0 0.8237140684383633 0.014692655397574583 0.42557724717762824 0.6850559409074677 0.32864142926199236 0.4921104767269924 0.07774607538389233 0.0 0.06538284343756828 0.20727875612288926 0.3492203094830799
0.40072495140363884 0.20673248646893683 0.15062370408708148 0.15733080728469417 0.427042642413177 1.046291140027897 0.34847969243610777 0.558094000124413 0.0 1.0058578227572852 0.2737851109963856 0.6003760426352116 0.7731954702920163 0.43709505429762174 0.744050306255069 0.24170003907160265 0.14114878942520193 0.25379425450832116 0.33973418274010925 0.5274826010118332
0.0 0.0 0.0 0.0 0.0 0.8986018002222238 0.0 0.0 0.2224136210407579 0.9244294736494822 0.0 0.19975528099180906 0.3036931375872527 0.0 0.1786960118710681 0.0 0.0 0.0 0.0 0.1135706598501045
0.9031025254306968 0.7406841581339307 0.7792139095087549 0.6452044993536674 0.9254860857362672 1.6034653496639422 0.8237140684383633 1.0058578227572852 0.9244294736494822 1.8604506104611147 0.7301059369570169 1.0877554012593151 1.2937753173667446 0.9927194090852396 1.1668790339859072 0.7146871077575554 0.7764914262141929 0.840489991673735 0.8314420892613299 1.1364872220354485
0.15093543644940155 0.0 0.0 0.0 0.21500168176905277 0.8001673589908833 0.014692655397574583 0.2737851109963856 0.0 0.7301059369570169 0.06055344415036501 0.3480362469600209 0.5165862773686243 0.1816552108064684 0.4986882312856977 0.0 0.0 0.0 0.049007483007073915 0.29604233053344586
0.5885750329918977 0.27546886728059405 0.39448993212452876 0.26106829892950145 0.5388450185652331 1.2897757065386486 0.42557724717762824 0.6003760426352116 0.19975528099180906 1.0877554012593151 0.3480362469600209 0.845444573907443 0.8161159521850934 0.515987742292495 0.8212599043239663 0.3568894426903739 0.223161820542785 0.3589723834019054 0.4296083048106567 0.6582948808377438
0.6835713474012479 0.6396832235321526 0.44279274370077104 0.3876664605027216 0.765193243769815 1.297137073354044 0.6850559409074677 0.7731954702920163 0.3036931375872527 1.2937753173667446 0.5165862773686243 0.8161159521850934 1.5565023813559478 0.8841974092999365 0.8604714385513361 0.579639697354942 0.5976679567378724 0.620840513611931 0.7476665546215102 0.8539776149362339
0.34864028083909204 0.2352906860371462 0.10786167713861516 0.0527353939405657 0.44308197287502793 1.1444199963125428 0.32864142926199236 0.43709505429762174 0.0 0.9927194090852396 0.1816552108064684 0.515987742292495 0.8841974092999365 0.6018245772205404 0.5942608534528375 0.2313540887186889 0.2857333393737207 0.2851207038444983 0.37245270498327443 0.5537104498600058
0.6731433457408542 0.3537419784409366 0.448759243009917 0.4893945447078778 0.6288580113365541 1.2285827979856307 0.4921104767269924 0.744050306255069 0.1786960118710681 1.1668790339859072 0.4986882312856977 0.8212599043239663 0.8604714385513361 0.5942608534528375 1.0828679474661413 0.4430778507464055 0.3014349317031275 0.4435406961508619 0.5078814159709992 0.7540711671743736
0.15500126100263856 0.0 0.0 0.0 0.1966397468545793 0.7972992051798613 0.07774607538389233 0.24170003907160265 0.0 0.7146871077575554 0.0 0.3568894426903739 0.579639697354942 0.2313540887186889 0.4430778507464055 0.008809136563989739 0.0 0.0 0.11206090299339166 0.29747110169015656
0.026895194087970253 0.0 0.0 0.0 0.07165121169385458 0.8350555468757435 0.0 0.14114878942520193 0.0 0.7764914262141929 0.0 0.223161820542785 0.5976679567378724 0.2857333393737207 0.3014349317031275 0.0 0.05480301569507873 0.0 0.034132010122149836 0.18169291792744247
0.16978777262066558 0.0 0.0 0.0 0.1726932802605532 0.9109709782817177 0.06538284343756828 0.25379425450832116 0.0 0.840489991673735 0.0 0.3589723834019054 0.620840513611931 0.2851207038444983 0.4435406961508619 0.0 0.0 0.15103905516640026 0.1019227741015385 0.29365258360564184
0.2326050860735478 0.12380710746758439 0.0 0.0 0.3197510358841882 0.9336636126682194 0.20727875612288926 0.33973418274010925 0.0 0.8314420892613299 0.049007483007073915 0.4296083048106567 0.7476665546215102 0.37245270498327443 0.5078814159709992 0.11206090299339166 0.034132010122149836 0.1019227741015385 0.27794654499764704 0.40883491906558334
0.4716605507774574 0.23399996466525153 0.33436691172980915 0.2111408929300964 0.5126782189247336 1.1411980655300624 0.3492203094830799 0.5274826010118332 0.1135706598501045 1.1364872220354485 0.29604233053344586 0.6582948808377438 0.8539776149362339 0.5537104498600058 0.7540711671743736 0.29747110169015656 0.18169291792744247 0.29365258360564184 0.40883491906558334 0.7236793552239149
